,mul_name,untrained_acc,net,dataset,concat,classify,single-sided,zero-error,mue_ED0,var_ED0,mue_ED,NMED,var_ED,mue_RED,var_RED,mue_ARED,var_ARED,RMS_ED,RMS_RED,ER,WCE,WCRE
0,ReFAM_new_sta1_j1_k6,0.5041000247001648,resnet18,mnist,resnet18mnist,2,NO,NO,0.09315992223609382,0.014908842559804347,0.06317428148052988,0.06309980806142035,0.017731068684507086,0.0031112966084698816,0.0004512706693380018,0.0031112966084698816,0.0004512706693380018,0.09949606325889786,0.012244495799072032,0.3748444782921222,0.13798219584569732,0.060252714285714284
1,ReFAM_sta2_j7_k2_const1,0.1000000014901161,vgg16,cifar,vgg16cifar,2,NO,YES,0.49916386239990734,0.9118283952818893,0.8144480733060582,0.814299424184261,0.47011264663284386,1.0,1.0,1.0,1.0,0.7500122116716056,1.0,0.9163552838691155,0.6646884272997032,1.0
2,ReFAM_new1_sta4_j1_k2,0.1000000014901161,resnet18,cifar,resnet18cifar,2,NO,YES,1.0,1.0,1.0,1.0,1.0,1.0,1.0,1.0,1.0,1.0,1.0,1.0,1.0,1.0
3,mul8_336,0.1290999948978424,vgg16,cifar,vgg16cifar,2,NO,NO,0.33747452383771237,1.0,1.0,1.0,1.0,0.057151555557964605,0.0334941168000871,0.057151555557964605,0.0334941168000871,1.0,0.11339146557747083,0.9860025372183047,0.9376854599406528,1.0
4,ReFAM_new2_sta1_j4_k1,0.8276000022888184,resnet18,mnist,resnet18mnist,2,NO,NO,0.03119774139999421,0.0035124703844292156,0.03320865672046243,0.033109404990403074,0.0036036435833451145,0.0033705713258423715,0.002588221659938578,0.0033705713258423715,0.002588221659938578,0.046571914236999225,0.028790688092295014,0.3261252033745411,0.03560830860534125,0.2857142857142857
5,ReFAM_new1_sta4_j6_k2,0.101000003516674,vgg16,mnist,vgg16mnist,2,NO,YES,1.0,1.0,1.0,1.0,1.0,1.0,1.0,1.0,1.0,1.0,1.0,1.0,1.0,1.0
6,ReFAM_new_sta3_j2_k3,0.9175999760627748,resnet18,cifar,resnet18cifar,0,NO,NO,0.0028164627652772552,0.00043417013986192136,0.009166972948877649,0.009117082533589253,0.00047061709627710564,0.0007651766049285684,0.00012115827309074755,0.0007651766049285684,0.00012115827309074755,0.015841945430041124,0.006243170133104029,0.21078765763435955,0.01483679525222552,0.063492
7,mul8_188,0.1134999990463256,resnet34,mnist,resnet34mnist,2,NO,NO,1.0,0.6018670024966244,0.8512826209003951,0.8512476007677543,0.6005663528091374,0.0480832642235219,0.034872511646119514,0.0480832642235219,0.034872511646119514,0.8078185362463622,0.11244424141452142,0.996085230986644,0.9673590504451038,0.6190475714285714
8,ReFAM_new2_sta2_j5_k3,0.978600025177002,vgg16,mnist,vgg16mnist,0,NO,NO,0.38823855964437237,0.29735306855526966,0.4054223507956455,0.4054702495201536,0.24148576102378488,0.0388875940209624,0.062052350909477215,0.0388875940209624,0.062052350909477215,0.4404911755341232,0.14395194759439398,0.6802137698054731,0.3560830860534125,0.2857142857142857
9,ReFAM_sta3_j6_k4_const1,0.1000000014901161,resnet34,cifar,resnet34cifar,2,NO,YES,0.5567930235971189,1.0,1.0,1.0,1.0,1.0,1.0,1.0,1.0,1.0,1.0,0.9921388994662882,1.0,1.0
10,ReFAM_new_sta2_j4_k3,0.2698000073432922,resnet34,cifar,resnet34cifar,2,NO,NO,0.05762916119721153,0.01669811662802843,0.08601964553286448,0.08613243761996162,0.014021146025573633,0.003941517741798517,0.0003230887282419935,0.003941517741798517,0.0003230887282419935,0.10055826281032638,0.010635931519201256,0.5241117190570345,0.08902077151335312,0.04444442857142857
11,ReFAM_new1_sta2_j6_k1,0.1000000014901161,resnet34,cifar,resnet34cifar,2,NO,YES,0.3085109982888316,0.0679151911955774,0.20455610077118178,0.2046545105566219,0.07104513923417818,1.0,1.0,1.0,1.0,0.2314708527166184,1.0,0.5080779655011617,0.142433234421365,1.0
12,ReFAM_new2_sta1_j1_k6,0.089599996805191,resnet34,mnist,resnet34mnist,2,NO,NO,0.16985436984441293,0.07215690520469772,0.17127537757578518,0.17130518234165068,0.06889449451537832,0.013112796246207993,0.01698322923672044,0.013112796246207993,0.01698322923672044,0.21425884503115736,0.07420519756602952,0.5906037398516358,0.1884272997032641,0.2857142857142857
13,ReFAM_new2_sta3_j1_k4,0.0102000003680586,resnet34,cifar100,resnet34cifar100,2,NO,NO,0.15772191485552628,0.004807753547499554,0.08437651071714197,0.08445297504798464,0.006236679055126254,0.01224553586754043,0.015387100682524938,0.01224553586754043,0.015387100682524938,0.0809822325043858,0.07060365573290817,0.9067857353758687,0.04599406528189911,0.2857142857142857
14,ReFAM_new1_sta2_j4_k4,0.1009000018239021,resnet34,mnist,resnet34mnist,2,NO,YES,0.6568857772554336,0.3346296779863959,0.4960831385657916,0.4961612284069098,0.2878298506556761,1.0,1.0,1.0,1.0,0.5082126384587343,1.0,0.8498011562059016,0.36795252225519287,1.0
15,ReFAM_sta1_j3_k7_const0,0.1134999990463256,resnet18,mnist,resnet18mnist,2,YES,NO,1.0,1.0,1.0,1.0,1.0,0.09772308014750654,0.05828590894165615,0.09772308014750654,0.05828590894165615,1.0,0.1581588171715543,0.9530197174035663,1.0,0.14285714285714285
16,mul8_460,0.9879999756813048,vgg16,mnist,vgg16mnist,0,NO,NO,0.11089822311599977,0.006773516712098439,0.07085846576773441,0.07077735124760078,0.007020533885918374,0.006373460386978808,0.0021773370816308255,0.006373460386978808,0.0021773370816308255,0.0759698370181921,0.02681189277631477,0.8458863871925455,0.0897626112759644,0.14285714285714285
17,ReFAM_sta1_j2_k1_const0,0.826200008392334,resnet18,cifar,resnet18cifar,2,YES,NO,0.027731325688883743,0.0001846992586553894,0.014759402986872191,0.01487523992322457,0.00024303642771397285,0.0018817743424630556,0.0005970117804471619,0.0018817743424630556,0.0005970117804471619,0.014949552065328449,0.013853806512483354,0.6840664319502168,0.011869436201780416,0.14285714285714285
18,ReFAM_new2_sta3_j4_k2,0.1000000014901161,resnet34,cifar,resnet34cifar,2,NO,NO,0.25911457440550745,0.019273805505311697,0.1396377891961111,0.13963531669865645,0.02477045014596148,0.019665129086286984,0.02696210555519462,0.019665129086286984,0.02696210555519462,0.14602416029927076,0.09391178946991276,0.6726326592532108,0.0830860534124629,0.2857142857142857
19,mul8_428,0.1027999967336654,resnet34,cifar,resnet34cifar,2,NO,NO,0.6372247041103947,0.12415641944564745,0.37359378312102276,0.3735604606525912,0.13314799304623887,0.026042203058176908,0.015250139156422355,0.026042203058176908,0.015250139156422355,0.36513785705658897,0.07281608474707846,0.9756398534685159,0.4992581602373887,0.2380952857142857
20,mul8_468,0.1134999990463256,resnet18,mnist,resnet18mnist,2,NO,NO,0.45756687386658174,0.07032424273303951,0.25904085385035486,0.2591170825335893,0.08293957813734096,0.017655072479479353,0.009910395555422885,0.017655072479479353,0.009910395555422885,0.2690221252588803,0.05794265001821298,0.9599797592697047,0.3590504451038576,1.0
21,mul8_282,0.989199995994568,vgg16,mnist,vgg16mnist,0,NO,NO,0.0,0.0,0.0,0.0,0.0,0.0,0.0,0.0,0.0,0.0,0.0,0.0,0.0,0.0
22,mul8_454,0.1000000014901161,resnet18,cifar,resnet18cifar,2,NO,NO,1.0,0.2568716601533641,0.5823487126509249,0.5822936660268714,0.303317276782602,0.03778545062307238,0.02653892955787766,0.03778545062307238,0.02653892955787766,0.5613553104207734,0.0969303667078698,0.9925115406779627,0.5593471810089021,1.0
23,mul8_309,0.0108000002801418,resnet34,cifar100,resnet34cifar100,2,NO,NO,0.5263738738299972,0.1881075646574784,0.3940497769426186,0.3939539347408829,0.15298606461611594,0.029556414384236097,0.020035012985006224,0.029556414384236097,0.020035012985006224,0.387878243111726,0.08338931584887407,0.9824288469096233,0.5445103857566765,0.14285714285714285
24,mul8_280,0.1132000014185905,resnet34,cifar,resnet34cifar,2,NO,NO,1.0,1.0,1.0,1.0,1.0,0.08954824768233698,0.06551501923607074,0.08954824768233698,0.06551501923607074,1.0,0.16205818598735242,1.0,1.0,0.8571428571428571
25,ReFAM_new2_sta2_j4_k4,0.9855999946594238,vgg16,mnist,vgg16mnist,0,NO,NO,0.4246359246110323,0.30061953863398977,0.42075829296169237,0.4208253358925144,0.24050338512191327,0.04140174572287056,0.06844740062826711,0.04140174572287056,0.06844740062826711,0.44768522997121474,0.15129088216501554,0.7736143550354416,0.36795252225519287,0.2857142857142857
26,ReFAM_new2_sta2_j2_k1,0.7175999879837036,resnet18,cifar,resnet18cifar,2,YES,NO,0.034664157111104675,0.00026749547805263293,0.01844925373359024,0.018474088291746644,0.0003519837918616159,0.0027671026456861925,0.001994721713494047,0.0027671026456861925,0.001994721713494047,0.01835934312686883,0.025260803879065822,0.6363408669304342,0.008902077151335312,0.2857142857142857
27,ReFAM_new2_sta1_j1_k7,0.120899997651577,resnet34,mnist,resnet34mnist,2,NO,NO,0.33624232397771536,0.29053511833490436,0.3434660078698908,0.3435700575815739,0.27649788175134143,0.020334545691071012,0.030447600802805255,0.020334545691071012,0.030447600802805255,0.42938035583986794,0.09971680311471787,0.6005469477019441,0.37833827893175076,0.2857142857142857
28,mul8_318,0.9915000200271606,resnet18,mnist,resnet18mnist,0,YES,NO,0.001733207855555234,0.0008144281965709627,0.000922462686679512,0.0009596928982725527,0.001071664937721527,5.691396235005881e-05,3.1606506023673276e-05,5.691396235005881e-05,3.1606506023673276e-05,0.021655499660876227,0.0031544281423359186,0.0009947280431856548,0.18991097922848665,0.07128928571428571
29,mul8_455,0.9236000180244446,resnet18,cifar,resnet18cifar,0,NO,NO,0.0016519620041182267,2.436361551983288e-06,0.0009152564081711715,0.0009596928982725527,3.1262865170489803e-06,0.0001599011323168319,4.0386091030249185e-05,0.0001599011323168319,4.0386091030249185e-05,0.0013481712522002225,0.0035910917635537404,0.25254790883118944,0.000741839762611276,0.14285714285714285
30,mul8_377,0.1134999990463256,resnet18,mnist,resnet18mnist,2,NO,NO,1.0,0.7331495069548825,0.8117204323182633,0.8116602687140115,0.7647817877306163,0.04490692308665196,0.03152748975861409,0.04490692308665196,0.03152748975861409,0.8300315784015073,0.10668102804798671,0.9966747371657684,1.0,0.15178571428571427
31,mul8_017,0.1084000021219253,resnet34,mnist,resnet34mnist,2,NO,NO,0.9651259652832505,1.0,1.0,1.0,1.0,0.08996561673957074,0.058724888191984945,0.08996561673957074,0.058724888191984945,1.0,0.1554335883150308,1.0,1.0,1.0
32,ReFAM_new_sta3_j3_k6,0.4855000078678131,vgg16,mnist,vgg16mnist,2,NO,NO,0.5801913296471145,0.2780475676254044,0.43344215490353566,0.43354126679462573,0.25197166655466635,0.018510588707185794,0.0044881238553616054,0.018510588707185794,0.0044881238553616054,0.4596376608834779,0.040715710336014524,0.6890685802369835,0.5133531157270029,0.06800742857142857
33,ReFAM_new_sta3_j1_k4,0.9912999868392944,resnet34,mnist,resnet34mnist,0,NO,NO,0.0028164627652772552,0.00043417013986192136,0.009166972948877649,0.009117082533589253,0.00047061709627710564,0.0007651766049285684,0.00012115827309074755,0.0007651766049285684,0.00012115827309074755,0.015841945430041124,0.006243170133104029,0.21078765763435955,0.01483679525222552,0.063492
34,mul8_045,0.1169999986886978,resnet18,cifar,resnet18cifar,2,NO,NO,0.604022937660999,0.4629731724326803,0.5954165589107254,0.5954894433781189,0.29998979473781734,0.041942880063310005,0.029499405622095055,0.041942880063310005,0.029499405622095055,0.5674049393742241,0.10276747699491827,1.0,0.766320474777448,0.2857142857142857
35,mul8_207,0.1967000067234039,vgg16,mnist,vgg16mnist,2,NO,NO,0.24367819540838437,1.0,1.0,1.0,1.0,0.07358794652617048,0.0380981311775355,0.07358794652617048,0.0380981311775355,1.0,0.12564118641132668,1.0,1.0,1.0
36,mul8_402,0.1134999990463256,resnet34,mnist,resnet34mnist,2,NO,NO,0.4559961577139005,0.0833163259113953,0.2769225790202939,0.2768714011516315,0.08773620704061241,0.019330872482008862,0.009736559772292683,0.019330872482008862,0.009736559772292683,0.28218413222551414,0.057832177854212574,0.9677787529348041,0.39243323442136496,0.2857142857142857
37,mul8_196,0.0116999996826052,resnet34,cifar100,resnet34cifar100,2,NO,NO,0.16140498154858116,0.01457550566835656,0.10613996256247915,0.10604606525911708,0.014395032763134821,0.009185732844053936,0.004423154926312943,0.009185732844053936,0.004423154926312943,0.11115864072207512,0.03822635447830267,0.9292816577035934,0.16765578635014836,0.2857142857142857
38,ReFAM_new_sta3_j2_k7,0.1076000034809112,resnet34,cifar,resnet34cifar,2,NO,NO,0.5801913296471145,0.2780475676254044,0.43344215490353566,0.43354126679462573,0.25197166655466635,0.018510588707185794,0.0044881238553616054,0.018510588707185794,0.0044881238553616054,0.4596376608834779,0.040715710336014524,0.6890685802369835,0.5133531157270029,0.06800742857142857
39,ReFAM_sta4_j4_k5_const1,0.1000000014901161,resnet34,cifar,resnet34cifar,2,NO,YES,0.8577212375178964,0.4350899408707614,0.6696925976487268,0.6696257197696738,0.2769401195845212,1.0,1.0,1.0,1.0,0.6020334801116932,1.0,1.0,0.4807121661721068,1.0
40,ReFAM_new2_sta3_j3_k1,0.7034000158309937,vgg16,cifar,vgg16cifar,0,YES,NO,0.06586189851109889,0.0011177489618627876,0.03505358209382145,0.03502879078694818,0.0014707894159931806,0.005113222649227506,0.0044372022623234645,0.005113222649227506,0.0044372022623234645,0.03611505002844057,0.03776057994900366,0.6045238235839125,0.017804154302670624,0.2857142857142857
41,ReFAM_new1_sta3_j1_k5,0.1000000014901161,resnet18,cifar,resnet18cifar,2,NO,YES,0.337108927905493,0.01757966747764502,0.18094682322890338,0.1809021113243762,0.022454392823123538,1.0,1.0,1.0,1.0,0.1656437831260287,1.0,1.0,0.09347181008902077,1.0
42,ReFAM_sta1_j5_k3_const1,0.1000000014901161,vgg16,cifar,vgg16cifar,2,NO,YES,0.41596988533325613,0.2839018673731944,0.49720738812025694,0.4971209213051824,0.12957089066663,1.0,1.0,1.0,1.0,0.4355394235677923,1.0,0.9644545082459596,0.3560830860534125,1.0
43,ReFAM_new1_sta2_j4_k5,0.1000000014901161,vgg16,cifar,vgg16cifar,2,NO,YES,1.0,1.0,0.9922311336381584,0.9920825335892515,1.0,1.0,1.0,1.0,1.0,1.0,1.0,0.8910329899468324,0.7477744807121661,1.0
44,ReFAM_new_sta1_j1_k4,0.9226999878883362,resnet34,cifar,resnet34cifar,0,NO,NO,0.020365192302773998,0.0008581649045932795,0.014471133397284843,0.014395393474088292,0.0010160413748830923,0.0010244513223010585,0.00010535502007891092,0.0010244513223010585,0.00010535502007891092,0.023598533954073433,0.0058654747615891276,0.2982850359099878,0.03115727002967359,0.05714285714285715
45,mul8_438,0.1033999994397163,resnet18,cifar,resnet18cifar,2,NO,NO,0.6370622124075207,0.15419506836420147,0.38351048208372307,0.3833973128598849,0.1633592212405697,0.027374712494150508,0.019150030816343377,0.027374712494150508,0.019150030816343377,0.3880385641895903,0.08116569033159564,0.9804251367878328,0.4317507418397626,0.7142857142857143
46,ReFAM_sta3_j7_k3_const0,0.101000003516674,vgg16,mnist,vgg16mnist,2,YES,NO,1.0,1.0,1.0,1.0,1.0,0.17343310441272922,0.11803274082840653,0.17343310441272922,0.11803274082840653,1.0,0.24080617808112836,1.0,1.0,0.14285714285714285
47,mul8_135,0.1134999990463256,resnet18,mnist,resnet18mnist,2,NO,NO,0.8206739196054033,0.2675780752426566,0.537224273320056,0.5371880998080615,0.23165872049369943,1.0,1.0,1.0,1.0,0.5065599692258025,1.0,0.9959294547424195,0.4992581602373887,1.0
48,mul8_397,0.1045999974012374,resnet18,cifar,resnet18cifar,2,NO,NO,0.5635092040373955,0.16372413762005453,0.36001122113130885,0.3598848368522073,0.166613395319323,0.025827194755965576,0.018421325260797573,0.025827194755965576,0.018421325260797573,0.37761504674357194,0.07937648913491338,0.9792593603196161,0.43991097922848665,0.7142857142857143
49,mul8_158,0.1134999990463256,resnet34,mnist,resnet34mnist,2,NO,NO,0.7634780603720805,0.5476975884008866,0.6603589689010229,0.6602687140115163,0.38711718625809977,0.04435675478393472,0.031427402489539125,0.04435675478393472,0.031427402489539125,0.6355544584398194,0.10637424386282343,1.0,0.8976261127596439,0.2857142857142857
50,ReFAM_sta4_j7_k3_const0,0.1027999967336654,resnet34,cifar,resnet34cifar,2,YES,NO,1.0,1.0,1.0,1.0,1.0,0.14936843569715988,0.11064559800387355,0.14936843569715988,0.11064559800387355,1.0,0.224365232917122,1.0,1.0,0.14285714285714285
51,ReFAM_sta1_j7_k3_const1,0.1000000014901161,resnet18,cifar,resnet18cifar,2,NO,YES,1.0,1.0,1.0,1.0,1.0,1.0,1.0,1.0,1.0,1.0,1.0,0.9731545605786324,1.0,1.0
52,ReFAM_sta4_j5_k5_const1,0.1000000014901161,resnet18,cifar,resnet18cifar,2,NO,YES,1.0,1.0,1.0,1.0,1.0,1.0,1.0,1.0,1.0,1.0,1.0,1.0,1.0,1.0
53,mul8_000,0.1048000007867813,resnet34,mnist,resnet34mnist,2,NO,NO,0.15252229128886058,0.344381321172904,0.3635502935069638,0.3634836852207294,0.29855618287234964,0.017958613612013,0.009899860053414995,0.017958613612013,0.009899860053414995,0.4490579991640922,0.057979225261699595,0.8805929271476249,0.6083086053412463,0.7999999999999999
54,mul8_098,0.9549999833106996,resnet18,mnist,resnet18mnist,1,NO,NO,0.02859792961666136,0.00036283054798359364,0.0170079057856535,0.017034548944337813,0.0004065188532042848,0.0019685003803298117,0.0007357292235510612,0.0019685003803298117,0.0007357292235510612,0.01825929201149813,0.015372798767488937,0.5786720940603434,0.01483679525222552,0.2857142857142857
55,ReFAM_new2_sta2_j5_k3,0.1045999974012374,resnet34,cifar,resnet34cifar,2,NO,NO,0.38823855964437237,0.29735306855526966,0.4054223507956455,0.4054702495201536,0.24148576102378488,0.0388875940209624,0.062052350909477215,0.0388875940209624,0.062052350909477215,0.4404911755341232,0.14395194759439398,0.6802137698054731,0.3560830860534125,0.2857142857142857
56,ReFAM_new_sta3_j6_k2,0.2811999917030334,vgg16,cifar,vgg16cifar,2,NO,NO,0.18783640134579846,0.05795326103737294,0.17067000959272638,0.17058541266794627,0.052702468742405834,0.008589491333719987,0.0018454687683822563,0.008589491333719987,0.0018454687683822563,0.19676568128666172,0.025214524999552138,0.5171822215525088,0.21364985163204747,0.06762471428571429
57,ReFAM_new_sta1_j2_k5,0.3454999923706054,resnet34,mnist,resnet34mnist,2,NO,NO,0.09315992223609382,0.014908842559804347,0.06317428148052988,0.06309980806142035,0.017731068684507086,0.0031112966084698816,0.0004512706693380018,0.0031112966084698816,0.0004512706693380018,0.09949606325889786,0.012244495799072032,0.3748444782921222,0.13798219584569732,0.060252714285714284
58,ReFAM_sta1_j6_k2_const1,0.0998999997973442,resnet18,cifar,resnet18cifar,2,NO,YES,0.38823855964437237,0.2616870048149186,0.4723008955799101,0.47216890595009603,0.12228922597249282,1.0,1.0,1.0,1.0,0.416551851688824,1.0,0.9107626112578372,0.3323442136498516,1.0
59,mul8_237,0.1000000014901161,vgg16,cifar,vgg16cifar,2,NO,NO,0.637820490844326,0.1401214556849158,0.3911827333936127,0.39107485604606523,0.13786049430341749,0.02859339400542399,0.017666280950232045,0.02859339400542399,0.017666280950232045,0.3776577946999025,0.07850913336080208,0.9798651568249339,0.45178041543026703,0.2380952857142857
60,ReFAM_new2_sta3_j3_k3,0.100500002503395,resnet34,cifar,resnet34cifar,2,NO,NO,0.2816462765277255,0.01950945628359616,0.15162980412294477,0.15163147792706333,0.02502946202851441,0.021455660409744393,0.031220204283383936,0.021455660409744393,0.031220204283383936,0.1526962278655991,0.10109770516472295,0.8018892705802818,0.08902077151335312,0.2857142857142857
61,mul8_030,0.9801999926567078,vgg16,mnist,vgg16mnist,0,NO,NO,0.18761975036385406,0.029379074134461062,0.14965065304897238,0.14971209213051823,0.023363544212644683,0.013281731340802612,0.007046494926277825,0.013281731340802612,0.007046494926277825,0.14922107779914473,0.048539080274448684,0.9417101584437853,0.19881305637982197,0.21428571428571427
62,ReFAM_sta3_j1_k8_const1,0.1009000018239021,resnet34,mnist,resnet34mnist,2,NO,YES,0.23094994675273492,0.799380332000102,0.7538458096682297,0.7538387715930902,0.3708627779954284,1.0,1.0,1.0,1.0,0.6840890755775828,1.0,1.0,0.6698813056379822,1.0
63,mul8_147,0.0085000004619359,resnet34,cifar100,resnet34cifar100,2,NO,NO,0.389267655275024,1.0,1.0,1.0,1.0,0.07343075558253698,0.03736240195398444,0.07343075558253698,0.03736240195398444,1.0,0.12464619050178248,1.0,1.0,0.44642857142857145
64,ReFAM_sta4_j5_k5_const0,0.1002999991178512,resnet34,cifar,resnet34cifar,2,YES,NO,1.0,1.0,1.0,1.0,1.0,0.1609409413750052,0.12939352382691577,0.1609409413750052,0.12939352382691577,1.0,0.24236473131378275,1.0,1.0,0.14285714285714285
65,ReFAM_new_sta1_j2_k6,0.1147999987006187,resnet18,mnist,resnet18mnist,2,NO,NO,0.1902195621471869,0.060303462079331516,0.12811421189112557,0.1281190019193858,0.0717623343855607,0.004946094347088444,0.0008428401606312873,0.004946094347088444,0.0008428401606312873,0.20051446212601853,0.016849244310683555,0.40218779080777617,0.28041543026706234,0.06074242857142857
66,mul8_060,0.9836999773979188,resnet34,mnist,resnet34mnist,0,NO,NO,0.0204735177937462,0.0007869341578987593,0.015162980412294478,0.015115163147792706,0.0008986152407846243,0.0014382067946237084,0.00031255322623410233,0.0014382067946237084,0.00031255322623410233,0.02272860546332146,0.010033559651982826,0.44245544086713406,0.02967359050445104,0.14285714285714285
67,mul8_108,0.6272000074386597,vgg16,cifar,vgg16cifar,2,NO,NO,0.08590211434095628,0.019928459761037375,0.10726241146978002,0.10724568138195778,0.014632314255851857,0.009884961524354658,0.00531691667998237,0.009884961524354658,0.00531691667998237,0.11220023235863887,0.04187566805801878,0.9292816577035934,0.19881305637982197,0.21428571428571427
68,ReFAM_sta2_j6_k3_const0,0.1132000014185905,resnet34,cifar,resnet34cifar,2,YES,NO,1.0,0.9494306167681451,1.0,1.0,1.0,0.104518426572858,0.06506023673273012,0.104518426572858,0.06506023673273012,1.0,0.16763553740229184,1.0,1.0,0.14285714285714285
69,mul8_352,0.0935999974608421,resnet18,cifar,resnet18cifar,2,NO,NO,1.0,0.9986546409191654,1.0,1.0,1.0,0.05895021744747203,0.03992779669290592,0.05895021744747203,0.03992779669290592,1.0,0.12264500217958595,1.0,1.0,0.2380952857142857
70,ReFAM_sta3_j1_k5_const1,0.1316000074148178,resnet18,cifar,resnet18cifar,2,NO,YES,0.10832549097220212,0.009653521705347362,0.09623880156127328,0.09620921305182342,0.005392519846942458,1.0,1.0,1.0,1.0,0.08568643774715573,1.0,1.0,0.06083086053412463,1.0
71,mul8_408,0.1159000024199485,vgg16,mnist,vgg16mnist,2,NO,NO,0.39100086313057925,1.0,1.0,1.0,1.0,0.0733919095447425,0.037053360561752964,0.0733919095447425,0.037053360561752964,1.0,0.12423639848802423,1.0,1.0,0.42857142857142855
72,ReFAM_new1_sta2_j2_k3,0.1076999977231025,resnet18,cifar,resnet18cifar,2,YES,YES,0.17332078555552338,0.004853132244669198,0.09224626866795119,0.09213051823416507,0.006385991652346459,1.0,1.0,1.0,1.0,0.0858572969325426,1.0,0.9226942570491296,0.04451038575667656,1.0
73,mul8_368,0.1247999966144561,resnet34,cifar,resnet34cifar,2,NO,NO,0.028922906089577965,0.009937956449188597,0.07756253714019269,0.07749520153550864,0.00596247136183334,0.007355452086574267,0.004215956720157752,0.007355452086574267,0.004215956720157752,0.07644852101044594,0.037079832560028184,0.7926913451533225,0.08011869436201781,0.2857142857142857
74,mul8_329,0.0102000003680586,resnet34,cifar100,resnet34cifar100,2,NO,NO,0.7470125857443058,0.35312507961174944,0.5741478939114187,0.5741362763915547,0.253437377481466,0.04193926647839889,0.03214030479207309,0.04193926647839889,0.03214030479207309,0.5368512842316299,0.1067668679051492,0.9956810272679698,0.6461424332344213,0.14285714285714285
75,ReFAM_sta4_j7_k2_const1,0.1000000014901161,vgg16,cifar,vgg16cifar,2,NO,YES,0.6982661148068149,0.4185378620487606,0.6196787223339788,0.619721689059501,0.24802594993680369,1.0,1.0,1.0,1.0,0.5613355524842703,1.0,0.8937514381303593,0.47477744807121663,1.0
76,ReFAM_new2_sta4_j1_k6,0.0089999996125698,resnet34,cifar100,resnet34cifar100,2,NO,NO,1.0,1.0,1.0,1.0,1.0,1.0,1.0,1.0,1.0,1.0,1.0,1.0,1.0,0.2857142857142857
77,mul8_228,0.1270000040531158,resnet18,mnist,resnet18mnist,2,NO,NO,0.14114811473677935,0.018774387944870456,0.11635056182700627,0.11636276391554704,0.014986159857599959,0.011213857375417143,0.006131662168592615,0.011213857375417143,0.006131662168592615,0.11763212464957576,0.04507040361154404,0.9293743089338186,0.19881305637982197,0.21428571428571427
78,mul8_246,0.101000003516674,vgg16,mnist,vgg16mnist,2,NO,NO,1.0,0.665054543589025,0.9824367237089058,0.9824856046065259,0.747257425181807,0.051530624228725466,0.037390496626005486,0.051530624228725466,0.037390496626005486,0.9198563388228572,0.11694896783170014,1.0,1.0,0.6428571428571429
79,mul8_398,0.8206999897956848,resnet18,mnist,resnet18mnist,2,NO,NO,0.03845554929513175,0.03732494558377704,0.02495694017975595,0.02495201535508637,0.048862938796005555,0.0016279200024572377,0.0009025413386760036,0.0016279200024572377,0.0009025413386760036,0.14729819394838198,0.01697389871195428,0.12994080502719466,0.7833827893175074,0.18998142857142858
80,mul8_209,0.0998999997973442,resnet18,cifar,resnet18cifar,2,NO,NO,0.8960684613220559,0.22120681858711436,0.4949159834268435,0.49496161228406915,0.2695363981916089,0.029642237025875075,0.01617023966511151,0.029642237025875075,0.01617023966511151,0.49966007226835446,0.07570403611544042,0.9762303777930273,0.5615727002967359,0.14285714285714285
81,mul8_486,0.1000000014901161,vgg16,cifar,vgg16cifar,2,NO,NO,1.0,0.9417784026189081,0.9451026588798812,0.9450575815738963,0.8813551571200237,0.05154327177591437,0.03874957638502344,0.05154327177591437,0.03874957638502344,0.9306070952311885,0.11878220860727444,1.0,1.0,0.17857142857142858
82,mul8_092,0.0252999998629093,resnet34,cifar100,resnet34cifar100,2,NO,NO,0.1123335341381736,0.012335514037143658,0.08664663235144832,0.08661228406909789,0.011389675708386974,0.007644538879463455,0.0034345736545724954,0.007644538879463455,0.0034345736545724954,0.09497274369785776,0.03361339519774518,0.9219489746257807,0.16765578635014836,0.14285714285714285
83,ReFAM_sta3_j2_k5_const0,0.1134999990463256,resnet18,mnist,resnet18mnist,2,YES,NO,0.748745793599861,0.041417216518482666,0.39850388064554915,0.39851247600767753,0.05449882377324019,0.03488283854321938,0.025257110146917575,0.03488283854321938,0.025257110146917575,0.3305956459685178,0.09404764037429163,0.9822272541229797,0.22551928783382788,0.14285714285714285
84,ReFAM_new_sta1_j6_k1,0.2888999879360199,resnet18,cifar,resnet18cifar,2,NO,NO,0.058929067088877955,0.0106966346521285,0.04796805970733462,0.047984644913627646,0.012453521778722885,0.0019874717011131647,0.0002335369611749192,0.0019874717011131647,0.0002335369611749192,0.08174771922721083,0.00875044039578892,0.23067407333497592,0.09495548961424333,0.04664728571428572
85,mul8_478,0.0111999996006488,resnet34,cifar100,resnet34cifar100,2,NO,NO,1.0,0.2686244836318243,0.5906072996937218,0.5906909788867564,0.27277248593520115,0.03619276307349851,0.024586349852415177,0.03619276307349851,0.024586349852415177,0.5540576669010541,0.09324895648591032,0.9945315411259467,0.766320474777448,0.14285714285714285
86,mul8_419,0.1039000004529953,resnet18,cifar,resnet18cifar,2,NO,NO,0.5892906708887795,0.11558193004356355,0.34617957207708694,0.34620921305182345,0.12565479026671494,0.02447029362184195,0.014505630347864716,0.02447029362184195,0.014505630347864716,0.3455867116266962,0.07079324985220616,0.9694250940257265,0.4992581602373887,0.14285714285714285
87,ReFAM_new_sta2_j4_k2,0.7071999907493591,vgg16,cifar,vgg16cifar,0,NO,NO,0.018198682483329957,0.002408852508088554,0.029057574630404627,0.029030710172744723,0.002245729922033747,0.0016252098137739014,0.00010535502007891092,0.0016252098137739014,0.00010535502007891092,0.0378971244065334,0.005919964410048787,0.3827992482014462,0.02373887240356083,0.040816285714285715
88,ReFAM_new2_sta4_j7_k2,0.100100003182888,resnet34,cifar,resnet34cifar,2,NO,NO,1.0,1.0,1.0,1.0,1.0,1.0,1.0,1.0,1.0,1.0,1.0,1.0,1.0,0.2857142857142857
89,ReFAM_new1_sta2_j1_k8,0.0979999974370002,vgg16,mnist,vgg16mnist,2,NO,YES,1.0,1.0,1.0,1.0,1.0,1.0,1.0,1.0,1.0,1.0,1.0,1.0,0.7581602373887241,1.0
90,mul8_202,0.100500002503395,resnet18,cifar,resnet18cifar,2,NO,NO,0.8767865239290039,0.35858981667643236,0.5890226047341258,0.5890115163147793,0.3128137805972316,0.039414274021757394,0.028672368714475604,0.039414274021757394,0.028672368714475604,0.5687519547641299,0.10078942811247858,0.9957736784981948,0.7574183976261127,0.15178571428571427
91,mul8_340,0.989199995994568,vgg16,mnist,vgg16mnist,0,NO,NO,0.018036197713287364,0.0010247703742389115,0.01814657158698621,0.018234165067178506,0.0010564933132963838,0.001783304153635176,0.00044249108433142584,0.001783304153635176,0.00044249108433142584,0.02528035419648623,0.011941443781611459,0.5244843602687089,0.03560830860534125,0.14285714285714285
92,mul8_008,0.1024999991059303,resnet18,cifar,resnet18cifar,2,NO,NO,1.0,1.0,1.0,1.0,1.0,0.08837112239754132,0.04508141309176598,0.08837112239754132,0.04508141309176598,1.0,0.14013020786681238,1.0,1.0,0.36160714285714285
93,mul8_150,0.1040000021457672,resnet18,cifar,resnet18cifar,2,NO,NO,0.5840368880430434,0.0889692639161338,0.32533430269156316,0.32533589251439543,0.1057193465711026,0.02183328003295589,0.010802401392091,0.02183328003295589,0.010802401392091,0.32121856287017486,0.061262039973008955,0.9733408811844696,0.39243323442136496,0.14285714285714285
94,ReFAM_sta1_j2_k5_const0,0.1134999990463256,resnet18,mnist,resnet18mnist,2,YES,NO,0.6516861536887679,0.07444653911802919,0.3468459701914965,0.34692898272552786,0.09796044150167685,0.02379726343214681,0.013977099330468848,0.02379726343214681,0.013977099330468848,0.327980969060276,0.06943772654257956,0.8779518580135169,0.2789317507418398,0.14285714285714285
95,mul8_436,0.1083000004291534,resnet18,mnist,resnet18mnist,2,NO,NO,0.2038685740096844,1.0,1.0,1.0,1.0,0.0461825185602755,0.025599513962174036,0.0461825185602755,0.025599513962174036,1.0,0.09787087296895434,0.8998409656905367,1.0,0.14285714285714285
96,ReFAM_new_sta3_j6_k2,0.1333999931812286,resnet34,cifar,resnet34cifar,2,NO,NO,0.18783640134579846,0.05795326103737294,0.17067000959272638,0.17058541266794627,0.052702468742405834,0.008589491333719987,0.0018454687683822563,0.008589491333719987,0.0018454687683822563,0.19676568128666172,0.025214524999552138,0.5171822215525088,0.21364985163204747,0.06762471428571429
97,mul8_225,0.1134999990463256,resnet34,mnist,resnet34mnist,2,NO,NO,1.0,1.0,0.9916508787792817,0.9916026871401153,0.9382069913015348,0.053092596306554864,0.039049838192248325,0.053092596306554864,0.039049838192248325,0.9692281115595733,0.11964583221368301,1.0,1.0,0.14285714285714285
98,ReFAM_new1_sta2_j2_k7,0.1009000018239021,resnet34,mnist,resnet34mnist,2,NO,YES,1.0,1.0,1.0,1.0,1.0,1.0,1.0,1.0,1.0,1.0,1.0,0.9875246645720023,0.7566765578635015,1.0
99,mul8_463,0.6521000266075134,vgg16,cifar,vgg16cifar,1,YES,NO,0.08319397706665123,0.013247395103558964,0.04427820896061657,0.04438579654510557,0.01743157826362288,0.002171764531580022,0.00042844374832090435,0.002171764531580022,0.00042844374832090435,0.093143825767061,0.011807832177854213,0.29430816002801935,0.10682492581602374,0.14285714285714285
100,mul8_136,0.010700000450015,resnet34,cifar100,resnet34cifar100,2,NO,NO,0.2741718176506436,0.2557517218811301,0.2908207745327328,0.2907869481765835,0.2586238473407822,0.013441632473119445,0.013899838982410978,0.013441632473119445,0.013899838982410978,0.3982235300652194,0.06733576969240966,0.31436460600827953,0.47477744807121663,0.5626374285714285
101,mul8_463,0.1476999968290329,resnet18,cifar,resnet18cifar,2,YES,NO,0.08319397706665123,0.013247395103558964,0.04427820896061657,0.04438579654510557,0.01743157826362288,0.002171764531580022,0.00042844374832090435,0.002171764531580022,0.00042844374832090435,0.093143825767061,0.011807832177854213,0.29430816002801935,0.10682492581602374,0.14285714285714285
102,mul8_083,0.3659000098705292,resnet34,cifar,resnet34cifar,2,NO,NO,0.06759510636665413,0.002183750286602298,0.043701669781441875,0.043666026871401156,0.0021156838281064043,0.004583832459749181,0.0018542483533888323,0.004583832459749181,0.0018542483533888323,0.044190288402232845,0.024554677749711876,0.7556552885525841,0.037091988130563795,0.14285714285714285
103,mul8_128,0.097800001502037,resnet18,cifar,resnet18cifar,2,NO,NO,0.25494404646949337,1.0,1.0,1.0,1.0,0.08226145370907388,0.04579255947729863,0.08226145370907388,0.04579255947729863,1.0,0.13838429981548164,1.0,1.0,0.42857142857142855
104,mul8_122,0.1023000031709671,resnet34,cifar,resnet34cifar,2,NO,NO,0.2969404839508731,1.0,1.0,1.0,1.0,0.07513636766058318,0.039163972797333815,0.07513636766058318,0.039163972797333815,1.0,0.12759684228755008,1.0,1.0,0.42857142857142855
105,mul8_328,0.1096000000834465,resnet34,mnist,resnet34mnist,2,NO,NO,1.0,1.0,1.0,1.0,1.0,0.09031794126840442,0.05873015594298889,0.09031794126840442,0.05873015594298889,1.0,0.1555769035548151,1.0,1.0,1.0
106,mul8_053,0.2811999917030334,vgg16,mnist,vgg16mnist,2,NO,NO,0.2243420918034306,1.0,1.0,1.0,1.0,0.05733223480352036,0.033323792850959516,0.05733223480352036,0.033323792850959516,1.0,0.11321456082836209,0.9860025372183047,0.9324925816023739,1.0
107,ReFAM_new2_sta2_j3_k2,0.0930999964475631,resnet34,mnist,resnet34mnist,2,YES,NO,0.12132454988886637,0.003792703742389117,0.06457238806756584,0.06453934740882918,0.0049906273346093395,0.008727710956570128,0.008798900093590377,0.008727710956570128,0.008798900093590377,0.06652680750950685,0.05332745143703386,0.7119065994147701,0.04154302670623145,0.2857142857142857
108,ReFAM_new1_sta3_j5_k1,0.7016000151634216,vgg16,mnist,vgg16mnist,2,NO,YES,0.2296500408610685,0.014734343553358979,0.12395592352255941,0.12404030710172745,0.018863984031486015,1.0,1.0,1.0,1.0,0.12851540188808183,1.0,0.6070091164737961,0.0712166172106825,1.0
109,ReFAM_new1_sta3_j5_k1,0.1032000035047531,resnet18,mnist,resnet18mnist,2,NO,YES,0.2296500408610685,0.014734343553358979,0.12395592352255941,0.12404030710172745,0.018863984031486015,1.0,1.0,1.0,1.0,0.12851540188808183,1.0,0.6070091164737961,0.0712166172106825,1.0
110,mul8_214,0.1133000031113624,resnet18,cifar,resnet18cifar,2,NO,NO,0.5117296193526828,0.46431278939189363,0.5861248173486981,0.5861324376199616,0.279357617295283,0.042672824215355204,0.03069869693399332,0.042672824215355204,0.03069869693399332,0.5540937991022382,0.104805986994142,1.0,0.650593471810089,0.2857142857142857
111,mul8_355,0.098300002515316,resnet18,cifar,resnet18cifar,2,NO,NO,1.0,1.0,1.0,1.0,1.0,0.06340938122778775,0.04257571953088922,0.06340938122778775,0.04257571953088922,1.0,0.12749234159187403,1.0,1.0,0.2857142857142857
112,mul8_196,0.4417999982833862,vgg16,cifar,vgg16cifar,2,NO,NO,0.16140498154858116,0.01457550566835656,0.10613996256247915,0.10604606525911708,0.014395032763134821,0.009185732844053936,0.004423154926312943,0.009185732844053936,0.004423154926312943,0.11115864072207512,0.03822635447830267,0.9292816577035934,0.16765578635014836,0.2857142857142857
113,ReFAM_new2_sta4_j7_k1,0.1000000014901161,resnet18,cifar,resnet18cifar,2,NO,NO,1.0,1.0,1.0,1.0,1.0,1.0,1.0,1.0,1.0,1.0,1.0,1.0,1.0,0.2857142857142857
114,ReFAM_sta1_j4_k2_const0,0.1150000020861625,resnet18,cifar,resnet18cifar,2,YES,NO,0.2911789197332793,0.01635543780093241,0.154973731362158,0.15499040307101727,0.02152129470239594,0.012186815112734815,0.005432807202069173,0.012186815112734815,0.005432807202069173,0.14944648448123987,0.042724362993616496,0.8192893752456275,0.12462908011869436,0.14285714285714285
115,mul8_205,0.1098000034689903,resnet18,mnist,resnet18mnist,2,NO,NO,0.5543557035166601,1.0,1.0,1.0,1.0,0.07577055181248385,0.038951506840174684,0.07577055181248385,0.038951506840174684,1.0,0.12758937795214464,1.0,1.0,0.42857142857142855
116,ReFAM_sta1_j5_k2_const0,0.1134999990463256,resnet18,mnist,resnet18mnist,2,YES,NO,0.5823578394665586,0.06542175120372964,0.309947462724316,0.30998080614203455,0.08608517880958376,0.019656095124009197,0.00983664704136765,0.019656095124009197,0.00983664704136765,0.29889296896247974,0.058182255184727374,0.8192893752456275,0.24925816023738873,0.14285714285714285
117,mul8_027,0.9308000206947328,resnet34,cifar,resnet34cifar,0,NO,NO,0.0,0.0,0.0,0.0,0.0,0.0,0.0,0.0,0.0,0.0,0.0,0.0,0.0,0.0
118,mul8_426,0.1134999990463256,resnet18,mnist,resnet18mnist,2,NO,NO,1.0,0.40626900008916517,0.648577976538394,0.6485124760076776,0.4821089328674773,0.03602473137513167,0.020110517416062776,0.03602473137513167,0.020110517416062776,0.6611792568930991,0.08524942823190795,0.9903988889997536,0.8308605341246291,0.14285714285714285
119,ReFAM_sta2_j6_k4_const1,0.1004000008106231,resnet34,cifar,resnet34cifar,2,NO,YES,0.027731325688883743,1.0,1.0,1.0,1.0,1.0,1.0,1.0,1.0,1.0,1.0,0.9905536470985911,1.0,1.0
120,ReFAM_new_sta1_j1_k5,0.1917999982833862,resnet34,cifar100,resnet34cifar100,2,NO,NO,0.04463010228054727,0.0036374110768603676,0.030700713135977883,0.030710172744721688,0.004320557466155676,0.0018456384933519072,0.00022651329316965844,0.0018456384933519072,0.00022651329316965844,0.04894993172413463,0.008625785994518192,0.34004426896143064,0.06676557863501484,0.05924957142857142
121,ReFAM_new2_sta4_j6_k3,0.1024999991059303,resnet34,mnist,resnet34mnist,2,NO,NO,1.0,1.0,1.0,1.0,1.0,1.0,1.0,1.0,1.0,1.0,1.0,1.0,1.0,0.2857142857142857
122,ReFAM_sta2_j2_k3_const1,0.2594999969005584,resnet18,cifar,resnet18cifar,2,NO,YES,0.06239548279998842,0.002401090362520062,0.0502742164240334,0.050383877159309025,0.0014055781331259614,1.0,1.0,1.0,1.0,0.04443831696066123,1.0,0.9704198220689122,0.02225519287833828,1.0
123,ReFAM_sta2_j4_k6_const1,0.1009000018239021,resnet34,mnist,resnet34mnist,2,NO,YES,0.010399247133331404,1.0,1.0,1.0,1.0,1.0,1.0,1.0,1.0,1.0,1.0,1.0,1.0,1.0
124,ReFAM_new2_sta2_j6_k1,0.6728000044822693,vgg16,cifar,vgg16cifar,1,NO,NO,0.21838418979995947,0.061342445163427,0.16950251867736033,0.16938579654510558,0.06197841388131424,0.01755027851705702,0.02128346997294132,0.01755027851705702,0.02128346997294132,0.20629634248166215,0.08344977696565808,0.43251325116221295,0.142433234421365,0.2857142857142857
125,ReFAM_new2_sta4_j4_k2,0.0089999996125698,resnet34,cifar100,resnet34cifar100,2,NO,NO,1.0,1.0,1.0,1.0,1.0,1.0,1.0,1.0,1.0,1.0,1.0,1.0,1.0,0.2857142857142857
126,ReFAM_sta4_j2_k4_const0,0.1289000064134597,vgg16,cifar,vgg16cifar,2,YES,NO,0.24611551548884322,0.005480472830102158,0.13098970150849068,0.13099808061420348,0.0072114774499266775,0.014907844550804293,0.009827867456361074,0.014907844550804293,0.009827867456361074,0.11129760135646151,0.05718725927518318,0.9535165723524657,0.0712166172106825,0.14285714285714285
127,ReFAM_new2_sta2_j2_k2,0.987500011920929,vgg16,mnist,vgg16mnist,0,YES,NO,0.07106152207776459,0.0010309721549945227,0.03782097015385999,0.03790786948176583,0.0013566041977999778,0.005466450574288981,0.0048902288486627815,0.005466450574288981,0.0048902288486627815,0.03691770570949603,0.03964756393949708,0.7477005186432601,0.020771513353115726,0.2857142857142857
128,ReFAM_sta2_j1_k1_const0,0.9300000071525574,resnet34,cifar,resnet34cifar,0,YES,NO,0.006932831422220936,1.592234988408529e-05,0.003689850746718048,0.003598848368522073,2.0951416182239038e-05,0.0005989516990172855,0.00019315087014467003,0.0005989516990172855,0.00019315087014467003,0.004060406186414293,0.007856213014218065,0.5090726935443474,0.002225519287833828,0.14285714285714285
129,ReFAM_new2_sta1_j5_k4,0.2599000036716461,vgg16,cifar,vgg16cifar,2,NO,NO,0.644753322266547,0.9801925967441979,0.6669405224692871,0.6669865642994242,0.8871573386834478,0.03157640834954929,0.036737295501516234,0.03157640834954929,0.036737295501516234,0.7919816230130547,0.11107528230116503,0.5950784888278907,0.7359050445103857,0.2857142857142857
130,ReFAM_new1_sta2_j4_k3,0.0979999974370002,vgg16,mnist,vgg16mnist,2,NO,YES,0.4333019638888085,0.0789461951952717,0.2676294869728934,0.2675143953934741,0.08117781697867194,1.0,1.0,1.0,1.0,0.2720977124080293,1.0,0.7936860731965082,0.17804154302670624,1.0
131,ReFAM_sta1_j1_k9_const0,0.1000000014901161,resnet18,cifar,resnet18cifar,2,YES,NO,1.0,1.0,1.0,1.0,1.0,0.09841688845044058,0.05928326979840317,0.09841688845044058,0.05928326979840317,1.0,0.15944790789607255,0.9550081553445506,1.0,0.14285714285714285
132,ReFAM_new1_sta3_j4_k2,0.1031000018119812,resnet18,mnist,resnet18mnist,2,NO,YES,0.27991306867217025,0.01622626773749777,0.15070734143626527,0.15067178502879078,0.020713208402270887,1.0,1.0,1.0,1.0,0.14587354088525445,1.0,0.7949292287141434,0.0830860534124629,1.0
133,ReFAM_sta1_j6_k2_const1,0.0957999974489212,resnet18,mnist,resnet18mnist,2,NO,YES,0.38823855964437237,0.2616870048149186,0.4723008955799101,0.47216890595009603,0.12228922597249282,1.0,1.0,1.0,1.0,0.416551851688824,1.0,0.9107626112578372,0.3323442136498516,1.0
134,ReFAM_new2_sta3_j2_k3,0.1000000014901161,resnet34,cifar,resnet34cifar,2,NO,NO,0.1542554991444158,0.004852336127174993,0.08256041045781631,0.08253358925143954,0.0062914483868241056,0.011926636999134545,0.01457059927691338,0.011926636999134545,0.01457059927691338,0.08011803189329413,0.06870472880576604,0.8431516486828253,0.04451038575667656,0.2857142857142857
135,ReFAM_sta3_j4_k2_const1,0.1449999958276748,resnet18,cifar,resnet18cifar,2,NO,YES,0.08059416528331838,0.009016627709983951,0.08705741605537894,0.08709213051823417,0.004799298348348947,1.0,1.0,1.0,1.0,0.07859447274934046,1.0,0.8998256935097305,0.05934718100890208,1.0
136,ReFAM_new2_sta4_j3_k4,0.1000000014901161,resnet18,cifar,resnet18cifar,2,NO,NO,1.0,1.0,1.0,1.0,1.0,1.0,1.0,1.0,1.0,1.0,1.0,1.0,1.0,0.2857142857142857
137,mul8_028,0.1134999990463256,resnet34,mnist,resnet34mnist,2,NO,NO,0.4913644270499088,0.08701942367462359,0.294738089818583,0.2946257197696737,0.09175562675145459,0.02048179927619894,0.011225577389407958,0.02048179927619894,0.011225577389407958,0.2947308306525336,0.062034598687471264,0.9640187420202855,0.4043026706231454,0.2857142857142857
138,ReFAM_sta2_j2_k4_const0,0.1134999990463256,resnet34,mnist,resnet34mnist,2,YES,NO,0.33970873968882587,0.010145721346139148,0.18080268658918433,0.1809021113243762,0.013350242391322716,0.01726480530907895,0.009963073065462343,0.01726480530907895,0.009963073065462343,0.15306767923740722,0.05800758973624025,0.9535165723524657,0.08753709198813056,0.14285714285714285
139,mul8_171,0.8751000165939331,resnet34,cifar,resnet34cifar,1,NO,NO,0.026512665648654322,0.0008126414032048506,0.01575393214848585,0.015834932821497123,0.0010089025066610867,0.0014571781154070612,0.0003213328112406783,0.0014571781154070612,0.0003213328112406783,0.023971590539793888,0.010167917689280617,0.443947023859219,0.02967359050445104,0.14285714285714285
140,mul8_125,0.9706000089645386,resnet18,mnist,resnet18mnist,0,NO,NO,0.024373235468745477,0.0007692454207321733,0.015076501380343645,0.015115163147792706,0.0009395472348066162,0.0014490475493570527,0.0003213328112406783,0.0014490475493570527,0.0003213328112406783,0.023088446780373865,0.010165678388658986,0.44245544086713406,0.026706231454005934,0.14285714285714285
141,ReFAM_sta1_j1_k2_const1,0.6610999703407288,resnet18,mnist,resnet18mnist,2,NO,YES,0.019065286411107572,0.00020619443099890455,0.015451250001881824,0.015355086372360844,0.00010416782652135297,1.0,1.0,1.0,1.0,0.013191980885101902,1.0,0.9545113003956514,0.00741839762611276,1.0
142,mul8_060,0.9811000227928162,resnet18,mnist,resnet18mnist,0,NO,NO,0.0204735177937462,0.0007869341578987593,0.015162980412294478,0.015115163147792706,0.0008986152407846243,0.0014382067946237084,0.00031255322623410233,0.0014382067946237084,0.00031255322623410233,0.02272860546332146,0.010033559651982826,0.44245544086713406,0.02967359050445104,0.14285714285714285
143,ReFAM_new1_sta2_j1_k1,0.7610999941825867,resnet34,cifar,resnet34cifar,2,YES,YES,0.027731325688883743,6.368939953634117e-05,0.014759402986872191,0.01487523992322457,8.380566472895615e-05,1.0,1.0,1.0,1.0,0.012404746626742444,1.0,0.8908772137026079,0.004451038575667656,1.0
144,mul8_299,0.9247000217437744,resnet18,cifar,resnet18cifar,0,NO,NO,0.0,0.0,0.0,0.0,0.0,0.0,0.0,0.0,0.0,0.0,0.0,0.0,0.0,0.0
145,mul8_376,0.1085999980568885,resnet34,cifar,resnet34cifar,2,NO,NO,0.3793017101055814,1.0,1.0,1.0,1.0,0.07309559558203108,0.03666705882146363,0.07309559558203108,0.03666705882146363,1.0,0.12362208368415709,1.0,1.0,0.44642857142857145
146,mul8_425,0.1134999990463256,resnet18,mnist,resnet18mnist,2,NO,NO,0.8101392673415644,0.35306719452016405,0.5653617504581098,0.5652591170825336,0.2999654679311602,0.03779629137780572,0.026256226920665912,0.03779629137780572,0.026256226920665912,0.5506012840319933,0.09647056364689513,0.9965505234285436,0.706973293768546,0.15178571428571427
147,mul8_056,0.1106000021100044,resnet18,cifar,resnet18cifar,2,NO,NO,0.4913644270499088,0.08701942367462359,0.294738089818583,0.2946257197696737,0.09175562675145459,0.02048179927619894,0.011225577389407958,0.02048179927619894,0.011225577389407958,0.2947308306525336,0.062034598687471264,0.9640187420202855,0.4043026706231454,0.2857142857142857
148,ReFAM_sta2_j4_k2_const1,0.1000000014901161,resnet34,cifar,resnet34cifar,2,NO,YES,0.06586189851109889,0.009626652739917968,0.08740333956288375,0.08733205374280231,0.004775286064351547,1.0,1.0,1.0,1.0,0.0787341967400899,1.0,0.8988319836119318,0.04154302670623145,1.0
149,ReFAM_new1_sta2_j2_k6,0.1000000014901161,resnet18,cifar,resnet18cifar,2,NO,YES,0.7054155972109802,0.33942548977148246,0.517825871899186,0.5177543186180423,0.2900560393259258,1.0,1.0,1.0,1.0,0.5206898173179675,1.0,0.9778767188839498,0.3768545994065282,1.0
150,mul8_159,0.9868000149726868,resnet34,mnist,resnet34mnist,0,NO,NO,0.022531702122218042,0.0003240198201411357,0.013836940300192679,0.013915547024952016,0.00036769735399829514,0.0015186090588960135,0.00041966416331432846,0.0015186090588960135,0.00041966416331432846,0.01624162474565717,0.011614505890853501,0.4295300851780431,0.011869436201780416,0.14285714285714285
151,ReFAM_new_sta1_j3_k3,0.2009000033140182,resnet34,cifar100,resnet34cifar100,2,NO,NO,0.04376349835276966,0.0036099450233103205,0.030383614742506424,0.03047024952015355,0.004281548745094681,0.0018049856631018651,0.00021773370816308257,0.0018049856631018651,0.00021773370816308257,0.04866844812566764,0.008441416910004001,0.3281136413155253,0.06528189910979229,0.05793285714285714
152,mul8_342,0.6992999911308289,vgg16,cifar,vgg16cifar,0,NO,NO,0.029730268972852705,0.0008993374901281432,0.016981781642366738,0.017034548944337813,0.0011366067183321104,0.0015420973608182601,0.0003213328112406783,0.0015420973608182601,0.0003213328112406783,0.025536216631916943,0.010174635591145507,0.4459354618002032,0.02967359050445104,0.14285714285714285
153,mul8_435,0.1134999990463256,resnet34,mnist,resnet34mnist,2,NO,NO,1.0,0.8369445621481161,1.0,1.0,0.9509719710171097,0.05502044385663463,0.038358006893730145,0.05502044385663463,0.038358006893730145,1.0,0.11932262649062778,1.0,1.0,0.14285714285714285
154,mul8_303,0.2459000051021576,resnet34,cifar100,resnet34cifar100,2,YES,NO,0.045171729735408284,0.0013229451379512395,0.02404168377158478,0.023992322456813823,0.0017407967023253474,0.0021762815127189155,0.0005355546854011304,0.0021762815127189155,0.0005355546854011304,0.032743034279121126,0.013152158984372667,0.5249812152176082,0.04154302670623145,0.14285714285714285
155,ReFAM_new2_sta4_j3_k3,0.1023999974131584,resnet34,mnist,resnet34mnist,2,NO,NO,1.0,1.0,1.0,1.0,1.0,1.0,1.0,1.0,1.0,1.0,1.0,1.0,1.0,0.2857142857142857
156,mul8_456,0.1061000004410743,resnet34,cifar,resnet34cifar,2,NO,NO,0.9432899103987696,0.2513174675311441,0.5588084611465655,0.5587811900191939,0.25656423382675175,0.034133019674163045,0.023653957924716817,0.034133019674163045,0.023653957924716817,0.5293609879730524,0.09111042439225381,0.9956657550871635,0.6706231454005934,0.5089285714285714
157,ReFAM_new2_sta2_j3_k5,0.0947000011801719,resnet34,cifar,resnet34cifar,2,NO,NO,0.4489008345888056,0.300963461391486,0.430040573746405,0.42994241842610365,0.23862533210529563,0.04312632912170012,0.0726686250994288,0.04312632912170012,0.0726686250994288,0.4514989908442415,0.15597475263192467,0.8608622876912332,0.37388724035608306,0.2857142857142857
158,ReFAM_sta1_j6_k2_const0,0.1132000014185905,resnet34,mnist,resnet34mnist,2,YES,NO,1.0,0.2616870048149186,0.619894925448632,0.6199616122840691,0.34434071523833504,0.030541116272514886,0.017334412636983477,0.030541116272514886,0.017334412636983477,0.5977859379249595,0.07834118581417986,0.8192893752456275,0.49851632047477745,0.14285714285714285
159,ReFAM_new2_sta1_j4_k4,0.1023999974131584,resnet34,cifar,resnet34cifar,2,NO,NO,0.3223766611332735,0.28295607979007975,0.3350845709363327,0.33517274472168906,0.27034181916989514,0.01894692908520291,0.027153500508337973,0.01894692908520291,0.027153500508337973,0.422629142836154,0.09413198736437302,0.5428781748318533,0.36795252225519287,0.2857142857142857
160,ReFAM_sta4_j4_k4_const1,0.1134999990463256,resnet18,mnist,resnet18mnist,2,NO,YES,0.5199623566665702,0.09997961939214838,0.3508781394615398,0.35076775431861806,0.07427468851009171,1.0,1.0,1.0,1.0,0.3142146951519175,1.0,0.9883167816831572,0.19584569732937684,1.0
161,ReFAM_new_sta1_j2_k2,0.9280999898910522,resnet34,cifar,resnet34cifar,0,NO,NO,0.008232737313887361,0.00018265921076096093,0.006341930970921644,0.006238003838771593,0.00021447374753878412,0.0005140324536060866,4.389792503287955e-05,0.0005140324536060866,4.389792503287955e-05,0.01074282508158053,0.003750828541230003,0.2465825950082368,0.013353115727002967,0.052478142857142855
162,ReFAM_new_sta1_j7_k2,0.0109000001102685,resnet34,cifar100,resnet34cifar100,2,NO,NO,0.3119774139999421,0.22611010623391842,0.2398402985366731,0.23992322456813822,0.26065237843999944,0.005212596234283164,0.0008551315796404937,0.005212596234283164,0.0008551315796404937,0.38066894590981054,0.017020177591467966,0.30425034973294046,0.47477744807121663,0.05442171428571429
163,ReFAM_new_sta3_j1_k1,0.699400007724762,resnet34,cifar100,resnet34cifar100,0,NO,NO,0.0,0.0,0.0,0.0,0.0,0.0,0.0,0.0,0.0,0.0,0.0,0.0,0.0,0.0
164,ReFAM_new_sta1_j3_k5,0.1112999990582466,resnet18,cifar,resnet18cifar,2,NO,NO,0.1893529582194093,0.060228228976129214,0.12781873602302987,0.12787907869481768,0.071641726720251,0.004902731328155066,0.0008305487416220811,0.004902731328155066,0.0008305487416220811,0.20028136232766885,0.016727575643574997,0.39572460389053715,0.2789317507418398,0.060421
165,ReFAM_sta4_j2_k5_const1,0.1027000024914741,vgg16,cifar,vgg16cifar,2,NO,YES,0.3223766611332735,0.023517310778793977,0.19351537733491173,0.19361804222648754,0.021085324175286156,1.0,1.0,1.0,1.0,0.17138356248339412,1.0,1.0,0.09347181008902077,1.0
166,mul8_472,0.0114000001922249,resnet34,cifar100,resnet34cifar100,2,NO,NO,0.45255682164232525,0.24197487734695436,0.3968361972528087,0.3968330134357006,0.195954934367929,0.02997468683769764,0.023260632516422214,0.02997468683769764,0.023260632516422214,0.41282004334732636,0.08940930235335566,0.9869494124282971,0.594213649851632,0.30357142857142855
167,mul8_162,0.1026000007987022,resnet34,cifar,resnet34cifar,2,NO,NO,0.2562439523611598,1.0,1.0,1.0,1.0,0.08255686427555751,0.046591501712897034,0.08255686427555751,0.046591501712897034,1.0,0.139416617402053,1.0,1.0,0.42857142857142855
168,ReFAM_sta2_j3_k7_const0,0.101000003516674,vgg16,mnist,vgg16mnist,2,YES,NO,1.0,1.0,1.0,1.0,1.0,0.1758641436616817,0.12126538402782777,0.1758641436616817,0.12126538402782777,1.0,0.24411586439989727,1.0,1.0,0.14285714285714285
169,mul8_039,0.9832000136375428,vgg16,mnist,vgg16mnist,0,NO,NO,0.14103978924580715,0.07776006720505438,0.2389826960464194,0.23896353166986564,0.0389471879919908,1.0,1.0,1.0,1.0,0.21855062669676084,1.0,0.9463081030118777,0.14910979228486648,1.0
170,mul8_404,0.1027999967336654,resnet34,cifar,resnet34cifar,2,NO,NO,1.0,1.0,1.0,1.0,1.0,0.09031794126840442,0.05873015594298889,0.09031794126840442,0.05873015594298889,1.0,0.1555769035548151,1.0,1.0,1.0
171,ReFAM_new1_sta2_j5_k4,0.1027999967336654,resnet18,mnist,resnet18mnist,2,NO,YES,1.0,1.0,0.9715117582702619,0.9714491362763915,1.0,1.0,1.0,1.0,1.0,1.0,1.0,0.8216972890860924,0.7359050445103857,1.0
172,ReFAM_new2_sta1_j1_k6,0.0109999999403953,resnet34,cifar100,resnet34cifar100,2,NO,NO,0.16985436984441293,0.07215690520469772,0.17127537757578518,0.17130518234165068,0.06889449451537832,0.013112796246207993,0.01698322923672044,0.013112796246207993,0.01698322923672044,0.21425884503115736,0.07420519756602952,0.5906037398516358,0.1884272997032641,0.2857142857142857
173,mul8_469,0.2125000059604644,resnet34,cifar,resnet34cifar,2,NO,NO,0.10886711842706313,0.017177898695641097,0.1018726723130042,0.10196737044145873,0.013960441895161203,0.009622976618298832,0.005181711070881102,0.009622976618298832,0.005181711070881102,0.10811347684301222,0.04131808220323295,0.9256774230332995,0.19881305637982197,0.21428571428571427
174,ReFAM_sta2_j4_k5_const0,0.1134999990463256,resnet34,mnist,resnet34mnist,2,YES,NO,1.0,0.9755655618678827,1.0,1.0,1.0,0.1115920190363653,0.07610671058800393,0.1115920190363653,0.07610671058800393,1.0,0.18069513862763714,1.0,1.0,0.14285714285714285
175,ReFAM_new_sta2_j2_k1,0.9230999946594238,resnet18,cifar,resnet18cifar,0,NO,NO,0.0,0.0,0.0,0.0,0.0,0.0,0.0,0.0,0.0,0.0,0.0,0.0,0.0,0.0
176,ReFAM_sta1_j1_k8_const1,0.1027999967336654,resnet18,mnist,resnet18mnist,2,NO,YES,0.8926020456109455,1.0,1.0,1.0,0.502021954692714,1.0,1.0,1.0,1.0,0.8729180812050324,1.0,1.0,0.755192878338279,1.0
177,ReFAM_sta3_j5_k2_const0,0.1000000014901161,resnet18,cifar,resnet18cifar,2,YES,NO,0.6950163500776488,0.03859498000152854,0.3699075373584843,0.3699616122840691,0.05078518525493832,0.031132840801709947,0.019594277817676115,0.031132840801709947,0.019594277817676115,0.30958655755864384,0.08294070929100757,0.9674366560847423,0.21364985163204747,0.14285714285714285
178,ReFAM_new2_sta2_j1_k6,0.9524999856948853,vgg16,mnist,vgg16mnist,1,NO,NO,0.3535744025332677,0.06863169694036125,0.23470909984201832,0.23464491362763915,0.06608658965750089,0.027171448342900296,0.0411165525027963,0.027171448342900296,0.0411165525027963,0.24194933452771356,0.11640705708126571,0.8928656516435921,0.1884272997032641,0.2857142857142857
179,ReFAM_sta3_j2_k4_const0,0.120399996638298,resnet18,cifar,resnet18cifar,2,YES,NO,0.32670968077216156,0.009562764311008077,0.173884216439088,0.1739443378119002,0.01258315866635049,0.01762977738510155,0.011118466452327731,0.01762977738510155,0.011118466452327731,0.1475591318915457,0.06115753927733291,0.954014445446752,0.10682492581602374,0.14285714285714285
180,mul8_470,0.9160000085830688,resnet18,cifar,resnet18cifar,0,NO,NO,0.010399247133331404,7.324280946679234e-05,0.006457238806756583,0.0064779270633397315,8.27580939198442e-05,0.0008338347182397504,0.00021597779116176738,0.0008338347182397504,0.00021597779116176738,0.007656374992414146,0.008298848103760232,0.41362156350478224,0.005934718100890208,0.14285714285714285
181,mul8_270,0.1002999991178512,resnet18,cifar,resnet18cifar,2,NO,NO,0.948064696988713,0.4155279532774565,0.654752572777952,0.6547504798464492,0.332450332127078,0.043877954783212006,0.0324651494373164,0.043877954783212006,0.0324651494373164,0.6132393403800852,0.10777604605196371,0.9955252510237451,0.7470326409495549,0.14732142857142858
182,ReFAM_new_sta2_j1_k8,0.1000000014901161,vgg16,cifar,vgg16cifar,2,NO,NO,0.5884240669610019,0.3612874732504522,0.4859783863597848,0.4858445297504798,0.30539324319542427,0.015570033985766087,0.0017260664122928236,0.015570033985766087,0.0017260664122928236,0.5105071631669272,0.02670963138126034,0.7302230349284956,0.516320474777448,0.04686314285714286
183,mul8_460,0.2249999940395355,resnet34,cifar,resnet34cifar,2,NO,NO,0.11089822311599977,0.006773516712098439,0.07085846576773441,0.07077735124760078,0.007020533885918374,0.006373460386978808,0.0021773370816308255,0.006373460386978808,0.0021773370816308255,0.0759698370181921,0.02681189277631477,0.8458863871925455,0.0897626112759644,0.14285714285714285
184,ReFAM_new2_sta2_j1_k1,0.9886000156402588,vgg16,mnist,vgg16mnist,0,YES,NO,0.013865662844441871,6.368939953634117e-05,0.007379701493436096,0.007437619961612285,8.380566472895615e-05,0.0011988067942623499,0.0007743593975799951,0.0011988067942623499,0.0007743593975799951,0.008120812372828586,0.01571242602843613,0.5090726935443474,0.004451038575667656,0.2857142857142857
185,mul8_438,0.1000000014901161,vgg16,cifar,vgg16cifar,2,NO,NO,0.6370622124075207,0.15419506836420147,0.38351048208372307,0.3833973128598849,0.1633592212405697,0.027374712494150508,0.019150030816343377,0.027374712494150508,0.019150030816343377,0.3880385641895903,0.08116569033159564,0.9804251367878328,0.4317507418397626,0.7142857142857143
186,ReFAM_new2_sta3_j1_k8,0.0997999981045723,resnet18,cifar,resnet18cifar,2,NO,NO,1.0,1.0,0.9553211396656033,0.9553742802303264,1.0,0.11472228696561854,0.25292579670344145,0.11472228696561854,0.25292579670344145,1.0,0.29873091369436827,1.0,0.7581602373887241,0.2857142857142857
187,mul8_155,0.1194000020623207,vgg16,mnist,vgg16mnist,2,NO,NO,0.6453220293609432,0.5097474773647874,0.6291750661199115,0.6290786948176584,0.3286375344780907,0.044373015916034736,0.0318523344038574,0.044373015916034736,0.0318523344038574,0.5972616880544818,0.1070102052393663,1.0,0.8100890207715133,0.2857142857142857
188,mul8_254,0.100100003182888,resnet18,cifar,resnet18cifar,2,NO,NO,0.255810650397271,1.0,1.0,1.0,1.0,0.08253427936986306,0.04657218662588257,0.08253427936986306,0.04657218662588257,1.0,0.13938452075980964,1.0,1.0,0.42857142857142855
189,ReFAM_new1_sta2_j1_k2,0.261599987745285,resnet34,cifar,resnet34cifar,2,YES,YES,0.058929067088877955,0.0002897867678903523,0.03136373134710341,0.03142994241842611,0.0003813157745167505,1.0,1.0,1.0,1.0,0.026383961770203804,1.0,0.9545113003956514,0.010385756676557863,1.0
190,mul8_420,0.1134999990463256,resnet34,mnist,resnet34mnist,2,NO,NO,1.0,1.0,1.0,1.0,1.0,0.061211418205602136,0.046199932221603755,0.061211418205602136,0.046199932221603755,1.0,0.13121555209210392,1.0,1.0,0.14285714285714285
191,mul8_253,0.1061000004410743,resnet34,cifar,resnet34cifar,2,NO,NO,0.025727307572313715,1.0,1.0,1.0,1.0,0.08033360615899413,0.045116531431792284,0.08033360615899413,0.045116531431792284,1.0,0.13682723944990835,1.0,1.0,0.42857142857142855
192,ReFAM_new1_sta1_j2_k7,0.1000000014901161,resnet18,cifar,resnet18cifar,2,NO,YES,1.0,1.0,1.0,1.0,1.0,1.0,1.0,1.0,1.0,1.0,1.0,0.9415859447065603,0.7566765578635015,1.0
193,mul8_118,0.989300012588501,vgg16,mnist,vgg16mnist,0,NO,NO,0.031847694345827425,0.00037844191526762285,0.01801685119413459,0.017994241842610365,0.00045205851619534073,0.002132918493785537,0.0007322173895484308,0.002132918493785537,0.0007322173895484308,0.019295832502765967,0.01533696995754286,0.5836436979854975,0.01483679525222552,0.14285714285714285
194,mul8_321,0.0930999964475631,resnet18,cifar,resnet18cifar,2,NO,NO,0.3000074507139295,1.0,1.0,1.0,1.0,0.074516637848327,0.0382017302806131,0.074516637848327,0.0382017302806131,1.0,0.12614428261765287,1.0,1.0,0.42857142857142855
195,ReFAM_new2_sta3_j1_k7,0.099200002849102,resnet34,mnist,resnet34mnist,2,NO,NO,0.9047345005998321,0.31366710824650346,0.5280292611953541,0.5280710172744721,0.3549419412189441,0.0712318891641236,0.15026084147054536,0.0712318891641236,0.15026084147054536,0.5524739325374177,0.22614771621193935,0.9982599895334655,0.37833827893175076,0.2857142857142857
196,ReFAM_sta2_j3_k3_const0,0.1186000034213066,resnet18,cifar,resnet18cifar,2,YES,NO,0.33450911612216017,0.009972963849896823,0.1780352985291458,0.17802303262955857,0.013122919525745421,0.016825754742378497,0.00931162785797441,0.016825754742378497,0.00931162785797441,0.1509830612874272,0.056104930641395406,0.9495396964704972,0.08605341246290801,0.14285714285714285
197,ReFAM_sta2_j1_k7_const0,0.101000003516674,vgg16,mnist,vgg16mnist,2,YES,NO,1.0,0.24609185922095125,1.0,1.0,0.32381985065864105,0.06594160085425146,0.04618764080259455,0.06594160085425146,0.04618764080259455,0.8492247827844429,0.13275544448624474,0.9982599895334655,0.5155786350148368,0.14285714285714285
198,ReFAM_sta3_j2_k3_const1,0.2700999975204468,resnet18,cifar,resnet18cifar,2,NO,YES,0.07106152207776459,0.0020945851272514203,0.05024539131000004,0.05014395393474089,0.0014091454050508142,1.0,1.0,1.0,1.0,0.04443831696066123,1.0,0.9704198220689122,0.025222551928783383,1.0
199,ReFAM_sta2_j3_k6_const0,0.100100003182888,resnet18,cifar,resnet18cifar,2,YES,NO,1.0,0.9776951761648791,1.0,1.0,1.0,0.11253606809439405,0.07799783319842038,0.11253606809439405,0.07799783319842038,1.0,0.1827426058293474,1.0,1.0,0.14285714285714285
200,mul8_488,0.101000003516674,vgg16,mnist,vgg16mnist,2,NO,NO,0.5976858999055409,1.0,1.0,1.0,1.0,0.08769176843425172,0.05915333194030585,0.08769176843425172,0.05915333194030585,1.0,0.1549819960230021,1.0,1.0,1.0
201,mul8_038,0.1017000004649162,resnet34,cifar,resnet34cifar,2,NO,NO,0.7394839675881535,0.11993654890072097,0.4034258574231635,0.4033109404990403,0.14815256163939206,0.025379110226987335,0.012918281378675792,0.025379110226987335,0.012918281378675792,0.39033400654958134,0.06736861276819357,0.975205105388229,0.4873887240356083,0.14285714285714285
202,ReFAM_new_sta3_j4_k1,0.9193000197410583,resnet18,cifar,resnet18cifar,0,NO,NO,0.001949858837499638,0.00042571138511706113,0.008878703359290302,0.008877159309021113,0.00046445034024369014,0.0007299441520451986,0.00011589052208680202,0.0007299441520451986,0.00011589052208680202,0.015667532035772428,0.0060856726560493965,0.1928906980201145,0.011869436201780416,0.063492
203,ReFAM_sta2_j5_k1_const1,0.9611999988555908,vgg16,mnist,vgg16mnist,1,NO,YES,0.048529819955546546,0.008699971976664203,0.07933179105443802,0.07941458733205375,0.004521315612127185,1.0,1.0,1.0,1.0,0.07323754367741714,1.0,0.771563810225845,0.03560830860534125,1.0
204,mul8_029,0.9886999726295472,vgg16,mnist,vgg16mnist,0,NO,NO,0.09445982812776024,0.0038068348279112424,0.05148494870030026,0.051583493282149714,0.004857549017643039,0.004291132081948878,0.0011852439758877479,0.004291132081948878,0.0011852439758877479,0.05958337758386553,0.019717041973450852,0.7074318504385152,0.07270029673590504,0.14285714285714285
205,ReFAM_new2_sta3_j6_k2,0.1032000035047531,resnet18,mnist,resnet18mnist,2,NO,NO,0.7470125857443058,0.30379763967085316,0.44648635290990046,0.4464971209213052,0.34893418203014226,0.059041460466477666,0.11025227259557895,0.059041460466477666,0.11025227259557895,0.5097386771573992,0.19329568322554833,0.5712151972453058,0.3323442136498516,0.2857142857142857
206,mul8_283,0.448199987411499,vgg16,mnist,vgg16mnist,2,NO,NO,0.655477545872795,0.11314438932056149,0.38101379992371753,0.3809980806142035,0.1199930846468494,0.027867966834517685,0.017148285434844066,0.027867966834517685,0.017148285434844066,0.36136981365028376,0.07727378585120295,0.9824909537782357,0.43991097922848665,0.14285714285714285
207,mul8_297,0.1002999991178512,resnet18,cifar,resnet18cifar,2,NO,NO,0.5544640290076323,0.19935201804957584,0.40804188653626305,0.4081094049904031,0.16455331509154572,0.03136501363224908,0.021945450682437143,0.03136501363224908,0.021945450682437143,0.4019285316050743,0.08737974955661848,0.982506225959042,0.5437685459940653,0.14285714285714285
208,mul8_225,0.7501000165939331,vgg16,mnist,vgg16mnist,2,NO,NO,1.0,1.0,0.9916508787792817,0.9916026871401153,0.9382069913015348,0.053092596306554864,0.039049838192248325,0.053092596306554864,0.039049838192248325,0.9692281115595733,0.11964583221368301,1.0,1.0,0.14285714285714285
209,mul8_189,0.0103000001981854,resnet34,cifar100,resnet34cifar100,2,NO,NO,0.49022701286111636,0.20555776634906886,0.38094826448460506,0.3809980806142035,0.17563329832997496,1.0,1.0,1.0,1.0,0.39355514572582595,1.0,0.9873536161469713,0.4970326409495549,1.0
210,mul8_040,0.1033999994397163,resnet34,cifar,resnet34cifar,2,NO,NO,0.9404886859969583,0.25386571874761166,0.5582672781172457,0.5583013435700577,0.25882140409359994,0.03417818948555198,0.023694344015747066,0.03417818948555198,0.023694344015747066,0.529985348511525,0.09119178564817303,0.9949347266992338,0.7655786350148368,0.5089285714285714
211,ReFAM_sta1_j7_k3_const1,0.1000000014901161,vgg16,cifar,vgg16cifar,2,NO,YES,1.0,1.0,1.0,1.0,1.0,1.0,1.0,1.0,1.0,1.0,1.0,0.9731545605786324,1.0,1.0
212,ReFAM_new1_sta4_j2_k1,0.1032000035047531,resnet18,mnist,resnet18mnist,2,NO,YES,1.0,1.0,1.0,1.0,1.0,1.0,1.0,1.0,1.0,1.0,1.0,1.0,1.0,1.0
213,mul8_178,0.1000000014901161,vgg16,cifar,vgg16cifar,2,NO,NO,0.38710114545557994,1.0,1.0,1.0,1.0,0.07326543407285349,0.03611043313204672,0.07326543407285349,0.03611043313204672,1.0,0.12297343293742499,1.0,1.0,0.42857142857142855
214,mul8_121,0.1083000004291534,resnet34,mnist,resnet34mnist,2,NO,NO,0.0075286250889837585,1.0,1.0,1.0,1.0,0.05697539329354776,0.03491992140515502,0.05697539329354776,0.03491992140515502,1.0,0.11531054621020763,0.9835009540022277,1.0,0.32034628571428575
215,ReFAM_new_sta3_j5_k3,0.1180000007152557,resnet34,mnist,resnet34mnist,2,NO,NO,0.20278531909996236,0.05917939393167401,0.1763020760074422,0.17634357005758158,0.05394646851474412,0.009059257372164916,0.001968382958474319,0.009059257372164916,0.001968382958474319,0.2007792276787473,0.026093077276771588,0.560496162610036,0.22551928783382788,0.06762471428571429
216,mul8_461,0.1019999980926513,resnet34,cifar,resnet34cifar,2,NO,NO,1.0,1.0,1.0,1.0,1.0,0.07353735633741487,0.0565686221143699,0.07353735633741487,0.0565686221143699,1.0,0.14710936147089207,1.0,1.0,1.0
217,mul8_350,0.0993999987840652,resnet18,cifar,resnet18cifar,2,NO,NO,1.0,1.0,1.0,1.0,1.0,0.09031794126840442,0.05873015594298889,0.09031794126840442,0.05873015594298889,1.0,0.1555769035548151,1.0,1.0,1.0
218,ReFAM_new_sta2_j1_k4,0.911899983882904,resnet34,cifar,resnet34cifar,0,NO,NO,0.012132454988886637,0.0004959811988892569,0.01130016791182402,0.011276391554702494,0.0005467664933711526,0.0007272339633618626,4.389792503287955e-05,0.0007272339633618626,4.389792503287955e-05,0.017542960565965833,0.0037650107785003255,0.25055947089020525,0.011869436201780416,0.031746
219,mul8_293,0.1130999997258186,resnet18,mnist,resnet18mnist,2,NO,NO,1.0,1.0,1.0,1.0,1.0,0.0872084514523901,0.045990978098447245,0.0872084514523901,0.045990978098447245,1.0,0.14065942924705754,1.0,1.0,0.7539682857142856
220,mul8_492,0.1000000014901161,vgg16,cifar,vgg16cifar,2,NO,NO,1.0,0.2686244836318243,0.5906072996937218,0.5906909788867564,0.27277248593520115,0.03619276307349851,0.024586349852415177,0.03619276307349851,0.024586349852415177,0.5540576669010541,0.09324895648591032,0.9945315411259467,0.766320474777448,0.14285714285714285
221,ReFAM_new2_sta4_j1_k5,0.0089999996125698,resnet34,cifar100,resnet34cifar100,2,NO,NO,1.0,1.0,1.0,1.0,1.0,1.0,1.0,1.0,1.0,1.0,1.0,1.0,1.0,0.2857142857142857
222,ReFAM_sta3_j5_k2_const1,0.1009000018239021,resnet34,mnist,resnet34mnist,2,NO,YES,0.08146076921109599,0.03859498000152854,0.1680899995333077,0.16818618042226488,0.018316070741398714,1.0,1.0,1.0,1.0,0.15235994502524028,1.0,0.8970919731453972,0.13056379821958458,1.0
223,ReFAM_new1_sta4_j2_k1,0.1000000014901161,vgg16,cifar,vgg16cifar,2,NO,YES,1.0,1.0,1.0,1.0,1.0,1.0,1.0,1.0,1.0,1.0,1.0,1.0,1.0,1.0
224,mul8_195,0.1145000010728836,resnet34,mnist,resnet34mnist,2,NO,NO,1.0,1.0,1.0,1.0,1.0,0.07571454124636157,0.04996813010642613,0.07571454124636157,0.04996813010642613,1.0,0.14060046099735465,1.0,1.0,0.42857142857142855
225,ReFAM_new_sta3_j7_k2,0.1080999970436096,resnet34,cifar,resnet34cifar,2,NO,NO,0.5190957527387925,0.26709722027615723,0.4087590717563504,0.4088291746641075,0.2397336026198809,0.016670370591200558,0.003943789584953899,0.016670370591200558,0.003943789584953899,0.441280624067323,0.03796286343849089,0.600282229901301,0.47477744807121663,0.06762471428571429
226,mul8_297,0.1000000014901161,vgg16,cifar,vgg16cifar,2,NO,NO,0.5544640290076323,0.19935201804957584,0.40804188653626305,0.4081094049904031,0.16455331509154572,0.03136501363224908,0.021945450682437143,0.03136501363224908,0.021945450682437143,0.4019285316050743,0.08737974955661848,0.982506225959042,0.5437685459940653,0.14285714285714285
227,mul8_135,0.1134999990463256,resnet34,mnist,resnet34mnist,2,NO,NO,0.8206739196054033,0.2675780752426566,0.537224273320056,0.5371880998080615,0.23165872049369943,1.0,1.0,1.0,1.0,0.5065599692258025,1.0,0.9959294547424195,0.4992581602373887,1.0
228,ReFAM_sta1_j7_k1_const0,0.1134999990463256,resnet18,mnist,resnet18mnist,2,YES,NO,0.9983277247998147,0.21195832165694342,0.5313385075273989,0.5314299424184261,0.2789052522179661,0.024382664187747417,0.012163237068110264,0.024382664187747417,0.012163237068110264,0.5233287971107037,0.06531144193045628,0.7477005186432601,0.42729970326409494,0.14285714285714285
229,ReFAM_new2_sta2_j2_k7,0.1048000007867813,resnet18,mnist,resnet18mnist,2,NO,NO,0.8960684613220559,1.0,0.8479927425949197,0.8478886756238003,0.947705604672357,0.07050104161585062,0.12333736608937969,0.07050104161585062,0.12333736608937969,0.8951658398330714,0.2062254050148391,0.9216221499565252,0.7566765578635015,0.2857142857142857
230,mul8_210,0.1282999962568283,vgg16,mnist,vgg16mnist,2,NO,NO,0.7478791896720834,0.17545454328331592,0.42786729224494624,0.4277831094049904,0.2005472696994567,1.0,1.0,1.0,1.0,0.43151036913101204,1.0,0.9761061640558024,0.4495548961424332,1.0
231,ReFAM_new1_sta3_j4_k5,0.1009000018239021,resnet34,mnist,resnet34mnist,2,NO,YES,1.0,1.0,0.9581612731331134,0.9580134357005758,1.0,1.0,1.0,1.0,1.0,0.9835984196130352,1.0,0.9223521601990677,0.7477744807121661,1.0
232,mul8_327,0.0111999996006488,resnet34,cifar100,resnet34cifar100,2,NO,NO,1.0,1.0,1.0,1.0,1.0,0.09031794126840442,0.05873015594298889,0.09031794126840442,0.05873015594298889,1.0,0.1555769035548151,1.0,1.0,1.0
233,ReFAM_new_sta2_j4_k3,0.2264000028371811,resnet18,cifar,resnet18cifar,2,NO,NO,0.05762916119721153,0.01669811662802843,0.08601964553286448,0.08613243761996162,0.014021146025573633,0.003941517741798517,0.0003230887282419935,0.003941517741798517,0.0003230887282419935,0.10055826281032638,0.010635931519201256,0.5241117190570345,0.08902077151335312,0.04444442857142857
234,ReFAM_new2_sta1_j5_k1,0.988099992275238,vgg16,mnist,vgg16mnist,0,NO,NO,0.06239548279998842,0.014049881537716863,0.06641731344092486,0.06645873320537428,0.014414574333380458,0.0054619335931500885,0.0048410631726259565,0.0054619335931500885,0.0048410631726259565,0.093143825767061,0.03945423765249637,0.3261252033745411,0.0712166172106825,0.2857142857142857
235,mul8_482,0.1004000008106231,resnet34,cifar,resnet34cifar,2,NO,NO,1.0,0.6160269472779151,0.8559939108902226,0.8560460652591171,0.6114401439925774,0.048927939696495,0.03614379555507171,0.048927939696495,0.03614379555507171,0.8134208410780055,0.11446931561001535,0.9957899688243882,0.9673590504451038,0.6190475714285714
236,ReFAM_sta4_j4_k2_const1,0.9193000197410583,vgg16,mnist,vgg16mnist,1,NO,YES,0.1594551227110815,0.005311695921330854,0.0931687313546307,0.09309021113243762,0.005169761942967483,1.0,1.0,1.0,1.0,0.08325758126762897,1.0,0.8988319836119318,0.04154302670623145,1.0
237,mul8_191,0.1040999963879585,resnet18,cifar,resnet18cifar,2,NO,NO,1.0,0.9725755884773138,0.9154185475926839,0.9153071017274472,0.8526660784924649,0.05141589290779757,0.038888293828127335,0.05141589290779757,0.038888293828127335,0.907614539003313,0.11892925601476147,1.0,1.0,0.18080357142857142
238,mul8_106,0.1000000014901161,vgg16,cifar,vgg16cifar,2,NO,NO,1.0,1.0,1.0,1.0,1.0,0.08818321598216335,0.0448759708026121,0.08818321598216335,0.0448759708026121,1.0,0.13981595934624366,1.0,1.0,0.36160714285714285
239,ReFAM_sta3_j1_k8_const1,0.0979999974370002,vgg16,mnist,vgg16mnist,2,NO,YES,0.23094994675273492,0.799380332000102,0.7538458096682297,0.7538387715930902,0.3708627779954284,1.0,1.0,1.0,1.0,0.6840890755775828,1.0,1.0,0.6698813056379822,1.0
240,mul8_374,0.1092000007629394,vgg16,cifar,vgg16cifar,2,NO,NO,0.6681516283165426,0.3820263339744733,0.5545015308305185,0.5544625719769675,0.2798467936756095,0.03879093062459008,0.028593352449416423,0.03879093062459008,0.028593352449416423,0.536489464143296,0.1004983190316667,0.9939715611630479,0.841246290801187,0.15178571428571427
241,ReFAM_sta4_j2_k5_const1,0.476500004529953,vgg16,mnist,vgg16mnist,2,NO,YES,0.3223766611332735,0.023517310778793977,0.19351537733491173,0.19361804222648754,0.021085324175286156,1.0,1.0,1.0,1.0,0.17138356248339412,1.0,1.0,0.09347181008902077,1.0
242,ReFAM_sta2_j5_k5_const1,0.1004000008106231,resnet34,cifar,resnet34cifar,2,NO,YES,0.006932831422220936,1.0,1.0,1.0,1.0,1.0,1.0,1.0,1.0,1.0,1.0,1.0,1.0,1.0
243,mul8_046,0.1134999990463256,resnet34,mnist,resnet34mnist,2,NO,NO,0.9097174731845534,0.37893838079891984,0.6207510630681392,0.6206813819577736,0.31285128296175246,0.04107742647709799,0.02989975469839492,0.04107742647709799,0.02989975469839492,0.58664585352985,0.10314666523351428,0.9942047164566912,0.7099406528189911,0.15178571428571427
244,mul8_336,0.1006999984383583,resnet34,cifar,resnet34cifar,2,NO,NO,0.33747452383771237,1.0,1.0,1.0,1.0,0.057151555557964605,0.0334941168000871,0.057151555557964605,0.0334941168000871,1.0,0.11339146557747083,0.9860025372183047,0.9376854599406528,1.0
245,ReFAM_sta2_j1_k9_const0,0.0997999981045723,resnet34,cifar,resnet34cifar,2,YES,NO,1.0,1.0,1.0,1.0,1.0,0.176463095360699,0.12252613243477206,0.176463095360699,0.12252613243477206,1.0,0.2452280503753068,1.0,1.0,0.14285714285714285
246,ReFAM_sta1_j1_k6_const0,0.1124999970197677,resnet34,mnist,resnet34mnist,2,YES,NO,0.6534193615443231,0.07465910248898174,0.347768432878176,0.34764875239923226,0.09824014290770974,0.023957164564463642,0.014222927710652972,0.023957164564463642,0.014222927710652972,0.3286923251547612,0.0700333805079331,0.8789455679113154,0.27967359050445106,0.14285714285714285
247,ReFAM_new1_sta2_j2_k1,0.9860000014305116,vgg16,mnist,vgg16mnist,0,YES,YES,0.048529819955546546,0.00026749547805263293,0.025828955227026332,0.025911708253358926,0.0003519837918616159,1.0,1.0,1.0,1.0,0.02264786293283588,1.0,0.8272431270095645,0.008902077151335312,1.0
248,mul8_007,0.9592999815940856,vgg16,mnist,vgg16mnist,1,NO,NO,0.18783640134579846,0.18186417230530152,0.25994710333285326,0.2598368522072937,0.16842269530835408,0.010930190959894627,0.004112357617080156,0.010930190959894627,0.004112357617080156,0.33165784010607147,0.03723434430292064,0.6367919053369144,0.4807121661721068,0.14285714285714285
249,ReFAM_sta1_j2_k8_const1,0.0979999974370002,vgg16,mnist,vgg16mnist,2,NO,YES,1.0,1.0,1.0,1.0,1.0,1.0,1.0,1.0,1.0,1.0,1.0,1.0,1.0,1.0
250,ReFAM_sta2_j6_k4_const0,0.1134999990463256,resnet34,mnist,resnet34mnist,2,YES,NO,1.0,1.0,1.0,1.0,1.0,0.16784650214014565,0.1080380612569205,0.16784650214014565,0.1080380612569205,1.0,0.23133169715101248,1.0,1.0,0.14285714285714285
251,ReFAM_sta3_j4_k5_const0,0.1000000014901161,vgg16,cifar,vgg16cifar,2,YES,NO,1.0,0.7940893351336203,1.0,1.0,1.0,0.11571511941994735,0.09102498143117772,0.11571511941994735,0.09102498143117772,1.0,0.1949968052644465,1.0,1.0,0.14285714285714285
252,ReFAM_sta1_j2_k8_const0,0.1032999977469444,resnet34,cifar,resnet34cifar,2,YES,NO,1.0,1.0,1.0,1.0,1.0,0.09825698731812374,0.05903392958421641,0.09825698731812374,0.05903392958421641,1.0,0.15913216650842274,0.9545113003956514,1.0,0.14285714285714285
253,ReFAM_new1_sta3_j1_k1,0.8181999921798706,resnet18,cifar,resnet18cifar,2,YES,YES,0.027731325688883743,6.368939953634117e-05,0.014759402986872191,0.01487523992322457,8.380566472895615e-05,1.0,1.0,1.0,1.0,0.012404746626742444,1.0,0.8908772137026079,0.004451038575667656,1.0
254,ReFAM_sta4_j5_k3_const1,0.0979999974370002,vgg16,mnist,vgg16mnist,2,NO,YES,0.49223103097768645,0.09921534659771228,0.3413400228753035,0.34141074856046066,0.07160866582130489,1.0,1.0,1.0,1.0,0.3066136959790737,1.0,0.9565618452052479,0.18991097922848665,1.0
255,ReFAM_sta1_j4_k2_const0,0.1337999999523162,vgg16,cifar,vgg16cifar,2,YES,NO,0.2911789197332793,0.01635543780093241,0.154973731362158,0.15499040307101727,0.02152129470239594,0.012186815112734815,0.005432807202069173,0.012186815112734815,0.005432807202069173,0.14944648448123987,0.042724362993616496,0.8192893752456275,0.12462908011869436,0.14285714285714285
256,ReFAM_sta1_j1_k2_const0,0.699400007724762,vgg16,cifar,vgg16cifar,0,YES,NO,0.029464533544438978,0.00020619443099890455,0.015681865673551704,0.015595009596928982,0.00027132083955999555,0.002041675474779887,0.0007269496385444853,0.002041675474779887,0.0007269496385444853,0.015841945430041124,0.015288451777407546,0.6999749536234776,0.012611275964391691,0.14285714285714285
257,mul8_165,0.989300012588501,vgg16,mnist,vgg16mnist,0,YES,NO,0.030981090418049806,0.0008777070924515322,0.016489020524396276,0.016554702495201537,0.0011549304414190389,0.0014463373606737166,0.0003107973092327872,0.0014463373606737166,0.0003107973092327872,0.025519257668745018,0.010001463009739465,0.4046730836976597,0.02967359050445104,0.14285714285714285
258,ReFAM_new1_sta1_j4_k4,0.1009000018239021,resnet34,mnist,resnet34mnist,2,NO,YES,1.0,0.5021495172343515,0.7990833023361272,0.7989443378119002,0.5552072255063037,1.0,1.0,1.0,1.0,0.7657523708393656,1.0,0.8411632107418411,0.36795252225519287,1.0
259,mul8_095,0.1081999987363815,resnet34,cifar,resnet34cifar,2,NO,NO,0.31398143904934356,1.0,1.0,1.0,1.0,0.07454102954647703,0.037655640093204074,0.07454102954647703,0.037655640093204074,1.0,0.12546428166221793,1.0,1.0,0.42857142857142855
260,mul8_471,0.1134999990463256,resnet18,mnist,resnet18mnist,2,NO,NO,0.8863191671345577,0.4824689827656485,0.6747967681866619,0.6746641074856046,0.348228472210455,0.04864427328097248,0.044654725260446386,0.04864427328097248,0.044654725260446386,0.6303197557149195,0.12563596137654287,1.0,0.7255192878338279,1.0
261,ReFAM_sta4_j2_k4_const0,0.1033999994397163,resnet34,cifar,resnet34cifar,2,YES,NO,0.24611551548884322,0.005480472830102158,0.13098970150849068,0.13099808061420348,0.0072114774499266775,0.014907844550804293,0.009827867456361074,0.014907844550804293,0.009827867456361074,0.11129760135646151,0.05718725927518318,0.9535165723524657,0.0712166172106825,0.14285714285714285
262,mul8_128,0.1039000004529953,resnet34,mnist,resnet34mnist,2,NO,NO,0.25494404646949337,1.0,1.0,1.0,1.0,0.08226145370907388,0.04579255947729863,0.08226145370907388,0.04579255947729863,1.0,0.13838429981548164,1.0,1.0,0.42857142857142855
263,ReFAM_new_sta3_j1_k8,0.0099999997764825,resnet34,cifar100,resnet34cifar100,2,NO,NO,0.5801913296471145,0.2780475676254044,0.43344215490353566,0.43354126679462573,0.25197166655466635,0.018510588707185794,0.0044881238553616054,0.018510588707185794,0.0044881238553616054,0.4596376608834779,0.040715710336014524,0.6890685802369835,0.5133531157270029,0.06800742857142857
264,mul8_107,0.1134999990463256,resnet18,mnist,resnet18mnist,2,NO,NO,0.4285356422860316,0.18980232203907982,0.35697369171840154,0.35700575815738966,0.1569153701572944,0.02626714871889381,0.01827734006668973,0.02626714871889381,0.01827734006668973,0.37037993889299825,0.07918689501561539,0.9834693914952279,0.45845697329376855,0.2770562857142857
265,ReFAM_new_sta1_j1_k8,0.1008000001311302,resnet18,cifar,resnet18cifar,2,NO,NO,0.3843388419693731,0.25477904356354925,0.27317507435565835,0.2732725527831094,0.2948943713694238,0.007339190954474249,0.001343276506006114,0.007339190954474249,0.001343276506006114,0.41119618404975594,0.021522664708025056,0.4459354618002032,0.5652818991097923,0.06098442857142857
266,ReFAM_sta2_j1_k6_const1,0.1000000014901161,resnet34,cifar,resnet34cifar,2,NO,YES,0.039863780677770376,0.05441224237637887,0.19803940739934334,0.197936660268714,0.023870069941116526,1.0,1.0,1.0,1.0,0.17760377451461098,1.0,1.0,0.13649851632047477,1.0
267,ReFAM_sta2_j5_k4_const1,0.1009000018239021,resnet34,mnist,resnet34mnist,2,NO,YES,0.4506340424443608,0.9680151835528494,0.8395293282473217,0.8394913627639156,0.4769022227333275,1.0,1.0,1.0,1.0,0.7666895613120643,1.0,0.9935215409019547,0.7002967359050445,1.0
268,ReFAM_new1_sta1_j7_k1,0.1000000014901161,vgg16,cifar,vgg16cifar,2,NO,YES,1.0,0.37479937839146055,0.619894925448632,0.6199616122840691,0.4280122909037249,1.0,1.0,1.0,1.0,0.6276360085905093,1.0,0.6124785934932364,0.28486646884273,1.0
269,ReFAM_new1_sta2_j4_k1,0.1164999976754188,resnet18,mnist,resnet18mnist,2,YES,YES,0.12479096559997684,0.004127073089954908,0.06641731344092486,0.06645873320537428,0.005430607074436359,1.0,1.0,1.0,1.0,0.06890737763866477,1.0,0.6085006994658809,0.03560830860534125,1.0
270,mul8_081,0.1044000014662742,resnet18,cifar,resnet18cifar,2,NO,NO,0.03396004488620107,1.0,1.0,1.0,1.0,0.08111414049979493,0.0463913271747471,0.08111414049979493,0.0463913271747471,1.0,0.13860897631118516,1.0,1.0,0.42857142857142855
271,mul8_418,0.1591999977827072,resnet34,cifar,resnet34cifar,2,NO,NO,0.045930008172213696,0.08887995025857896,0.2498090207050514,0.24976007677543188,0.04086339425820502,0.02248733890186768,0.016214137590144388,0.02248733890186768,0.016214137590144388,0.22682617573547875,0.07409397896848857,0.9577428938542708,0.18397626112759644,0.2857142857142857
272,ReFAM_sta3_j3_k4_const0,0.0998999997973442,resnet18,cifar,resnet18cifar,2,YES,NO,0.7435461700331953,0.041059759763584947,0.39573649258551064,0.3956333973128599,0.05402846447994892,0.034443787976518925,0.02441778182028892,0.034443787976518925,0.02441778182028892,0.3284888392521978,0.09250849441369138,0.9814809535542437,0.22551928783382788,0.14285714285714285
273,mul8_204,0.1058000028133392,vgg16,mnist,vgg16mnist,2,NO,NO,0.6998368378923275,1.0,0.5938317495657562,0.5938099808061421,1.0,0.03448624759922452,0.020322983373221915,0.03448624759922452,0.020322983373221915,0.8374286287854824,0.08520986725425915,0.9642987320017349,1.0,0.32722828571428575
274,ReFAM_new1_sta1_j1_k7,0.0979999974370002,vgg16,mnist,vgg16mnist,2,NO,YES,1.0,0.5146453774233817,0.8247897434488103,0.8248560460652592,0.5683642094367859,1.0,1.0,1.0,1.0,0.7839610539481563,1.0,0.9714145501120978,0.37833827893175076,1.0
275,mul8_044,0.1085999980568885,resnet18,mnist,resnet18mnist,2,NO,NO,0.03396004488620107,1.0,1.0,1.0,1.0,0.08037064540433304,0.045090192676772556,0.08037064540433304,0.045090192676772556,1.0,0.13681007147847585,1.0,1.0,0.42857142857142855
276,mul8_082,0.010700000450015,resnet34,cifar100,resnet34cifar100,2,NO,NO,0.9535892970282952,0.2604456306269584,0.5428922641216418,0.5429462571976967,0.2969752613315266,0.032957701181822945,0.024017432743989056,0.032957701181822945,0.024017432743989056,0.5370777276707713,0.09144631948549828,0.9887209854018314,0.6706231454005934,1.0
277,ReFAM_sta1_j4_k5_const1,0.1027999967336654,resnet18,mnist,resnet18mnist,2,NO,YES,0.8735367591998379,1.0,0.9947030458301012,0.9947216890595011,0.49518478590834825,1.0,1.0,1.0,1.0,0.8654413927210544,1.0,1.0,0.7477744807121661,1.0
278,ReFAM_sta3_j4_k1_const0,0.1412000060081482,resnet34,mnist,resnet34mnist,2,YES,NO,0.11785813417775591,0.001846992586553894,0.06272746269420681,0.06261996161228407,0.0024303642771397287,0.006964281519946085,0.003076366586304199,0.006964281519946085,0.003076366586304199,0.05639272664420592,0.031768211485522176,0.8431516486828253,0.04154302670623145,0.14285714285714285
279,mul8_117,0.0967999994754791,resnet34,mnist,resnet34mnist,2,NO,NO,0.32990528622225723,1.0,1.0,1.0,1.0,0.07343707935613143,0.03612974821906118,0.07343707935613143,0.03612974821906118,1.0,0.12306972286415506,1.0,1.0,0.42857142857142855
280,ReFAM_new_sta1_j1_k5,0.7074000239372253,resnet18,cifar,resnet18cifar,2,NO,NO,0.04463010228054727,0.0036374110768603676,0.030700713135977883,0.030710172744721688,0.004320557466155676,0.0018456384933519072,0.00022651329316965844,0.0018456384933519072,0.00022651329316965844,0.04894993172413463,0.008625785994518192,0.34004426896143064,0.06676557863501484,0.05924957142857142
281,mul8_499,0.1134999990463256,resnet34,mnist,resnet34mnist,2,NO,NO,0.7732002749200435,0.4719808342929203,0.6457400975696901,0.6456333973128598,0.316201080628091,0.047836637053338314,0.03977854374779413,0.047836637053338314,0.03977854374779413,0.6022049239955709,0.11909645712784317,1.0,0.7054896142433235,0.42857142857142855
282,mul8_147,0.1032999977469444,resnet34,cifar,resnet34cifar,2,NO,NO,0.389267655275024,1.0,1.0,1.0,1.0,0.07343075558253698,0.03736240195398444,0.07343075558253698,0.03736240195398444,1.0,0.12464619050178248,1.0,1.0,0.44642857142857145
283,mul8_225,0.1005999967455864,resnet18,cifar,resnet18cifar,2,NO,NO,1.0,1.0,0.9916508787792817,0.9916026871401153,0.9382069913015348,0.053092596306554864,0.039049838192248325,0.053092596306554864,0.039049838192248325,0.9692281115595733,0.11964583221368301,1.0,1.0,0.14285714285714285
284,ReFAM_new1_sta3_j2_k5,0.1000000014901161,resnet34,cifar,resnet34cifar,2,NO,YES,0.5719585923332272,0.06613188800855986,0.3108447015912909,0.31094049904030713,0.08214780948734508,1.0,1.0,1.0,1.0,0.2965054284693685,1.0,0.9932883856083112,0.18694362017804153,1.0
285,mul8_239,0.1046999990940094,resnet34,cifar,resnet34cifar,2,NO,NO,0.005145464287595311,1.0,1.0,1.0,1.0,1.0,1.0,1.0,1.0,1.0,1.0,0.7912934315368497,1.0,1.0
286,ReFAM_new1_sta1_j7_k1,0.1027999967336654,resnet18,mnist,resnet18mnist,2,NO,YES,1.0,0.37479937839146055,0.619894925448632,0.6199616122840691,0.4280122909037249,1.0,1.0,1.0,1.0,0.6276360085905093,1.0,0.6124785934932364,0.28486646884273,1.0
287,mul8_224,0.1134999990463256,resnet34,mnist,resnet34mnist,2,NO,NO,1.0,1.0,1.0,1.0,1.0,0.08940912466325905,0.06573450886123515,0.08940912466325905,0.06573450886123515,1.0,0.16222016206565032,1.0,1.0,0.8660714285714286
288,mul8_303,0.6887000203132629,vgg16,cifar,vgg16cifar,0,YES,NO,0.045171729735408284,0.0013229451379512395,0.02404168377158478,0.023992322456813823,0.0017407967023253474,0.0021762815127189155,0.0005355546854011304,0.0021762815127189155,0.0005355546854011304,0.032743034279121126,0.013152158984372667,0.5249812152176082,0.04154302670623145,0.14285714285714285
289,mul8_212,0.1134999990463256,resnet18,mnist,resnet18mnist,2,NO,NO,0.8767865239290039,0.35858981667643236,0.5890226047341258,0.5890115163147793,0.3128137805972316,0.039414274021757394,0.028672368714475604,0.039414274021757394,0.028672368714475604,0.5687519547641299,0.10078942811247858,0.9957736784981948,0.7574183976261127,0.15178571428571427
290,mul8_075,0.0991000011563301,resnet18,cifar,resnet18cifar,2,NO,NO,1.0,1.0,1.0,1.0,1.0,0.09031794126840442,0.05873015594298889,0.09031794126840442,0.05873015594298889,1.0,0.1555769035548151,1.0,1.0,1.0
291,mul8_261,0.1000000014901161,vgg16,cifar,vgg16cifar,2,NO,NO,1.0,1.0,1.0,1.0,1.0,0.09031794126840442,0.05873015594298889,0.09031794126840442,0.05873015594298889,1.0,0.1555769035548151,1.0,1.0,1.0
292,mul8_185,0.181999996304512,vgg16,cifar,vgg16cifar,2,NO,NO,0.5183374743019872,1.0,1.0,1.0,1.0,0.058718948013160674,0.035253545635404906,0.058718948013160674,0.035253545635404906,1.0,0.11636152463529258,0.9753761538132599,1.0,0.42857142857142855
293,mul8_090,0.1013000011444091,resnet18,cifar,resnet18cifar,2,NO,NO,0.3029322389701789,1.0,1.0,1.0,1.0,0.07443533218782691,0.03762227767017909,0.07443533218782691,0.03762227767017909,1.0,0.12538068110567707,1.0,1.0,0.42857142857142855
294,mul8_495,0.1010999977588653,resnet18,cifar,resnet18cifar,2,NO,NO,1.0,0.9572565038086261,0.9465782412630459,0.9464971209213051,0.7401164075121125,0.05540619404589613,0.0711058589682583,0.05540619404589613,0.0711058589682583,0.8976558974615771,0.15702946322471234,0.9989278929073956,1.0,1.0
295,mul8_430,0.0097000002861022,resnet34,cifar100,resnet34cifar100,2,NO,NO,0.3879677493833576,1.0,1.0,1.0,1.0,0.07342443180894254,0.03728338568892525,0.07342443180894254,0.03728338568892525,1.0,0.12454243623964696,1.0,1.0,0.44642857142857145
296,mul8_274,0.1014999970793724,vgg16,cifar,vgg16cifar,2,NO,NO,0.76469672041231,0.34451610585178205,0.5506354528121371,0.5506238003838773,0.28398939904809745,0.037852301943928,0.02804023859400214,0.037852301943928,0.02804023859400214,0.5360340652270525,0.09937642942023014,0.9965820859355433,0.7136498516320475,0.15178571428571427
297,ReFAM_sta1_j5_k3_const1,0.0957999974489212,resnet18,mnist,resnet18mnist,2,NO,YES,0.41596988533325613,0.2839018673731944,0.49720738812025694,0.4971209213051824,0.12957089066663,1.0,1.0,1.0,1.0,0.4355394235677923,1.0,0.9644545082459596,0.3560830860534125,1.0
298,ReFAM_sta1_j3_k1_const1,0.659500002861023,resnet34,cifar,resnet34cifar,2,NO,YES,0.020798494266662807,0.0008279621939724352,0.025828955227026332,0.025911708253358926,0.0004190283236447808,1.0,1.0,1.0,1.0,0.023285955765030886,1.0,0.8033808535723667,0.017804154302670624,1.0
299,ReFAM_sta4_j4_k6_const1,0.1000000014901161,resnet18,cifar,resnet18cifar,2,NO,YES,1.0,1.0,1.0,1.0,1.0,1.0,1.0,1.0,1.0,1.0,1.0,1.0,1.0,1.0
300,mul8_335,0.1013000011444091,resnet34,cifar,resnet34cifar,2,NO,NO,1.0,1.0,1.0,1.0,1.0,0.0649984551924505,0.04460731550141088,0.0649984551924505,0.04460731550141088,1.0,0.13053107253542573,1.0,1.0,0.42857142857142855
301,ReFAM_new2_sta4_j1_k8,0.1000000014901161,vgg16,cifar,vgg16cifar,2,NO,NO,1.0,1.0,1.0,1.0,1.0,1.0,1.0,1.0,1.0,1.0,1.0,1.0,1.0,0.2857142857142857
302,ReFAM_new1_sta4_j4_k1,0.1000000014901161,vgg16,cifar,vgg16cifar,2,NO,YES,1.0,1.0,1.0,1.0,1.0,1.0,1.0,1.0,1.0,1.0,1.0,1.0,1.0,1.0
303,mul8_132,0.9298999905586244,resnet34,cifar,resnet34cifar,0,NO,NO,0.0,1.9106819860902353e-05,0.0027673880600385357,0.0028790786948176585,1.571356213667928e-05,0.0002836664155225153,6.145709504603137e-05,0.0002836664155225153,6.145709504603137e-05,0.003315308116519982,0.004415154392313526,0.3818045201582605,0.001483679525222552,0.14285714285714285
304,ReFAM_new2_sta2_j4_k2,0.0992999970912933,resnet34,cifar,resnet34cifar,2,YES,NO,0.20625173481107284,0.014100036939851731,0.10977305971486191,0.1098848368522073,0.01855352660018178,0.01338200832208605,0.01572599266377877,0.01338200832208605,0.01572599266377877,0.12081556430784832,0.07150161528218174,0.6134723033910351,0.0830860534124629,0.2857142857142857
305,ReFAM_new_sta1_j2_k6,0.1102000027894973,resnet18,cifar,resnet18cifar,2,NO,NO,0.1902195621471869,0.060303462079331516,0.12811421189112557,0.1281190019193858,0.0717623343855607,0.004946094347088444,0.0008428401606312873,0.004946094347088444,0.0008428401606312873,0.20051446212601853,0.016849244310683555,0.40218779080777617,0.28041543026706234,0.06074242857142857
306,mul8_127,0.98580002784729,resnet34,mnist,resnet34mnist,0,NO,NO,0.01939026288402418,0.0007474268208799327,0.015162980412294478,0.015115163147792706,0.0008315707090014593,0.0014409169833070445,0.00031255322623410233,0.0014409169833070445,0.00031255322623410233,0.022074406353253674,0.010031320351361195,0.46234185656775045,0.02967359050445104,0.14285714285714285
307,ReFAM_sta3_j2_k3_const1,0.1503999978303909,resnet34,cifar,resnet34cifar,2,NO,YES,0.07106152207776459,0.0020945851272514203,0.05024539131000004,0.05014395393474089,0.0014091454050508142,1.0,1.0,1.0,1.0,0.04443831696066123,1.0,0.9704198220689122,0.025222551928783383,1.0
308,mul8_092,0.1949000060558319,resnet34,cifar,resnet34cifar,2,NO,NO,0.1123335341381736,0.012335514037143658,0.08664663235144832,0.08661228406909789,0.011389675708386974,0.007644538879463455,0.0034345736545724954,0.007644538879463455,0.0034345736545724954,0.09497274369785776,0.03361339519774518,0.9219489746257807,0.16765578635014836,0.14285714285714285
309,ReFAM_new_sta1_j4_k4,0.1128000020980835,resnet18,cifar,resnet18cifar,2,NO,NO,0.1845866366166324,0.059461816612742975,0.12574319497800096,0.12571976967370443,0.07065959633545477,0.004695853591993741,0.0007848948995878863,0.004695853591993741,0.0007848948995878863,0.19849439109971523,0.016249858177627297,0.36689072652818533,0.27299703264094954,0.05960485714285714
310,mul8_367,0.1875,vgg16,mnist,vgg16mnist,2,NO,NO,0.7747439114331895,0.352297117417777,0.5798675684524137,0.57989443378119,0.25893833088002566,0.042053094403099005,0.03215084029408098,0.042053094403099005,0.03215084029408098,0.5423712467327502,0.1068116539175818,0.9955252510237451,0.6461424332344213,0.14285714285714285
311,mul8_490,0.1041999980807304,resnet18,cifar,resnet18cifar,2,NO,NO,0.35893651780280744,1.0,1.0,1.0,1.0,0.08508908390202125,0.04974512864725911,0.08508908390202125,0.04974512864725911,1.0,0.14396911556582648,1.0,1.0,0.42857142857142855
312,mul8_054,0.8629000186920166,vgg16,mnist,vgg16mnist,2,NO,NO,0.6893834245470942,0.4138723771940998,0.5683863284948961,0.5683781190019194,0.31260880633911775,0.04025443251359159,0.032703954149495264,0.04025443251359159,0.032703954149495264,0.5572563357894631,0.10716098481455605,0.9960221059726445,0.7989614243323442,0.29017857142857145
313,ReFAM_new_sta1_j7_k1,0.7045000195503235,vgg16,cifar,vgg16cifar,0,NO,NO,0.11785813417775591,0.042786538608514,0.09593611941466924,0.09596928982725529,0.04981408711489154,0.002922486796864131,0.0004073727443051222,0.002922486796864131,0.0004073727443051222,0.16349543574748418,0.011633166729367084,0.23067407333497592,0.18991097922848665,0.04664728571428572
314,ReFAM_new2_sta4_j1_k3,0.1018999963998794,resnet34,mnist,resnet34mnist,2,NO,NO,1.0,1.0,1.0,1.0,1.0,1.0,1.0,1.0,1.0,1.0,1.0,1.0,1.0,0.2857142857142857
315,mul8_480,0.0113000003620982,resnet34,cifar100,resnet34cifar100,2,NO,NO,0.4602750111408868,0.0316568626856546,0.24506878752596659,0.2449616122840691,0.04159697351760885,0.019488063425642358,0.009977120401472864,0.019488063425642358,0.009977120401472864,0.224740518321515,0.058521882445674564,0.9425796546043589,0.24629080118694363,0.14285714285714285
316,ReFAM_new1_sta2_j3_k6,0.1000000014901161,vgg16,cifar,vgg16cifar,2,NO,YES,1.0,1.0,1.0,1.0,1.0,1.0,1.0,1.0,1.0,1.0,1.0,0.9519170659493493,0.7537091988130564,1.0
317,ReFAM_sta1_j4_k4_const1,0.1000000014901161,resnet34,cifar,resnet34cifar,2,NO,YES,0.429835548177698,0.29434692889715436,0.508507556032081,0.5083973128598848,0.13341383871087192,1.0,1.0,1.0,1.0,0.44439966297654154,1.0,0.9912999476673271,0.36795252225519287,1.0
318,mul8_198,0.0938000008463859,resnet18,cifar,resnet18cifar,2,NO,NO,0.3852596121090525,1.0,1.0,1.0,1.0,0.07289413822323643,0.036298316251187436,0.07289413822323643,0.036298316251187436,1.0,0.1230652442629118,1.0,1.0,0.44642857142857145
319,mul8_494,0.1004000008106231,resnet34,cifar,resnet34cifar,2,NO,NO,0.8942269279755285,0.13433029489465773,0.4797832929993288,0.47984644913627644,0.17222845207470258,0.0312873215566601,0.0174871774160979,0.0312873215566601,0.0174871774160979,0.4462975915708826,0.07884950705528983,0.9894357234635678,0.4992581602373887,0.14285714285714285
320,mul8_161,0.1439999938011169,vgg16,mnist,vgg16mnist,2,NO,NO,0.33088021564100706,1.0,1.0,1.0,1.0,0.07519508841538881,0.038923412168153634,0.07519508841538881,0.038923412168153634,1.0,0.12732066187754906,1.0,1.0,0.42857142857142855
321,ReFAM_new2_sta2_j3_k1,0.119499996304512,resnet34,mnist,resnet34mnist,2,YES,NO,0.06066227494443319,0.0009609138155045474,0.03228619403378292,0.03238963531669866,0.001264417966598126,0.004587446044660296,0.003641771860727687,0.004587446044660296,0.003641771860727687,0.033373366321625166,0.03420606342893654,0.6204323452571734,0.017804154302670624,0.2857142857142857
322,mul8_217,0.1134999990463256,resnet18,mnist,resnet18mnist,2,NO,NO,0.7816767428554104,0.17173289302728453,0.4484258676071516,0.4484165067178503,0.1914992234056981,0.03009212834730887,0.019982335474966768,0.03009212834730887,0.019982335474966768,0.4381111576202066,0.08341768032341472,0.978498805715461,0.5934718100890207,0.42857142857142855
323,ReFAM_sta3_j5_k1_const0,0.1134999990463256,resnet34,mnist,resnet34mnist,2,YES,NO,0.27298023724994935,0.00817274316612743,0.14528787315202313,0.14539347408829176,0.010754100033641021,0.013879779643592119,0.006870903226146307,0.013879779643592119,0.006870903226146307,0.126735563440329,0.048080770080555106,0.8938603796867778,0.09495548961424333,0.14285714285714285
324,mul8_064,0.1000000014901161,vgg16,cifar,vgg16cifar,2,NO,NO,1.0,0.7885498045627086,1.0,1.0,0.8929757853005661,0.05313686272171602,0.03805072141849999,0.05313686272171602,0.03805072141849999,0.9692161712584477,0.11832688414754304,0.9988810582195896,1.0,0.14285714285714285
325,mul8_139,0.1134999990463256,resnet18,mnist,resnet18mnist,2,NO,NO,0.41694481475200595,0.03335189635187119,0.22746182340203117,0.227447216890595,0.040814703250803164,0.01921162417994207,0.010012238741499166,0.01921162417994207,0.010012238741499166,0.2137489879471417,0.05855621838853956,0.9460596755374281,0.24629080118694363,0.14285714285714285
326,mul8_303,0.9527999758720398,resnet34,mnist,resnet34mnist,1,YES,NO,0.045171729735408284,0.0013229451379512395,0.02404168377158478,0.023992322456813823,0.0017407967023253474,0.0021762815127189155,0.0005355546854011304,0.0021762815127189155,0.0005355546854011304,0.032743034279121126,0.013152158984372667,0.5249812152176082,0.04154302670623145,0.14285714285714285
327,mul8_397,0.1000000014901161,vgg16,cifar,vgg16cifar,2,NO,NO,0.5635092040373955,0.16372413762005453,0.36001122113130885,0.3598848368522073,0.166613395319323,0.025827194755965576,0.018421325260797573,0.025827194755965576,0.018421325260797573,0.37761504674357194,0.07937648913491338,0.9792593603196161,0.43991097922848665,0.7142857142857143
328,ReFAM_sta3_j5_k3_const0,0.1134999990463256,resnet18,mnist,resnet18mnist,2,YES,NO,1.0,0.18006267036914375,0.8781844777188953,0.8781190019193859,0.23693537532170483,0.06253579707552573,0.04616130204757481,0.06253579707552573,0.04616130204757481,0.7201674709659099,0.13159399389715937,0.9945315411259467,0.49851632047477745,0.14285714285714285
329,mul8_097,0.1046999990940094,resnet34,mnist,resnet34mnist,2,NO,NO,0.2619310371707847,1.0,1.0,1.0,1.0,0.08522097975127695,0.050851356358087664,0.08522097975127695,0.050851356358087664,1.0,0.14523655971766897,1.0,1.0,0.42857142857142855
330,ReFAM_sta2_j3_k5_const0,0.101000003516674,vgg16,mnist,vgg16mnist,2,YES,NO,1.0,0.24491042085955214,1.0,1.0,0.3222652555779189,0.0653417457590064,0.0449110891426384,0.0653417457590064,0.0449110891426384,0.8463974894735932,0.13101700077031941,0.9979494551904035,0.5133531157270029,0.14285714285714285
331,ReFAM_new_sta1_j2_k1,0.699400007724762,resnet34,cifar100,resnet34cifar100,0,NO,NO,0.002166509819444042,3.06007693679464e-05,0.00230615671669878,0.002399232245681382,3.5355514807528376e-05,0.0002104913210724397,1.4047336010521454e-05,0.0002104913210724397,1.4047336010521454e-05,0.004280044384787273,0.0021019568501698884,0.1749937384058694,0.004451038575667656,0.040816285714285715
332,ReFAM_sta2_j4_k4_const1,0.101400002837181,resnet18,mnist,resnet18mnist,2,NO,YES,0.21145135837773854,0.24349412783736274,0.4225095293347415,0.42250479846449135,0.11622853722098975,1.0,1.0,1.0,1.0,0.38325875418362937,1.0,0.994904182337621,0.3264094955489614,1.0
333,mul8_209,0.1000000014901161,vgg16,cifar,vgg16cifar,2,NO,NO,0.8960684613220559,0.22120681858711436,0.4949159834268435,0.49496161228406915,0.2695363981916089,0.029642237025875075,0.01617023966511151,0.029642237025875075,0.01617023966511151,0.49966007226835446,0.07570403611544042,0.9762303777930273,0.5615727002967359,0.14285714285714285
334,mul8_467,0.1066000014543533,resnet18,cifar,resnet18cifar,2,NO,NO,0.5474770313735094,0.11427509073191858,0.33234465750495423,0.3322936660268714,0.11891602324448124,0.020799794748377048,0.010819960562104151,0.020799794748377048,0.010819960562104151,0.33381427310680184,0.061063488651224455,0.9642050626261227,0.49851632047477745,0.2857142857142857
335,mul8_457,0.1770000010728836,vgg16,cifar,vgg16cifar,2,NO,NO,0.2249920447492638,0.021309848011616946,0.14619862425243255,0.14611324376199616,0.019380347271150934,0.01337387775603604,0.007211551124401453,0.01337387775603604,0.007211551124401453,0.141336258940808,0.049095919695693976,0.9328858923738874,0.19881305637982197,0.14285714285714285
336,mul8_198,0.1140000000596046,resnet18,mnist,resnet18mnist,2,NO,NO,0.3852596121090525,1.0,1.0,1.0,1.0,0.07289413822323643,0.036298316251187436,0.07289413822323643,0.036298316251187436,1.0,0.1230652442629118,1.0,1.0,0.44642857142857145
337,mul8_245,0.1000000014901161,vgg16,cifar,vgg16cifar,2,NO,NO,0.5580116836373483,0.1574520361501032,0.3830713234275502,0.3831573896353167,0.13511494506714275,0.02898004759091328,0.019385323694519608,0.02898004759091328,0.019385323694519608,0.37154423059064057,0.08200244233054466,0.9925115406779627,0.4970326409495549,0.22321428571428573
338,ReFAM_new1_sta1_j3_k3,0.1000000014901161,resnet34,cifar,resnet34cifar,2,NO,YES,0.3379755318332706,0.030334464881665097,0.19348654853102762,0.1933781190019194,0.033661527340209066,1.0,1.0,1.0,1.0,0.18671982763391665,1.0,0.7894607698400902,0.08902077151335312,1.0
339,ReFAM_sta3_j7_k2_const1,0.1009000018239021,resnet34,mnist,resnet34mnist,2,NO,YES,0.339275437724937,0.730200508164981,0.723484603389308,0.7233685220729367,0.35659143974517454,1.0,1.0,1.0,1.0,0.661512599999379,1.0,0.90829259054876,0.6646884272997032,1.0
340,ReFAM_sta3_j2_k2_const0,0.7235000133514404,resnet18,mnist,resnet18mnist,2,YES,NO,0.05372944352221225,0.00041318497949201336,0.028596343287064868,0.028550863723608447,0.0005436892499291031,0.0037499977415094304,0.0016663652342481076,0.0037499977415094304,0.0016663652342481076,0.0260344907305515,0.023204379474869075,0.8192893752456275,0.017804154302670624,0.14285714285714285
341,mul8_323,0.1048000007867813,resnet18,cifar,resnet18cifar,2,NO,NO,0.5778081688457261,0.1611135688482409,0.3641228882356902,0.3642034548944338,0.16520392489914323,0.0265092589079385,0.019092085555299974,0.0265092589079385,0.019092085555299974,0.37891867263296974,0.08085741327935127,0.9791972534510038,0.43991097922848665,0.7142857142857143
342,ReFAM_sta3_j5_k5_const1,0.0979999974370002,vgg16,mnist,vgg16mnist,2,NO,YES,0.5290616979082351,1.0,1.0,1.0,1.0,1.0,1.0,1.0,1.0,1.0,1.0,1.0,1.0,1.0
343,ReFAM_new_sta3_j3_k5,0.1134999990463256,resnet18,mnist,resnet18mnist,2,NO,NO,0.20798494266662806,0.059711996535296664,0.1783514929091843,0.1782629558541267,0.054497327791841375,0.009270652089465134,0.002043887389530872,0.009270652089465134,0.002043887389530872,0.2023469694558841,0.026588709147692326,0.5832710567738232,0.228486646884273,0.06762471428571429
344,ReFAM_sta1_j1_k8_const1,0.1009000018239021,resnet34,mnist,resnet34mnist,2,NO,YES,0.8926020456109455,1.0,1.0,1.0,0.502021954692714,1.0,1.0,1.0,1.0,0.8729180812050324,1.0,1.0,0.755192878338279,1.0
345,mul8_066,0.101000003516674,vgg16,mnist,vgg16mnist,2,NO,NO,1.0,1.0,1.0,1.0,1.0,0.06501290953209496,0.044212234176114966,0.06501290953209496,0.044212234176114966,1.0,0.1300548479365591,1.0,1.0,0.42857142857142855
346,ReFAM_new2_sta1_j6_k3,0.2745000123977661,vgg16,cifar,vgg16cifar,2,NO,NO,0.6239548279998842,0.9549843324077141,0.6484912687356968,0.6485124760076776,0.8746619140723605,0.029628686082458392,0.03296558578269122,0.029628686082458392,0.03296558578269122,0.7801992987575651,0.10516427509360275,0.5428781748318533,0.712166172106825,0.2857142857142857
347,mul8_095,0.0961000025272369,resnet34,mnist,resnet34mnist,2,NO,NO,0.31398143904934356,1.0,1.0,1.0,1.0,0.07454102954647703,0.037655640093204074,0.07454102954647703,0.037655640093204074,1.0,0.12546428166221793,1.0,1.0,0.42857142857142855
348,ReFAM_sta1_j2_k5_const1,0.1000000014901161,resnet18,cifar,resnet18cifar,2,NO,YES,0.22185060551106994,0.07444653911802919,0.25716530271579807,0.2571976967370442,0.03370770127799306,1.0,1.0,1.0,1.0,0.2243412694089547,1.0,1.0,0.18545994065281898,1.0
349,mul8_392,0.008899999782443,resnet34,cifar100,resnet34cifar100,2,NO,NO,0.2609831873915701,1.0,1.0,1.0,1.0,0.043288940442700284,0.0256065376301793,0.043288940442700284,0.0256065376301793,1.0,0.09697589915384294,0.7989834836455306,1.0,0.19047614285714287
350,ReFAM_new1_sta1_j3_k1,0.6430000066757202,vgg16,cifar,vgg16cifar,2,NO,YES,0.06759510636665413,0.0014640600718416428,0.0387434328405395,0.03862763915547025,0.0016719230113426754,1.0,1.0,1.0,1.0,0.03922725121364119,1.0,0.6124785934932364,0.017804154302670624,1.0
351,ReFAM_sta2_j3_k3_const1,0.1287000030279159,resnet18,cifar,resnet18cifar,2,NO,YES,0.08146076921109599,0.009972963849896823,0.09190034516044637,0.09189059500959693,0.0050397158490401404,1.0,1.0,1.0,1.0,0.08215008923865973,1.0,0.9624660703049752,0.04451038575667656,1.0
352,ReFAM_new1_sta4_j3_k2,0.1000000014901161,resnet34,cifar,resnet34cifar,2,NO,YES,1.0,1.0,1.0,1.0,1.0,1.0,1.0,1.0,1.0,1.0,1.0,1.0,1.0,1.0
353,ReFAM_sta4_j2_k3_const1,0.2134999930858612,resnet18,cifar,resnet18cifar,2,NO,YES,0.10052605562220357,0.0012769724607036405,0.0550018376932659,0.05494241842610365,0.0014800702396777277,1.0,1.0,1.0,1.0,0.04769897200991207,1.0,0.9704198220689122,0.02225519287833828,1.0
354,ReFAM_sta2_j4_k2_const0,0.1062000021338462,vgg16,cifar,vgg16cifar,2,YES,NO,0.3223766611332735,0.009626652739917968,0.1715780597223892,0.17154510556621883,0.012667226223781722,0.015880802288121967,0.008131651633090606,0.015880802288121967,0.008131651633090606,0.1462247416579422,0.052464574264165814,0.9376080506792048,0.0830860534124629,0.14285714285714285
355,ReFAM_new1_sta3_j3_k4,0.1000000014901161,resnet18,cifar,resnet18cifar,2,NO,YES,0.5546265137776748,0.06534532392428605,0.301753400101527,0.30182341650671785,0.08115986295589439,1.0,1.0,1.0,1.0,0.2906650917993278,1.0,0.9456870343257536,0.18397626112759644,1.0
356,mul8_411,0.1136000007390976,resnet18,mnist,resnet18mnist,2,NO,NO,1.0,1.0,1.0,1.0,1.0,0.09031794126840442,0.05873015594298889,0.09031794126840442,0.05873015594298889,1.0,0.1555769035548151,1.0,1.0,1.0
357,ReFAM_new_sta3_j7_k2,0.6420999765396118,vgg16,mnist,vgg16mnist,2,NO,NO,0.5190957527387925,0.26709722027615723,0.4087590717563504,0.4088291746641075,0.2397336026198809,0.016670370591200558,0.003943789584953899,0.016670370591200558,0.003943789584953899,0.441280624067323,0.03796286343849089,0.600282229901301,0.47477744807121663,0.06762471428571429
358,ReFAM_sta3_j4_k1_const1,0.652999997138977,vgg16,cifar,vgg16cifar,1,NO,YES,0.048529819955546546,0.001846992586553894,0.04104958955723828,0.04102687140115163,0.001177207696739556,1.0,1.0,1.0,1.0,0.03770327520131907,1.0,0.7815059999307661,0.02373887240356083,1.0
359,ReFAM_new2_sta2_j7_k2,0.0991000011563301,resnet34,cifar,resnet34cifar,2,NO,NO,0.6551525693998784,1.0,0.7545456525898074,0.7545585412667946,0.9532214741048254,0.055640173668890826,0.08319183568831069,0.055640173668890826,0.08319183568831069,0.8503748278702458,0.16885073120629632,0.5740120426236385,0.6646884272997032,0.2857142857142857
360,ReFAM_sta2_j2_k4_const0,0.1225999966263771,resnet18,cifar,resnet18cifar,2,YES,NO,0.33970873968882587,0.010145721346139148,0.18080268658918433,0.1809021113243762,0.013350242391322716,0.01726480530907895,0.009963073065462343,0.01726480530907895,0.009963073065462343,0.15306767923740722,0.05800758973624025,0.9535165723524657,0.08753709198813056,0.14285714285714285
361,ReFAM_new2_sta4_j3_k2,0.1027999967336654,resnet18,mnist,resnet18mnist,2,NO,NO,1.0,1.0,1.0,1.0,1.0,1.0,1.0,1.0,1.0,1.0,1.0,1.0,1.0,0.2857142857142857
362,ReFAM_new2_sta2_j6_k2,0.099600002169609,resnet18,cifar,resnet18cifar,2,NO,NO,0.3275762846999392,0.2888879512393957,0.37918981814319686,0.3790786948176584,0.240542812251136,0.034992149486780595,0.05243519349327396,0.034992149486780595,0.05243519349327396,0.42725043999847223,0.13218815499543182,0.5709667697708563,0.3323442136498516,0.2857142857142857
363,ReFAM_new_sta3_j3_k2,0.9193000197410583,resnet18,cifar,resnet18cifar,0,NO,NO,0.0028164627652772552,0.00043417013986192136,0.009166972948877649,0.009117082533589253,0.00047061709627710564,0.0007651766049285684,0.00012115827309074755,0.0007651766049285684,0.00012115827309074755,0.015841945430041124,0.006243170133104029,0.21078765763435955,0.01483679525222552,0.063492
364,mul8_152,0.1102999970316886,resnet18,cifar,resnet18cifar,2,NO,NO,0.32064345327771826,0.2427959327949456,0.2967703895027112,0.29678502879078694,0.24691164893419584,0.01580853058989967,0.008187840977132693,0.01580853058989967,0.008187840977132693,0.39413604367647914,0.05261983244059882,0.7480731598549346,0.39317507418397624,0.2857142857142857
365,ReFAM_new2_sta1_j1_k4,0.5145999789237976,resnet34,mnist,resnet34mnist,2,NO,NO,0.045063404244436084,0.004314956818587115,0.0421450139976702,0.04222648752399232,0.004199347171072037,0.004788000007227169,0.004596990709443146,0.004788000007227169,0.004596990709443146,0.05283731046825852,0.03839430202492491,0.5567982585641299,0.04599406528189911,0.2857142857142857
366,ReFAM_new1_sta2_j5_k2,0.1027999967336654,resnet18,mnist,resnet18mnist,2,NO,YES,0.3865053517888172,0.07494888925687208,0.24376076495506102,0.2437619961612284,0.07756626752090008,1.0,1.0,1.0,1.0,0.25668847634446196,1.0,0.6686547652258552,0.1661721068249258,1.0
367,ReFAM_new2_sta1_j1_k8,0.5583999752998352,vgg16,mnist,vgg16mnist,2,NO,NO,0.6690182322443203,1.0,0.6834079241581584,0.6833013435700576,0.8982825012205099,0.034081526089179665,0.04252655385485239,0.034081526089179665,0.04252655385485239,0.8025373391636904,0.11952789571427717,0.6711410762611257,0.7581602373887241,0.2857142857142857
368,mul8_492,0.1008000001311302,resnet34,cifar,resnet34cifar,2,NO,NO,1.0,0.2686244836318243,0.5906072996937218,0.5906909788867564,0.27277248593520115,0.03619276307349851,0.024586349852415177,0.03619276307349851,0.024586349852415177,0.5540576669010541,0.09324895648591032,0.9945315411259467,0.766320474777448,0.14285714285714285
369,ReFAM_new1_sta3_j2_k6,0.1009000018239021,resnet34,mnist,resnet34mnist,2,NO,YES,0.9497979048442682,0.2674317886530966,0.547771674781042,0.5477447216890595,0.29709987609765076,1.0,1.0,1.0,1.0,0.5397880352655156,1.0,0.9983842032706902,0.3768545994065282,1.0
370,ReFAM_sta1_j7_k3_const1,0.1009000018239021,resnet34,mnist,resnet34mnist,2,NO,YES,1.0,1.0,1.0,1.0,1.0,1.0,1.0,1.0,1.0,1.0,1.0,0.9731545605786324,1.0,1.0
371,ReFAM_new1_sta1_j2_k6,0.1000000014901161,vgg16,cifar,vgg16cifar,2,NO,YES,1.0,0.5136040557409625,0.8195648557538455,0.8195777351247602,0.5671245032968297,1.0,1.0,1.0,1.0,0.7806593617270481,1.0,0.9207058191081454,0.3768545994065282,1.0
372,mul8_278,0.0979000031948089,resnet34,mnist,resnet34mnist,2,NO,NO,0.3121669853423513,1.0,1.0,1.0,1.0,0.07445249671615471,0.03750463123109097,0.07445249671615471,0.03750463123109097,1.0,0.12523885873297383,1.0,1.0,0.4330357142857143
373,ReFAM_new1_sta4_j4_k5,0.1032000035047531,resnet18,mnist,resnet18mnist,2,NO,YES,1.0,1.0,1.0,1.0,1.0,1.0,1.0,1.0,1.0,1.0,1.0,1.0,1.0,1.0
374,ReFAM_new_sta2_j1_k7,0.1168000027537345,resnet34,mnist,resnet34mnist,2,NO,NO,0.28511269223883595,0.08703454990701348,0.23268400643639853,0.23272552783109407,0.07621903001406873,0.008627433975286692,0.0008112336546076141,0.008627433975286692,0.0008112336546076141,0.24991938401884056,0.017562088341902392,0.653352040057912,0.2314540059347181,0.046083
375,mul8_078,0.1134999990463256,resnet18,mnist,resnet18mnist,2,NO,NO,0.6380371418262705,0.15451285918273763,0.38402081058109866,0.3841170825335893,0.16372869250907332,0.02738193966397274,0.019150030816343377,0.02738193966397274,0.019150030816343377,0.38851802507289446,0.08116643676513619,0.9804251367878328,0.4317507418397626,0.7142857142857143
376,ReFAM_sta2_j6_k3_const1,0.1027999967336654,resnet18,mnist,resnet18mnist,2,NO,YES,0.47143253671102364,0.9494306167681451,0.8319820706314773,0.8320537428023034,0.474665881895136,1.0,1.0,1.0,1.0,0.7616073295464018,1.0,0.9680271804092537,0.6884272997032641,1.0
377,ReFAM_sta2_j3_k7_const1,0.0979999974370002,vgg16,mnist,vgg16mnist,2,NO,YES,0.025998117833328508,1.0,1.0,1.0,1.0,1.0,1.0,1.0,1.0,1.0,1.0,1.0,1.0,1.0
378,mul8_297,0.1532000005245208,vgg16,mnist,vgg16mnist,2,NO,NO,0.5544640290076323,0.19935201804957584,0.40804188653626305,0.4081094049904031,0.16455331509154572,0.03136501363224908,0.021945450682437143,0.03136501363224908,0.021945450682437143,0.4019285316050743,0.08737974955661848,0.982506225959042,0.5437685459940653,0.14285714285714285
379,ReFAM_new1_sta2_j5_k3,0.1000000014901161,vgg16,cifar,vgg16cifar,2,NO,YES,0.6100891651554423,0.32710875601864825,0.4742034748711866,0.4740882917466411,0.283392779581783,1.0,1.0,1.0,1.0,0.49488858068120073,1.0,0.7560279297642587,0.3560830860534125,1.0
380,ReFAM_new_sta2_j6_k2,0.1050999984145164,resnet34,cifar,resnet34cifar,2,NO,NO,0.2608477822610627,0.08466052753929636,0.22299094194775532,0.2228886756238004,0.07391292134549644,0.007966147936552676,0.0007146582195352791,0.007966147936552676,0.0007146582195352791,0.24305223559075467,0.016440198730465833,0.5887395156478764,0.21364985163204747,0.040816285714285715
381,ReFAM_sta4_j5_k3_const0,0.1000000014901161,resnet18,cifar,resnet18cifar,2,YES,NO,1.0,0.09921534659771228,0.62358477619535,0.6235604606525912,0.1305524645147679,0.052093440078631606,0.04112182025380024,0.052093440078631606,0.04112182025380024,0.51609592519047,0.12206875548628651,0.9911757339301023,0.36795252225519287,0.14285714285714285
382,ReFAM_new1_sta4_j2_k6,0.101000003516674,vgg16,mnist,vgg16mnist,2,NO,YES,1.0,1.0,1.0,1.0,1.0,1.0,1.0,1.0,1.0,1.0,1.0,1.0,1.0,1.0
383,mul8_102,0.1134999990463256,resnet34,mnist,resnet34mnist,2,NO,NO,0.6997826716804256,0.5100153073523043,0.6525385294952943,0.652591170825336,0.3176708655326256,0.04887012233791716,0.04090057471163453,0.04887012233791716,0.04090057471163453,0.6066659379771493,0.12086475818539022,1.0,0.7129080118694362,0.42857142857142855
384,ReFAM_sta1_j4_k4_const0,0.6872000098228455,vgg16,mnist,vgg16mnist,2,YES,NO,1.0,0.29434692889715436,0.6863122388895568,0.6861804222648753,0.3873162601113438,0.03656947930048223,0.023376523038509015,0.03656947930048223,0.023376523038509015,0.6502512285645439,0.09127090760347062,0.8729802540883628,0.5519287833827893,0.14285714285714285
385,ReFAM_new1_sta4_j6_k1,0.1000000014901161,resnet34,cifar,resnet34cifar,2,NO,YES,1.0,1.0,1.0,1.0,1.0,1.0,1.0,1.0,1.0,1.0,1.0,1.0,1.0,1.0
386,ReFAM_sta2_j2_k4_const1,0.9229999780654908,vgg16,mnist,vgg16mnist,1,NO,YES,0.09012680848887217,0.010145721346139148,0.09437946363089757,0.09428982725527832,0.005217062212124298,1.0,1.0,1.0,1.0,0.08411130332382225,1.0,0.9942831136514969,0.04599406528189911,1.0
387,ReFAM_sta2_j3_k4_const1,0.1307000070810318,vgg16,cifar,vgg16cifar,2,NO,YES,0.025998117833328508,0.05384222225052862,0.19609538739433044,0.1960172744721689,0.023744806452102803,1.0,1.0,1.0,1.0,0.1762837824813445,1.0,0.9937852405572106,0.13649851632047477,1.0
388,ReFAM_new1_sta3_j1_k2,0.1316000074148178,resnet34,mnist,resnet34mnist,2,YES,YES,0.05719585923332272,0.0002921751203729651,0.030441268660423893,0.03047024952015355,0.00038445848694408636,1.0,1.0,1.0,1.0,0.025822537527620672,1.0,0.9545113003956514,0.010385756676557863,1.0
389,ReFAM_sta2_j3_k2_const1,0.298799991607666,resnet18,cifar,resnet18cifar,2,NO,YES,0.05372944352221225,0.0023047601457213463,0.04704559702065511,0.04702495201535509,0.0013147013654354997,1.0,1.0,1.0,1.0,0.0420229708059854,1.0,0.9067857353758687,0.020771513353115726,1.0
390,mul8_262,0.1879999935626983,resnet34,cifar,resnet34cifar,2,NO,NO,0.12289145991709678,0.012343606667006344,0.08767584611008113,0.08757197696737044,0.012045503072298078,0.007509932841524425,0.0030570514992897314,0.007509932841524425,0.0030570514992897314,0.09696954047590055,0.0317600007165762,0.9221974021002303,0.1446587537091988,0.14285714285714285
391,ReFAM_new1_sta4_j5_k4,0.1000000014901161,vgg16,cifar,vgg16cifar,2,NO,YES,1.0,1.0,1.0,1.0,1.0,1.0,1.0,1.0,1.0,1.0,1.0,1.0,1.0,1.0
392,ReFAM_sta1_j4_k3_const0,0.1055999994277954,resnet18,cifar,resnet18cifar,2,YES,NO,0.6239548279998842,0.0709754668432986,0.3320865672046243,0.33205374280230326,0.09339303277394874,0.021915489089683753,0.011896337683910357,0.021915489089683753,0.011896337683910357,0.31651496398139545,0.06405146211401921,0.8550832944741178,0.26706231454005935,0.14285714285714285
393,ReFAM_new1_sta2_j2_k1,0.6904000043869019,vgg16,cifar,vgg16cifar,0,YES,YES,0.048529819955546546,0.00026749547805263293,0.025828955227026332,0.025911708253358926,0.0003519837918616159,1.0,1.0,1.0,1.0,0.02264786293283588,1.0,0.8272431270095645,0.008902077151335312,1.0
394,mul8_445,0.0100999996066093,resnet34,cifar100,resnet34cifar100,2,NO,NO,0.2614435759278255,1.0,1.0,1.0,1.0,0.08381529522085326,0.04867401927645684,0.08381529522085326,0.04867401927645684,1.0,0.14226873996046888,1.0,1.0,0.42857142857142855
395,mul8_399,0.0110999997705221,resnet34,cifar100,resnet34cifar100,2,NO,NO,1.0,1.0,1.0,1.0,1.0,0.09031794126840442,0.05873015594298889,0.09031794126840442,0.05873015594298889,1.0,0.1555769035548151,1.0,1.0,1.0
396,mul8_450,0.277999997138977,resnet34,mnist,resnet34mnist,2,NO,NO,0.07409463582498625,0.005389989096374799,0.06418637802154867,0.06429942418426104,0.003935006086298992,0.00661015019865683,0.005093915220815343,0.00661015019865683,0.005093915220815343,0.06275012355883698,0.04057164866268967,0.8982720036490331,0.07270029673590504,1.0
397,mul8_311,0.0110999997705221,resnet34,cifar100,resnet34cifar100,2,NO,NO,1.0,1.0,1.0,1.0,1.0,0.09031794126840442,0.05873015594298889,0.09031794126840442,0.05873015594298889,1.0,0.1555769035548151,1.0,1.0,1.0
398,ReFAM_new1_sta1_j3_k1,0.1579000055789947,resnet34,cifar,resnet34cifar,2,NO,YES,0.06759510636665413,0.0014640600718416428,0.0387434328405395,0.03862763915547025,0.0016719230113426754,1.0,1.0,1.0,1.0,0.03922725121364119,1.0,0.6124785934932364,0.017804154302670624,1.0
399,ReFAM_new_sta3_j2_k1,0.9240999817848206,resnet18,cifar,resnet18cifar,0,YES,NO,0.000866603927777617,6.1699105800830506e-06,0.000461231343339756,0.0004798464491362764,8.118673770617628e-06,4.8783396300050404e-05,7.023668005260727e-06,4.8783396300050404e-05,7.023668005260727e-06,0.001914094424837901,0.0015249637233299296,0.03181704334652171,0.002967359050445104,0.063492
400,ReFAM_sta3_j7_k1_const1,0.1009000018239021,resnet34,mnist,resnet34mnist,2,NO,YES,0.045930008172213696,0.15305975817134995,0.319662149738335,0.3195777351247601,0.07634286746589143,1.0,1.0,1.0,1.0,0.2972705416348244,1.0,0.7843649521777112,0.28486646884273,1.0
401,ReFAM_sta2_j3_k7_const0,0.0997999981045723,resnet34,cifar,resnet34cifar,2,YES,NO,1.0,1.0,1.0,1.0,1.0,0.1758641436616817,0.12126538402782777,0.1758641436616817,0.12126538402782777,1.0,0.24411586439989727,1.0,1.0,0.14285714285714285
402,mul8_276,0.6850000023841858,resnet34,mnist,resnet34mnist,2,YES,NO,0.07387798484304184,0.002972192711385117,0.0393199720197142,0.03934740882917467,0.003910958302222012,0.003006502646047551,0.0006479333734853022,0.003006502646047551,0.0006479333734853022,0.05041671014797747,0.014560679075377845,0.5846384260286832,0.057863501483679525,0.14285714285714285
403,mul8_197,0.1102000027894973,resnet34,mnist,resnet34mnist,2,NO,NO,0.12896150046882232,1.0,1.0,1.0,1.0,0.07896676766636493,0.044003280052958456,0.07896676766636493,0.044003280052958456,1.0,0.13498056287060425,1.0,1.0,0.42857142857142855
404,ReFAM_new2_sta1_j4_k1,0.2515999972820282,resnet34,cifar100,resnet34cifar100,2,NO,NO,0.03119774139999421,0.0035124703844292156,0.03320865672046243,0.033109404990403074,0.0036036435833451145,0.0033705713258423715,0.002588221659938578,0.0033705713258423715,0.002588221659938578,0.046571914236999225,0.028790688092295014,0.3261252033745411,0.03560830860534125,0.2857142857142857
405,mul8_021,0.930899977684021,resnet34,cifar,resnet34cifar,0,NO,NO,0.0,0.0,0.0,0.0,0.0,0.0,0.0,0.0,0.0,0.0,0.0,0.0,0.0,0.0
406,mul8_166,0.1298999935388565,vgg16,mnist,vgg16mnist,2,NO,NO,0.2555939994153266,1.0,1.0,1.0,1.0,0.08231475408651283,0.045917229584392004,0.08231475408651283,0.045917229584392004,1.0,0.13854851519440115,1.0,1.0,0.42857142857142855
407,ReFAM_sta1_j1_k4_const1,0.6104999780654907,vgg16,cifar,vgg16cifar,2,NO,YES,0.06066227494443319,0.004396956920490153,0.06408233161019271,0.0640595009596929,0.0020135282761619914,1.0,1.0,1.0,1.0,0.05559116456588334,1.0,1.0,0.04302670623145401,1.0
408,ReFAM_new2_sta2_j5_k3,0.0988999977707862,resnet34,mnist,resnet34mnist,2,NO,NO,0.38823855964437237,0.29735306855526966,0.4054223507956455,0.4054702495201536,0.24148576102378488,0.0388875940209624,0.062052350909477215,0.0388875940209624,0.062052350909477215,0.4404911755341232,0.14395194759439398,0.6802137698054731,0.3560830860534125,0.2857142857142857
409,ReFAM_new2_sta1_j2_k3,0.608299970626831,resnet34,mnist,resnet34mnist,2,NO,NO,0.041596988533325614,0.004203500369398518,0.04070366604973347,0.0407869481765835,0.004094937917191732,0.004505236987932433,0.004129916787093308,0.004505236987932433,0.004129916787093308,0.051786761575647544,0.03639236726918782,0.5011189417804105,0.04451038575667656,0.2857142857142857
410,ReFAM_sta3_j7_k3_const1,0.1027999967336654,resnet18,mnist,resnet18mnist,2,NO,YES,0.5888573689248907,1.0,1.0,1.0,1.0,1.0,1.0,1.0,1.0,1.0,1.0,0.9642834598209286,1.0,1.0
411,mul8_412,0.0099999997764825,resnet34,cifar100,resnet34cifar100,2,NO,NO,1.0,0.636128138842891,0.8840640519419996,0.8841170825335892,0.6452874341982127,0.04977442196192365,0.03656345971838604,0.04977442196192365,0.03656345971838604,0.8382946674071078,0.1152963639729373,0.9957278619557759,0.9918397626112759,0.6190475714285714
412,ReFAM_new1_sta1_j5_k1,0.6600000262260437,vgg16,mnist,vgg16mnist,2,NO,YES,0.2703804254666165,0.023424961149466284,0.154973731362158,0.15499040307101727,0.026750768181482806,1.0,1.0,1.0,1.0,0.15690900214762732,1.0,0.6124785934932364,0.0712166172106825,1.0
413,mul8_490,0.1000000014901161,vgg16,cifar,vgg16cifar,2,NO,NO,0.35893651780280744,1.0,1.0,1.0,1.0,0.08508908390202125,0.04974512864725911,0.08508908390202125,0.04974512864725911,1.0,0.14396911556582648,1.0,1.0,0.42857142857142855
414,mul8_452,0.1114000007510185,vgg16,cifar,vgg16cifar,2,NO,NO,0.20384149437014917,1.0,1.0,1.0,1.0,0.04618071176781994,0.025596002128171407,0.04618071176781994,0.025596002128171407,1.0,0.09786714080125163,0.8993593829224438,1.0,0.14285714285714285
415,mul8_199,0.1020999997854232,resnet34,cifar,resnet34cifar,2,NO,NO,0.9919026678166201,0.2406092655720582,0.5756971183357865,0.5755758157389635,0.2516922927449769,0.03575461590302583,0.024020944577991688,0.03575461590302583,0.024020944577991688,0.5370336316595868,0.0921673742856631,0.9951373376312644,0.6454005934718101,0.14285714285714285
416,ReFAM_new2_sta3_j4_k1,0.1010999977588653,resnet34,mnist,resnet34mnist,2,NO,NO,0.12132454988886637,0.004506025017196138,0.06503361941090559,0.06501919385796545,0.005855658930233533,0.009257101146048453,0.009611889665199306,0.009257101146048453,0.009611889665199306,0.06954248201190658,0.05575261401025898,0.5647530284734539,0.03560830860534125,0.2857142857142857
417,ReFAM_new1_sta4_j4_k2,0.101000003516674,vgg16,mnist,vgg16mnist,2,NO,YES,1.0,1.0,1.0,1.0,1.0,1.0,1.0,1.0,1.0,1.0,1.0,1.0,1.0,1.0
418,ReFAM_sta2_j2_k5_const0,0.1000000014901161,resnet18,cifar,resnet18cifar,2,YES,NO,0.8388726020887332,0.05421878582528724,0.4464719403528838,0.4464971209213052,0.07134376238376038,0.034695835524069185,0.022275563078684397,0.034695835524069185,0.022275563078684397,0.37211776025753407,0.08882484489111027,0.9821030403857549,0.22997032640949555,0.14285714285714285
419,ReFAM_sta2_j4_k6_const0,0.101000003516674,vgg16,mnist,vgg16mnist,2,YES,NO,1.0,1.0,1.0,1.0,1.0,0.17491919120742516,0.11941464750844157,0.17491919120742516,0.11941464750844157,1.0,0.24244385326908033,1.0,1.0,0.14285714285714285
420,ReFAM_sta2_j2_k2_const1,0.1720999926328659,resnet34,mnist,resnet34mnist,2,NO,YES,0.041596988533325614,0.00047767049652255877,0.026520802242035967,0.02663147792706334,0.00036606052879934093,1.0,1.0,1.0,1.0,0.023207154108702416,1.0,0.9226942570491296,0.010385756676557863,1.0
421,ReFAM_new_sta3_j3_k2,0.9911999702453612,resnet34,mnist,resnet34mnist,0,NO,NO,0.0028164627652772552,0.00043417013986192136,0.009166972948877649,0.009117082533589253,0.00047061709627710564,0.0007651766049285684,0.00012115827309074755,0.0007651766049285684,0.00012115827309074755,0.015841945430041124,0.006243170133104029,0.21078765763435955,0.01483679525222552,0.063492
422,mul8_236,0.0099999997764825,resnet34,cifar100,resnet34cifar100,2,NO,NO,1.0,1.0,1.0,1.0,1.0,0.06325490047283758,0.043460701699552066,0.06325490047283758,0.043460701699552066,1.0,0.1285373485486346,1.0,1.0,0.2857142857142857
423,ReFAM_new_sta1_j1_k4,0.989300012588501,vgg16,mnist,vgg16mnist,0,NO,NO,0.020365192302773998,0.0008581649045932795,0.014471133397284843,0.014395393474088292,0.0010160413748830923,0.0010244513223010585,0.00010535502007891092,0.0010244513223010585,0.00010535502007891092,0.023598533954073433,0.0058654747615891276,0.2982850359099878,0.03115727002967359,0.05714285714285715
424,ReFAM_sta2_j2_k3_const0,0.1083000004291534,resnet18,cifar,resnet18cifar,2,YES,NO,0.14558945986663965,0.002401090362520062,0.077486865681079,0.07749520153550864,0.003159473560281647,0.008456692088236515,0.004179082463130133,0.008456692088236515,0.004179082463130133,0.0679166249944924,0.03707908612648764,0.9028088594939003,0.040059347181008904,0.14285714285714285
425,ReFAM_new2_sta3_j4_k5,0.1265999972820282,vgg16,mnist,vgg16mnist,2,NO,NO,1.0,1.0,0.9387481159991073,0.9388195777351247,1.0,0.11177360167814883,0.24096800192448503,0.11177360167814883,0.24096800192448503,1.0,0.29153006932874725,0.8450311450673911,0.7477744807121661,0.2857142857142857
426,ReFAM_sta4_j5_k1_const0,0.1687999963760376,vgg16,cifar,vgg16cifar,2,YES,NO,0.20105211124440714,0.005209792882072708,0.10700567165482339,0.10700575815738964,0.0068553033748286136,0.011573409074073069,0.006115858915580779,0.011573409074073069,0.006115858915580779,0.09570469146558301,0.045075628646327845,0.8242599610253946,0.05934718100890208,0.14285714285714285
427,mul8_015,0.1061000004410743,resnet34,cifar,resnet34cifar,2,NO,NO,0.35097459074993487,0.028114292219702953,0.1954017397321564,0.1952975047984645,0.03294628308413464,0.016366829458666913,0.008614528808452282,0.016366829458666913,0.008614528808452282,0.1869557534749721,0.05400446665830661,0.9386648855910028,0.22551928783382788,0.14285714285714285
428,mul8_105,0.1044000014662742,resnet34,cifar,resnet34cifar,2,NO,NO,0.32838872934864644,1.0,1.0,1.0,1.0,0.07523483784941108,0.03907090919626411,0.07523483784941108,0.03907090919626411,1.0,0.12752070606641466,1.0,1.0,0.42857142857142855
429,ReFAM_new1_sta3_j1_k5,0.4724999964237213,vgg16,mnist,vgg16mnist,2,NO,YES,0.337108927905493,0.01757966747764502,0.18094682322890338,0.1809021113243762,0.022454392823123538,1.0,1.0,1.0,1.0,0.1656437831260287,1.0,1.0,0.09347181008902077,1.0
430,ReFAM_new1_sta2_j1_k7,0.0979999974370002,vgg16,mnist,vgg16mnist,2,NO,YES,0.7158148443443116,0.3401451799862431,0.5224778217093048,0.522552783109405,0.29019935926500046,1.0,1.0,1.0,1.0,0.5232447791858944,1.0,1.0,0.37833827893175076,1.0
431,ReFAM_sta4_j1_k6_const0,0.1005999967455864,resnet34,cifar,resnet34cifar,2,YES,NO,0.5528933059221196,0.02361841770055792,0.2942655970507643,0.2941458733205375,0.031078283193924278,0.029452523818041542,0.022660108901972422,0.029452523818041542,0.022660108901972422,0.24533650912679558,0.08821724798910804,0.9823514678602046,0.16691394658753708,0.14285714285714285
432,ReFAM_new_sta2_j5_k3,0.0976999998092651,resnet34,cifar,resnet34cifar,2,NO,NO,0.27904646474439265,0.08626012661452628,0.23014002776952155,0.23008637236084453,0.07545605043687074,0.008428686805175375,0.0007796271485839408,0.008428686805175375,0.0007796271485839408,0.24797674764544964,0.01719782877411727,0.6335134771904889,0.22551928783382788,0.04444442857142857
433,mul8_208,0.1054000034928321,resnet34,cifar,resnet34cifar,2,NO,NO,0.4961036690131505,0.16909635694087077,0.3528106729611782,0.35268714011516317,0.1550939944256601,0.024136940413791604,0.01595952962495369,0.024136940413791604,0.01595952962495369,0.36714406314923437,0.07390513128273112,0.9830662059219408,0.46958456973293766,0.7142857142857143
434,ReFAM_sta1_j5_k1_const1,0.1026000007987022,resnet18,cifar,resnet18cifar,2,NO,YES,0.08319397706665123,0.013247395103558964,0.10331582090810533,0.10340690978886757,0.006704453178316493,1.0,1.0,1.0,1.0,0.093143825767061,1.0,0.8033808535723667,0.0712166172106825,1.0
435,mul8_004,0.1008000001311302,resnet34,mnist,resnet34mnist,2,NO,NO,1.0,1.0,1.0,1.0,1.0,0.08819496013312446,0.04488826222162131,0.08819496013312446,0.04488826222162131,1.0,0.13983462018475723,1.0,1.0,0.36160714285714285
436,mul8_050,0.789900004863739,resnet18,cifar,resnet18cifar,2,NO,NO,0.03249764729166064,0.0009031455430158204,0.017411483211075787,0.01751439539347409,0.0011834767459673395,0.0015547449080071621,0.0003213328112406783,0.0015547449080071621,0.0003213328112406783,0.026087211044475905,0.010179114192388766,0.4474270447922881,0.02967359050445104,0.14285714285714285
437,mul8_173,0.1071999967098236,resnet18,cifar,resnet18cifar,2,NO,NO,0.9940217848004619,0.39382555384301837,0.5879504890808609,0.5878119001919386,0.4372159776419858,0.03490361665645828,0.021383557242016283,0.03490361665645828,0.021383557242016283,0.6141538196475145,0.08727524886094241,0.9887515297634442,0.7640949554896143,0.19642857142857142
438,mul8_071,0.0089999996125698,resnet34,cifar100,resnet34cifar100,2,NO,NO,0.47246163234167526,1.0,1.0,1.0,1.0,0.07622134653014542,0.03939926567551005,0.07622134653014542,0.03939926567551005,1.0,0.1283268542902014,1.0,1.0,0.42857142857142855
439,ReFAM_new2_sta1_j1_k4,0.8026999831199646,resnet34,cifar,resnet34cifar,2,NO,NO,0.045063404244436084,0.004314956818587115,0.0421450139976702,0.04222648752399232,0.004199347171072037,0.004788000007227169,0.004596990709443146,0.004788000007227169,0.004596990709443146,0.05283731046825852,0.03839430202492491,0.5567982585641299,0.04599406528189911,0.2857142857142857
440,ReFAM_new_sta1_j5_k4,0.6577000021934509,vgg16,cifar,vgg16cifar,1,NO,NO,0.3691732732332648,0.25017753420120753,0.2666493703682964,0.2665547024952015,0.2891912149481882,0.006723074727129168,0.0012010472288995844,0.006723074727129168,0.0012010472288995844,0.40582400679913394,0.020294781533831355,0.38926141697329814,0.5459940652818991,0.05960485714285714
441,mul8_148,0.1134999990463256,resnet34,mnist,resnet34mnist,2,NO,NO,0.5045801369485174,0.22877041991694902,0.39539158378696115,0.39539347408829173,0.19735295690078453,1.0,1.0,1.0,1.0,0.4128142721566668,1.0,0.9865767712166227,0.7225519287833828,1.0
442,ReFAM_new_sta3_j1_k8,0.1067000031471252,resnet34,mnist,resnet34mnist,2,NO,NO,0.5801913296471145,0.2780475676254044,0.43344215490353566,0.43354126679462573,0.25197166655466635,0.018510588707185794,0.0044881238553616054,0.018510588707185794,0.0044881238553616054,0.4596376608834779,0.040715710336014524,0.6890685802369835,0.5133531157270029,0.06800742857142857
443,ReFAM_sta3_j2_k8_const0,0.101000003516674,vgg16,mnist,vgg16mnist,2,YES,NO,1.0,1.0,1.0,1.0,1.0,0.19106288179783074,0.1469562056740702,0.19106288179783074,0.1469562056740702,1.0,0.26749192358909135,1.0,1.0,0.14285714285714285
444,ReFAM_new2_sta4_j1_k4,0.101000003516674,vgg16,mnist,vgg16mnist,2,NO,NO,1.0,1.0,1.0,1.0,1.0,1.0,1.0,1.0,1.0,1.0,1.0,1.0,1.0,0.2857142857142857
445,mul8_348,0.9253000020980836,resnet18,cifar,resnet18cifar,0,YES,NO,0.001733207855555234,0.0002030099610220875,0.000922462686679512,0.0009596928982725527,0.00026713055632354775,7.407849067785432e-05,2.2826921017097364e-05,7.407849067785432e-05,2.2826921017097364e-05,0.010827749830438113,0.00268417501179365,0.003976875881968441,0.04747774480712166,0.07087485714285714
446,ReFAM_sta1_j7_k2_const0,0.1134999990463256,resnet34,mnist,resnet34mnist,2,YES,NO,1.0,0.9684864851094184,1.0,1.0,1.0,0.04667125591950378,0.02617018698760147,0.04667125591950378,0.02617018698760147,1.0,0.09894946943503938,0.8451400866238096,0.9970326409495549,0.14285714285714285
447,ReFAM_sta4_j2_k7_const1,0.0979999974370002,vgg16,mnist,vgg16mnist,2,NO,YES,0.8819861474956696,0.43703684620283795,0.6769581167108056,0.676823416506718,0.28217792564295735,1.0,1.0,1.0,1.0,0.6082761624307458,1.0,1.0,0.4762611275964392,1.0
448,ReFAM_new2_sta2_j2_k6,0.98580002784729,vgg16,mnist,vgg16mnist,0,NO,NO,0.459300081722137,0.3006259075739434,0.4337592532970071,0.43378119001919385,0.23752026254807468,0.043921317802145386,0.07496185270314643,0.043921317802145386,0.07496185270314643,0.45287638077935916,0.15843872974925804,0.9011309558959781,0.3768545994065282,0.2857142857142857
449,mul8_486,0.1134999990463256,resnet34,mnist,resnet34mnist,2,NO,NO,1.0,0.9417784026189081,0.9451026588798812,0.9450575815738963,0.8813551571200237,0.05154327177591437,0.03874957638502344,0.05154327177591437,0.03874957638502344,0.9306070952311885,0.11878220860727444,1.0,1.0,0.17857142857142858
450,mul8_251,0.1083000004291534,resnet34,cifar,resnet34cifar,2,NO,NO,0.3442584103096583,1.0,1.0,1.0,1.0,1.0,1.0,1.0,1.0,1.0,1.0,1.0,1.0,1.0
451,ReFAM_new1_sta2_j1_k4,0.1008000001311302,resnet34,mnist,resnet34mnist,2,YES,YES,0.18372003268885478,0.004951850813950526,0.09778104478802827,0.09788867562380038,0.006515890432676341,1.0,1.0,1.0,1.0,0.08941092652976798,1.0,0.9823514678602046,0.04599406528189911,1.0
452,mul8_422,0.9886999726295472,vgg16,mnist,vgg16mnist,0,NO,NO,0.0898873068945601,0.010918243318981988,0.07175030269321615,0.07173704414587333,0.010846639204019314,0.0062840241604287155,0.0029955944042437004,0.0062840241604287155,0.0029955944042437004,0.0866748786667393,0.031261383111493284,0.9111973593381241,0.1446587537091988,0.7142857142857143
453,mul8_133,0.0114000001922249,resnet34,cifar100,resnet34cifar100,2,NO,NO,0.49451940610787026,0.5217689426413268,0.541556202374912,0.5415067178502879,0.4107951513568729,1.0,1.0,1.0,1.0,0.5808886766854446,1.0,0.9942831136514969,0.7307121661721068,1.0
454,ReFAM_new1_sta4_j2_k2,0.1000000014901161,resnet34,cifar,resnet34cifar,2,NO,YES,1.0,1.0,1.0,1.0,1.0,1.0,1.0,1.0,1.0,1.0,1.0,1.0,1.0,1.0
455,ReFAM_sta2_j2_k7_const0,0.1000000014901161,vgg16,cifar,vgg16cifar,2,YES,NO,1.0,0.9788360125340738,1.0,1.0,1.0,0.11297511866109451,0.07894602837913058,0.11297511866109451,0.07894602837913058,1.0,0.18374805180845918,1.0,1.0,0.14285714285714285
456,mul8_238,0.1000000014901161,vgg16,cifar,vgg16cifar,2,NO,NO,0.7111703880522745,1.0,1.0,1.0,1.0,0.0493949955462566,0.027006003480227497,0.0493949955462566,0.027006003480227497,1.0,0.10116786991753401,0.9049367833529156,1.0,0.5714285714285714
457,mul8_373,0.100100003182888,resnet34,cifar,resnet34cifar,2,NO,NO,1.0,0.3054859063765827,0.6138106346162493,0.6137236084452975,0.3082963537020369,0.03762012911338887,0.02584183050835553,0.03762012911338887,0.02584183050835553,0.5809910584739663,0.09573905877716271,0.9953542025987143,0.650593471810089,0.235955
458,ReFAM_new_sta1_j6_k2,0.989300012588501,vgg16,mnist,vgg16mnist,0,NO,NO,0.15598870699997106,0.05367424145925152,0.11346291046157997,0.11348368522072937,0.06326384873307989,0.0038032981189483742,0.0005917440294432163,0.0038032981189483742,0.0005917440294432163,0.18597271018867897,0.014061315036754387,0.2863533901186954,0.23738872403560832,0.05442171428571429
459,mul8_310,0.1134999990463256,resnet18,mnist,resnet18mnist,2,NO,NO,1.0,0.26155904325784013,0.6023666695309748,0.6024472168905951,0.2806506629920133,0.03665710873457677,0.02460390902242833,0.03665710873457677,0.02460390902242833,0.5638919598567996,0.09340272179526223,0.9941273374072724,0.766320474777448,0.14285714285714285
460,ReFAM_sta3_j4_k6_const0,0.1134999990463256,resnet18,mnist,resnet18mnist,2,YES,NO,1.0,1.0,1.0,1.0,1.0,0.189584022172957,0.14382716157772654,0.189584022172957,0.14382716157772654,1.0,0.26490553137110884,1.0,1.0,0.14285714285714285
461,ReFAM_new_sta1_j2_k1,0.9914000034332277,resnet18,mnist,resnet18mnist,0,NO,NO,0.002166509819444042,3.06007693679464e-05,0.00230615671669878,0.002399232245681382,3.5355514807528376e-05,0.0002104913210724397,1.4047336010521454e-05,0.0002104913210724397,1.4047336010521454e-05,0.004280044384787273,0.0021019568501698884,0.1749937384058694,0.004451038575667656,0.040816285714285715
462,ReFAM_new1_sta1_j2_k1,0.6931999921798706,vgg16,cifar,vgg16cifar,0,NO,YES,0.038130572822215145,0.0003534761674266935,0.021216641793628775,0.02111324376199616,0.00041798075283566884,1.0,1.0,1.0,1.0,0.02061542120235129,1.0,0.6840664319502168,0.008902077151335312,1.0
463,ReFAM_sta4_j1_k6_const0,0.1134999990463256,resnet34,mnist,resnet34mnist,2,YES,NO,0.5528933059221196,0.02361841770055792,0.2942655970507643,0.2941458733205375,0.031078283193924278,0.029452523818041542,0.022660108901972422,0.029452523818041542,0.022660108901972422,0.24533650912679558,0.08821724798910804,0.9823514678602046,0.16691394658753708,0.14285714285714285
464,ReFAM_new_sta1_j3_k1,0.7080000042915344,vgg16,cifar,vgg16cifar,0,NO,NO,0.007366133386109744,0.0001671349196239778,0.005996007463416828,0.005998080614203456,0.00019458627779254508,0.00047608981203938085,3.687425702761882e-05,0.00047608981203938085,3.687425702761882e-05,0.010218464226666987,0.003440312188363997,0.23067407333497592,0.011869436201780416,0.04664728571428572
465,ReFAM_new_sta2_j2_k5,0.9884999990463256,vgg16,mnist,vgg16mnist,0,NO,NO,0.05762916119721153,0.01669811662802843,0.08601964553286448,0.08613243761996162,0.014021146025573633,0.003941517741798517,0.0003230887282419935,0.003941517741798517,0.0003230887282419935,0.10055826281032638,0.010635931519201256,0.5241117190570345,0.08902077151335312,0.04444442857142857
466,ReFAM_new2_sta4_j3_k6,0.0089999996125698,resnet34,cifar100,resnet34cifar100,2,NO,NO,1.0,1.0,1.0,1.0,1.0,1.0,1.0,1.0,1.0,1.0,1.0,1.0,1.0,0.2857142857142857
467,ReFAM_new_sta2_j7_k1,0.1059999987483024,resnet34,cifar,resnet34cifar,2,NO,NO,0.21838418979995947,0.08157019845616896,0.2067469496520456,0.20681381957773515,0.0713437460081335,0.007122375859807359,0.000637397871477411,0.007122375859807359,0.000637397871477411,0.23279662135441945,0.015397431074326867,0.5118074320540675,0.18991097922848665,0.040816285714285715
468,ReFAM_new_sta2_j1_k3,0.9230999946594238,resnet34,cifar,resnet34cifar,0,YES,NO,0.006066227494443318,7.94127200468754e-05,0.0032286194033782916,0.0031190019193857964,0.00010449518820891721,0.00023578641545024363,1.4047336010521454e-05,0.00023578641545024363,1.4047336010521454e-05,0.007161882485407868,0.0021303213247105333,0.11135965171282598,0.005934718100890208,0.031746
469,ReFAM_sta4_j2_k2_const1,0.2199999988079071,resnet18,mnist,resnet18mnist,2,NO,YES,0.051996235666657016,0.00029615570784398643,0.027904496272055237,0.027831094049904033,0.0003739173098676806,1.0,1.0,1.0,1.0,0.024135804193722313,1.0,0.9226942570491296,0.010385756676557863,1.0
470,mul8_084,0.1010999977588653,resnet34,cifar,resnet34cifar,2,NO,NO,0.3996330493925207,0.17536930768348918,0.3545042554163098,0.35460652591170827,0.1317394958612436,0.026694455134633137,0.016791834283577084,0.026694455134633137,0.016791834283577084,0.35387782284885794,0.07625415763482082,0.989932578412467,0.5682492581602374,0.2857142857142857
471,ReFAM_sta2_j8_k1_const1,0.1027999967336654,resnet18,mnist,resnet18mnist,2,NO,YES,0.4437012110221399,0.8005502764119939,0.748463162404589,0.7483205374280231,0.43241063152488624,1.0,1.0,1.0,1.0,0.70038050797246,1.0,0.8081030118776841,0.56973293768546,1.0
472,ReFAM_new2_sta2_j2_k5,0.9545999765396118,vgg16,mnist,vgg16mnist,1,NO,NO,0.35010798682215727,0.06878136702927165,0.23326775189408158,0.23320537428023033,0.0662632894766428,0.026871520795277767,0.040236838085137394,0.026871520795277767,0.040236838085137394,0.2413580500580355,0.11515454160023407,0.8727318266139131,0.18694362017804153,0.2857142857142857
473,ReFAM_new2_sta1_j3_k5,0.1220000013709068,resnet34,mnist,resnet34mnist,2,NO,NO,0.3275762846999392,0.28763963900848344,0.33975453828764773,0.3397312859884837,0.2738034800676354,0.01965248153909808,0.028782991485558462,0.01965248153909808,0.028782991485558462,0.42640924294189536,0.0969370846097347,0.5722099252884915,0.37388724035608306,0.2857142857142857
474,ReFAM_new2_sta1_j2_k1,0.9108999967575072,resnet34,cifar,resnet34cifar,0,NO,NO,0.010399247133331404,0.0002006216085394747,0.008302164180115607,0.008397312859884836,0.00021684715748617405,0.001195193209351235,0.0007673357295747345,0.001195193209351235,0.0007673357295747345,0.011484563842089948,0.015635543373760174,0.33407895513847796,0.008902077151335312,0.2857142857142857
475,mul8_231,0.1243999972939491,vgg16,cifar,vgg16cifar,2,NO,NO,0.2852210177298082,0.024857720747458793,0.17204649734423733,0.1720249520153551,0.024638169709206795,0.015239390966399079,0.00821066789814979,0.015239390966399079,0.00821066789814979,0.16340647766181476,0.05257355356108513,0.9410880716122739,0.19881305637982197,0.14285714285714285
476,mul8_220,0.0097000002861022,resnet34,cifar100,resnet34cifar100,2,NO,NO,0.9079842653289981,1.0,1.0,1.0,1.0,0.08558143484616065,0.05227189321215165,0.08558143484616065,0.05227189321215165,1.0,0.14692275308575625,1.0,1.0,0.8660714285714286
477,mul8_479,0.1075000017881393,resnet34,cifar,resnet34cifar,2,NO,NO,0.4688327249276908,0.08306610322777877,0.281680375888933,0.28166986564299423,0.08827501360490309,0.019830450595970488,0.010437170655817441,0.019830450595970488,0.010437170655817441,0.2851206856529654,0.05983635191057129,0.9677787529348041,0.39243323442136496,0.2857142857142857
478,ReFAM_new_sta3_j2_k4,0.9890999794006348,vgg16,mnist,vgg16mnist,0,NO,NO,0.01689877659166353,0.002369992026087178,0.02656404360293676,0.02663147792706334,0.002349428939666606,0.0019450120784075652,0.00034240381525646045,0.0019450120784075652,0.00034240381525646045,0.037508424429245416,0.010555316696822583,0.33606739307946215,0.03857566765578635,0.063492
479,mul8_418,0.1006999984383583,resnet18,mnist,resnet18mnist,2,NO,NO,0.045930008172213696,0.08887995025857896,0.2498090207050514,0.24976007677543188,0.04086339425820502,0.02248733890186768,0.016214137590144388,0.02248733890186768,0.016214137590144388,0.22682617573547875,0.07409397896848857,0.9577428938542708,0.18397626112759644,0.2857142857142857
480,ReFAM_new2_sta1_j2_k2,0.4837000072002411,resnet34,cifar100,resnet34cifar100,2,NO,NO,0.020798494266662807,0.0009553409930451175,0.01914110074859987,0.019193857965451058,0.0009568904651384818,0.0024454935885969715,0.0018840989424111902,0.0024454935885969715,0.0018840989424111902,0.024809490546547425,0.024535270477657755,0.43748485508736706,0.020771513353115726,0.2857142857142857
481,ReFAM_new2_sta1_j1_k3,0.8633000254631042,resnet18,cifar,resnet18cifar,1,NO,NO,0.024264909977773273,0.0010031080426973734,0.02064010261445408,0.020633397312859885,0.0010008065945090094,0.002732773589030601,0.0022739125167031606,0.002732773589030601,0.0022739125167031606,0.025822537527620672,0.026951475848396363,0.5249812152176082,0.02225519287833828,0.2857142857142857
482,mul8_091,0.8098999857902527,resnet18,cifar,resnet18cifar,2,NO,NO,0.03141439238193861,0.000900794499783456,0.017325004179124956,0.01727447216890595,0.0011599381315869873,0.0015339667947682518,0.00031782097723804793,0.0015339667947682518,0.00031782097723804793,0.02585798487362807,0.010108203006037155,0.4528955036663415,0.02967359050445104,0.14285714285714285
483,ReFAM_sta1_j4_k2_const0,0.9857000112533568,vgg16,mnist,vgg16mnist,0,YES,NO,0.2911789197332793,0.01635543780093241,0.154973731362158,0.15499040307101727,0.02152129470239594,0.012186815112734815,0.005432807202069173,0.012186815112734815,0.005432807202069173,0.14944648448123987,0.042724362993616496,0.8192893752456275,0.12462908011869436,0.14285714285714285
484,ReFAM_new1_sta3_j2_k1,0.6071000099182129,resnet18,cifar,resnet18cifar,2,YES,YES,0.046796612099991315,0.00026033042060479456,0.02490649254034682,0.02495201535508637,0.00034255565457960827,1.0,1.0,1.0,1.0,0.0219912627692432,1.0,0.8272431270095645,0.008902077151335312,1.0
485,mul8_269,0.1134999990463256,resnet34,mnist,resnet34mnist,2,NO,NO,1.0,0.5860835308001936,0.8040382737591187,0.8039827255278311,0.6092581138009195,0.047379518562082286,0.03264776480545317,0.047379518562082286,0.03264776480545317,0.783761041046351,0.10904946167213056,0.9971726102600547,1.0,0.14285714285714285
486,ReFAM_sta1_j5_k1_const0,0.1888999938964843,vgg16,cifar,vgg16cifar,2,YES,NO,0.24958193119995367,0.013247395103558964,0.13283462688184972,0.13291746641074856,0.01743157826362288,0.009927421147060259,0.0038050721418499992,0.009927421147060259,0.0038050721418499992,0.13083219927767592,0.03569967694356365,0.7477005186432601,0.10682492581602374,0.14285714285714285
487,mul8_191,0.0997999981045723,resnet34,cifar,resnet34cifar,2,NO,NO,1.0,0.9725755884773138,0.9154185475926839,0.9153071017274472,0.8526660784924649,0.05141589290779757,0.038888293828127335,0.05141589290779757,0.038888293828127335,0.907614539003313,0.11892925601476147,1.0,1.0,0.18080357142857142
488,mul8_459,0.6886000037193298,vgg16,cifar,vgg16cifar,0,YES,NO,0.04495507875346388,0.0013022460831019285,0.023926375935749842,0.023992322456813823,0.0017135598612884368,0.0021753781164911366,0.0005355546854011304,0.0021753781164911366,0.0005355546854011304,0.03251495584975532,0.013152158984372667,0.5249812152176082,0.03560830860534125,0.14285714285714285
489,mul8_457,0.0874999985098838,resnet34,cifar,resnet34cifar,2,NO,NO,0.2249920447492638,0.021309848011616946,0.14619862425243255,0.14611324376199616,0.019380347271150934,0.01337387775603604,0.007211551124401453,0.01337387775603604,0.007211551124401453,0.141336258940808,0.049095919695693976,0.9328858923738874,0.19881305637982197,0.14285714285714285
490,ReFAM_new1_sta1_j1_k8,0.1027999967336654,resnet18,mnist,resnet18mnist,2,NO,YES,1.0,1.0,1.0,1.0,1.0,1.0,1.0,1.0,1.0,1.0,1.0,0.9818535947659182,0.7581602373887241,1.0
491,ReFAM_sta2_j8_k1_const0,0.1134999990463256,resnet34,mnist,resnet34mnist,2,YES,NO,1.0,0.8005502764119939,1.0,1.0,1.0,0.07827928313702533,0.03838610156575119,0.07827928313702533,0.03838610156575119,1.0,0.12792079444414586,0.9563755245994108,0.8545994065281899,0.14285714285714285
492,ReFAM_sta3_j1_k9_const1,0.1000000014901161,resnet18,cifar,resnet18cifar,2,NO,YES,0.4805318779526886,1.0,1.0,1.0,1.0,1.0,1.0,1.0,1.0,1.0,1.0,1.0,1.0,1.0
493,mul8_245,0.3014000058174133,vgg16,mnist,vgg16mnist,2,NO,NO,0.5580116836373483,0.1574520361501032,0.3830713234275502,0.3831573896353167,0.13511494506714275,0.02898004759091328,0.019385323694519608,0.02898004759091328,0.019385323694519608,0.37154423059064057,0.08200244233054466,0.9925115406779627,0.4970326409495549,0.22321428571428573
494,ReFAM_sta2_j6_k3_const1,0.1000000014901161,vgg16,cifar,vgg16cifar,2,NO,YES,0.47143253671102364,0.9494306167681451,0.8319820706314773,0.8320537428023034,0.474665881895136,1.0,1.0,1.0,1.0,0.7616073295464018,1.0,0.9680271804092537,0.6884272997032641,1.0
495,mul8_308,0.1134999990463256,resnet34,mnist,resnet34mnist,2,NO,NO,1.0,0.9360060157312817,1.0,1.0,1.0,0.057348495935620365,0.03996818278393617,0.057348495935620365,0.03996818278393617,1.0,0.12217773478320584,0.999782116887163,1.0,0.2380952857142857
496,mul8_171,0.9843999743461608,resnet34,mnist,resnet34mnist,0,NO,NO,0.026512665648654322,0.0008126414032048506,0.01575393214848585,0.015834932821497123,0.0010089025066610867,0.0014571781154070612,0.0003213328112406783,0.0014571781154070612,0.0003213328112406783,0.023971590539793888,0.010167917689280617,0.443947023859219,0.02967359050445104,0.14285714285714285
497,ReFAM_new2_sta3_j6_k1,0.5224999785423279,vgg16,cifar,vgg16cifar,2,NO,NO,0.3761061046554858,0.06726794767278935,0.2074964505849727,0.20753358925143955,0.08483974396580378,0.028419941929690478,0.041943589410415746,0.028419941929690478,0.041943589410415746,0.24548206656776617,0.11772973731510841,0.46408186703428506,0.142433234421365,0.2857142857142857
498,mul8_017,0.1000000014901161,resnet18,cifar,resnet18cifar,2,NO,NO,0.9651259652832505,1.0,1.0,1.0,1.0,0.08996561673957074,0.058724888191984945,0.08996561673957074,0.058724888191984945,1.0,0.1554335883150308,1.0,1.0,1.0
499,ReFAM_sta2_j4_k1_const1,0.2745999991893768,resnet34,cifar,resnet34cifar,2,NO,YES,0.038130572822215145,0.002136779354444246,0.04151082090057804,0.04150671785028791,0.001197373434814961,1.0,1.0,1.0,1.0,0.03808998557957571,1.0,0.779517561989782,0.017804154302670624,1.0
500,mul8_153,0.9890000224113464,vgg16,mnist,vgg16mnist,0,NO,NO,0.0,0.0,0.0,0.0,0.0,0.0,0.0,0.0,0.0,0.0,0.0,0.0,0.0,0.0
501,mul8_387,0.1032000035047531,resnet18,cifar,resnet18cifar,2,NO,NO,0.31051502333823305,1.0,1.0,1.0,1.0,0.07454735332007147,0.03765388417620276,0.07454735332007147,0.03765388417620276,1.0,0.1254672673963801,1.0,1.0,0.42857142857142855
502,mul8_305,0.5591999888420105,vgg16,cifar,vgg16cifar,2,NO,NO,0.1237580638448744,0.012470265724912746,0.08812221104476235,0.08805182341650672,0.012190102857962253,0.0075180634075744344,0.0030570514992897314,0.0075180634075744344,0.0030570514992897314,0.09751173734172228,0.031761493583657284,0.9221974021002303,0.1446587537091988,0.14285714285714285
503,ReFAM_new2_sta4_j1_k4,0.1018999963998794,resnet34,mnist,resnet34mnist,2,NO,NO,1.0,1.0,1.0,1.0,1.0,1.0,1.0,1.0,1.0,1.0,1.0,1.0,1.0,0.2857142857142857
504,ReFAM_sta4_j2_k2_const1,0.6826000213623047,vgg16,cifar,vgg16cifar,1,NO,YES,0.051996235666657016,0.00029615570784398643,0.027904496272055237,0.027831094049904033,0.0003739173098676806,1.0,1.0,1.0,1.0,0.024135804193722313,1.0,0.9226942570491296,0.010385756676557863,1.0
505,mul8_333,0.3732999861240387,vgg16,mnist,vgg16mnist,2,NO,NO,0.7326391484608377,0.22572159475708864,0.48878124495505154,0.48872360844529755,0.19008347471766746,0.03144541589652138,0.02209294771054762,0.03144541589652138,0.02209294771054762,0.4600844300831065,0.0876663800361871,0.9957736784981948,0.5356083086053413,0.21212114285714284
506,ReFAM_sta3_j3_k5_const0,0.100500002503395,resnet34,cifar,resnet34cifar,2,YES,NO,1.0,0.1853743662904746,0.9040134329459217,0.9040307101727448,0.24392476776009978,0.0658467442503347,0.052120884350038546,0.0658467442503347,0.052120884350038546,0.739236816718535,0.13963681529651326,0.9980421064206284,0.5103857566765578,0.14285714285714285
507,ReFAM_sta1_j4_k1_const0,0.1704999953508377,resnet18,mnist,resnet18mnist,2,YES,NO,0.12479096559997684,0.003311848775889741,0.06641731344092486,0.06645873320537428,0.00435789456590572,0.00602836302796734,0.002086029397562436,0.00602836302796734,0.002086029397562436,0.06541609963883796,0.02620578874139362,0.7477005186432601,0.05341246290801187,0.14285714285714285
508,ReFAM_new_sta2_j2_k1,0.9912999868392944,resnet18,mnist,resnet18mnist,0,NO,NO,0.0,0.0,0.0,0.0,0.0,0.0,0.0,0.0,0.0,0.0,0.0,0.0,0.0,0.0
509,mul8_251,0.1101000010967254,resnet18,mnist,resnet18mnist,2,NO,NO,0.3442584103096583,1.0,1.0,1.0,1.0,1.0,1.0,1.0,1.0,1.0,1.0,1.0,1.0,1.0
510,ReFAM_new2_sta4_j1_k3,0.101000003516674,vgg16,mnist,vgg16mnist,2,NO,NO,1.0,1.0,1.0,1.0,1.0,1.0,1.0,1.0,1.0,1.0,1.0,1.0,1.0,0.2857142857142857
511,mul8_325,0.1032000035047531,resnet18,cifar,resnet18cifar,2,NO,NO,0.4965369709770393,0.1689863496802792,0.3529820591486617,0.35292706333973134,0.1549503179605265,0.02416946267799164,0.015975332877965525,0.02416946267799164,0.015975332877965525,0.3671471815411856,0.07394693156100153,0.9830662059219408,0.46958456973293766,0.7142857142857143
512,ReFAM_new1_sta1_j4_k1,0.4731000065803528,vgg16,cifar,vgg16cifar,2,NO,YES,0.13519021273330825,0.005856240287366571,0.077486865681079,0.07749520153550864,0.006687692045370701,1.0,1.0,1.0,1.0,0.07845449972034493,1.0,0.6124785934932364,0.03560830860534125,1.0
513,ReFAM_new2_sta1_j1_k1,0.9179999828338624,resnet34,cifar,resnet34cifar,0,YES,NO,0.008666039277776169,4.378646218123456e-05,0.00461231343339756,0.0045585412667946265,5.761639450115736e-05,0.0007597562275618961,0.00046882983935115356,0.0007597562275618961,0.00046882983935115356,0.006052896226962023,0.012216131324531388,0.3818045201582605,0.004451038575667656,0.2857142857142857
514,ReFAM_sta2_j4_k5_const0,0.1130999997258186,resnet34,cifar,resnet34cifar,2,YES,NO,1.0,0.9755655618678827,1.0,1.0,1.0,0.1115920190363653,0.07610671058800393,0.1115920190363653,0.07610671058800393,1.0,0.18069513862763714,1.0,1.0,0.14285714285714285
515,ReFAM_sta2_j2_k1_const1,0.705299973487854,vgg16,cifar,vgg16cifar,0,YES,YES,0.024264909977773273,6.687386951315823e-05,0.012914477613513166,0.012955854126679463,8.799594796540397e-05,1.0,1.0,1.0,1.0,0.01132393146641794,1.0,0.8272431270095645,0.004451038575667656,1.0
516,ReFAM_sta3_j5_k5_const0,0.1134999990463256,resnet18,mnist,resnet18mnist,2,YES,NO,1.0,1.0,1.0,1.0,1.0,0.18731288405632132,0.13950760575449123,0.18731288405632132,0.13950760575449123,1.0,0.26118903877274385,1.0,1.0,0.14285714285714285
517,mul8_060,0.7050999999046326,vgg16,cifar,vgg16cifar,0,NO,NO,0.0204735177937462,0.0007869341578987593,0.015162980412294478,0.015115163147792706,0.0008986152407846243,0.0014382067946237084,0.00031255322623410233,0.0014382067946237084,0.00031255322623410233,0.02272860546332146,0.010033559651982826,0.44245544086713406,0.02967359050445104,0.14285714285714285
518,mul8_052,0.1028999984264373,resnet18,mnist,resnet18mnist,2,NO,NO,0.002545652504262461,1.0,1.0,1.0,1.0,1.0,1.0,1.0,1.0,1.0,1.0,0.791479752142687,1.0,1.0
519,mul8_029,0.1665000021457672,resnet18,cifar,resnet18cifar,2,NO,NO,0.09445982812776024,0.0038068348279112424,0.05148494870030026,0.051583493282149714,0.004857549017643039,0.004291132081948878,0.0011852439758877479,0.004291132081948878,0.0011852439758877479,0.05958337758386553,0.019717041973450852,0.7074318504385152,0.07270029673590504,0.14285714285714285
520,ReFAM_new1_sta4_j7_k2,0.1009000018239021,resnet34,mnist,resnet34mnist,2,NO,YES,1.0,1.0,1.0,1.0,1.0,1.0,1.0,1.0,1.0,1.0,1.0,1.0,1.0,1.0
521,mul8_032,0.1641000062227249,resnet34,mnist,resnet34mnist,2,NO,NO,0.10399247133331403,0.0052876133671311745,0.0694315340666651,0.06933781190019193,0.004794251470652172,0.006889299633040451,0.0036926934537658274,0.006889299633040451,0.0036926934537658274,0.06848655443456733,0.03469870956569511,0.8935498453437157,0.07566765578635015,0.8571427142857143
522,mul8_246,0.1008000001311302,resnet34,cifar,resnet34cifar,2,NO,NO,1.0,0.665054543589025,0.9824367237089058,0.9824856046065259,0.747257425181807,0.051530624228725466,0.037390496626005486,0.051530624228725466,0.037390496626005486,0.9198563388228572,0.11694896783170014,1.0,1.0,0.6428571428571429
523,ReFAM_sta4_j2_k6_const0,0.1010999977588653,vgg16,mnist,vgg16mnist,2,YES,NO,1.0,0.10086171757572669,0.6475688060490173,0.647552783109405,0.13271884094801142,0.0554287789515906,0.04730089218142837,0.0554287789515906,0.04730089218142837,0.5326445464201321,0.13079083140753478,0.998197882664853,0.3798219584569733,0.14285714285714285
524,mul8_264,0.1794999986886978,vgg16,mnist,vgg16mnist,2,NO,NO,0.6196218083609961,0.17141942176394162,0.3963719254724537,0.3963531669865643,0.1660326385724673,0.027661089098356358,0.019144763065339427,0.027661089098356358,0.019144763065339427,0.39641011476524235,0.08122167284713638,0.98061145739367,0.4317507418397626,0.7142857142857143
525,mul8_191,0.8029000163078308,vgg16,mnist,vgg16mnist,2,NO,NO,1.0,0.9725755884773138,0.9154185475926839,0.9153071017274472,0.8526660784924649,0.05141589290779757,0.038888293828127335,0.05141589290779757,0.038888293828127335,0.907614539003313,0.11892925601476147,1.0,1.0,0.18080357142857142
526,ReFAM_sta4_j4_k5_const0,0.1134999990463256,resnet18,mnist,resnet18mnist,2,YES,NO,1.0,0.4350899408707614,1.0,1.0,0.5725128824734892,0.09594248618255469,0.08115321604978376,0.09594248618255469,0.08115321604978376,1.0,0.17898207365209032,1.0,0.8545994065281899,0.14285714285714285
527,mul8_275,0.0102000003680586,resnet34,cifar100,resnet34cifar100,2,NO,NO,0.7470125857443058,0.35312507961174944,0.5741478939114187,0.5741362763915547,0.253437377481466,0.04193926647839889,0.03214030479207309,0.04193926647839889,0.03214030479207309,0.5368512842316299,0.1067668679051492,0.9956810272679698,0.6461424332344213,0.14285714285714285
528,mul8_426,0.0116999996826052,resnet34,cifar100,resnet34cifar100,2,NO,NO,1.0,0.40626900008916517,0.648577976538394,0.6485124760076776,0.4821089328674773,0.03602473137513167,0.020110517416062776,0.03602473137513167,0.020110517416062776,0.6611792568930991,0.08524942823190795,0.9903988889997536,0.8308605341246291,0.14285714285714285
529,mul8_365,0.1894000023603439,resnet34,cifar100,resnet34cifar100,2,NO,NO,0.046904937590963515,0.0011512822968945049,0.025153325106048525,0.025191938579654512,0.0015032423048416887,0.0024951803811248006,0.0006935872155194968,0.0024951803811248006,0.0006935872155194968,0.031586173124800006,0.014973456823298282,0.6246576486135914,0.040059347181008904,0.14285714285714285
530,ReFAM_sta4_j1_k5_const0,0.101000003516674,resnet18,cifar,resnet18cifar,2,YES,NO,0.24784872334439845,0.005530628232237027,0.1319121641951702,0.13195777351247603,0.00727747441090073,0.015068649079348904,0.010112326010574133,0.015068649079348904,0.010112326010574133,0.11201129353797264,0.05799564679959155,0.9545113003956514,0.07195845697329377,0.14285714285714285
531,mul8_413,0.0110999997705221,resnet34,cifar100,resnet34cifar100,2,NO,NO,1.0,1.0,1.0,1.0,1.0,0.09031794126840442,0.05873015594298889,0.09031794126840442,0.05873015594298889,1.0,0.1555769035548151,1.0,1.0,1.0
532,ReFAM_sta3_j7_k2_const0,0.1114000007510185,resnet34,cifar,resnet34cifar,2,YES,NO,1.0,0.730200508164981,1.0,1.0,0.9608339757901153,0.09956420165971955,0.06617348811156394,0.09956420165971955,0.06617348811156394,1.0,0.16662859855609896,0.9944073273887218,0.9970326409495549,0.14285714285714285
533,ReFAM_sta1_j3_k7_const1,0.0979999974370002,vgg16,mnist,vgg16mnist,2,NO,YES,1.0,1.0,1.0,1.0,1.0,1.0,1.0,1.0,1.0,1.0,1.0,1.0,1.0,1.0
534,mul8_184,0.101000003516674,vgg16,mnist,vgg16mnist,2,NO,NO,1.0,1.0,1.0,1.0,1.0,0.06572749594826792,0.045167453024830426,0.06572749594826792,0.045167453024830426,1.0,0.13145739655923994,1.0,1.0,0.2857142857142857
535,ReFAM_new1_sta1_j2_k2,0.1362999975681305,resnet34,cifar,resnet34cifar,2,NO,YES,0.08319397706665123,0.0017323516673884798,0.04704559702065511,0.04702495201535509,0.0019683855503213575,1.0,1.0,1.0,1.0,0.045295728572609224,1.0,0.763609040316521,0.020771513353115726,1.0
536,ReFAM_new1_sta2_j2_k7,0.1000000014901161,resnet18,cifar,resnet18cifar,2,NO,YES,1.0,1.0,1.0,1.0,1.0,1.0,1.0,1.0,1.0,1.0,1.0,0.9875246645720023,0.7566765578635015,1.0
537,ReFAM_new2_sta4_j3_k4,0.1000000014901161,vgg16,cifar,vgg16cifar,2,NO,NO,1.0,1.0,1.0,1.0,1.0,1.0,1.0,1.0,1.0,1.0,1.0,1.0,1.0,0.2857142857142857
538,ReFAM_sta3_j4_k1_const0,0.1171000003814697,resnet18,cifar,resnet18cifar,2,YES,NO,0.11785813417775591,0.001846992586553894,0.06272746269420681,0.06261996161228407,0.0024303642771397287,0.006964281519946085,0.003076366586304199,0.006964281519946085,0.003076366586304199,0.05639272664420592,0.031768211485522176,0.8431516486828253,0.04154302670623145,0.14285714285714285
539,ReFAM_new1_sta1_j4_k3,0.0979999974370002,vgg16,mnist,vgg16mnist,2,NO,YES,0.6759510636665412,0.12133785952666039,0.38697309706205524,0.38699616122840697,0.13464610934407514,1.0,1.0,1.0,1.0,0.37343965797477074,1.0,0.7894607698400902,0.17804154302670624,1.0
540,mul8_005,0.0087000001221895,resnet34,cifar100,resnet34cifar100,2,NO,NO,0.5560889113722153,1.0,1.0,1.0,1.0,0.07588618652963952,0.03906564144526017,0.07588618652963952,0.03906564144526017,1.0,0.12777822563790212,1.0,1.0,0.42857142857142855
541,mul8_292,0.1010999977588653,resnet34,cifar,resnet34cifar,2,NO,NO,1.0,0.26155904325784013,0.6023666695309748,0.6024472168905951,0.2806506629920133,0.03665710873457677,0.02460390902242833,0.03665710873457677,0.02460390902242833,0.5638919598567996,0.09340272179526223,0.9941273374072724,0.766320474777448,0.14285714285714285
542,mul8_272,0.84170001745224,resnet18,cifar,resnet18cifar,2,NO,NO,0.029406984110803117,0.0008830458054161465,0.01721780294538056,0.01727447216890595,0.001098565315775684,0.0015420973608182601,0.0003213328112406783,0.0015420973608182601,0.0003213328112406783,0.025294503358577157,0.010171649856983335,0.46286925587826244,0.02967359050445104,0.14285714285714285
543,ReFAM_new_sta1_j2_k3,0.9218000173568726,resnet34,cifar,resnet34cifar,0,NO,NO,0.020365192302773998,0.0008581649045932795,0.014471133397284843,0.014395393474088292,0.0010160413748830923,0.0010244513223010585,0.00010535502007891092,0.0010244513223010585,0.00010535502007891092,0.023598533954073433,0.0058654747615891276,0.2982850359099878,0.03115727002967359,0.05714285714285715
544,ReFAM_new_sta1_j3_k5,0.9890999794006348,vgg16,mnist,vgg16mnist,0,NO,NO,0.1893529582194093,0.060228228976129214,0.12781873602302987,0.12787907869481768,0.071641726720251,0.004902731328155066,0.0008305487416220811,0.004902731328155066,0.0008305487416220811,0.20028136232766885,0.016727575643574997,0.39572460389053715,0.2789317507418398,0.060421
545,ReFAM_new1_sta4_j1_k3,0.1032000035047531,resnet18,mnist,resnet18mnist,2,NO,YES,1.0,1.0,1.0,1.0,1.0,1.0,1.0,1.0,1.0,1.0,1.0,1.0,1.0,1.0
546,ReFAM_sta3_j2_k7_const0,0.1134999990463256,resnet34,mnist,resnet34mnist,2,YES,NO,1.0,0.7987605545308639,1.0,1.0,1.0,0.1171939790448211,0.09424708912859107,0.1171939790448211,0.09424708912859107,1.0,0.19819601941921497,1.0,1.0,0.14285714285714285
547,mul8_284,0.0111999996006488,resnet34,cifar100,resnet34cifar100,2,NO,NO,1.0,1.0,1.0,1.0,1.0,0.09031794126840442,0.05873015594298889,0.09031794126840442,0.05873015594298889,1.0,0.1555769035548151,1.0,1.0,1.0
548,mul8_213,0.9226999878883362,resnet18,cifar,resnet18cifar,0,NO,NO,0.0,0.0,0.0,0.0,0.0,0.0,0.0,0.0,0.0,0.0,0.0,0.0,0.0,0.0
549,ReFAM_sta3_j4_k2_const0,0.1134999990463256,resnet34,mnist,resnet34mnist,2,YES,NO,0.307644394361054,0.009016627709983951,0.16373712688561337,0.16362763915547027,0.011864525091299689,0.0161509177602278,0.00911145331982448,0.0161509177602278,0.00911145331982448,0.14005622130441583,0.05539955094558201,0.9386027787223904,0.10089020771513353,0.14285714285714285
550,mul8_491,0.1018000021576881,resnet18,cifar,resnet18cifar,2,NO,NO,0.47143253671102364,1.0,0.5470924396758847,0.5470249520153551,1.0,0.018531366820424704,0.00845122852732997,0.018531366820424704,0.00845122852732997,0.8543363279758339,0.05399998805706335,0.7108650366837783,1.0,0.14285714285714285
551,ReFAM_sta4_j6_k1_const1,0.1908999979496002,vgg16,cifar,vgg16cifar,2,NO,YES,0.22185060551106994,0.022240338318090337,0.15387830692172608,0.15379078694817658,0.01727820325384947,1.0,1.0,1.0,1.0,0.14246825416764353,1.0,0.7675859161984895,0.0712166172106825,1.0
552,mul8_431,0.1137999966740608,resnet18,mnist,resnet18mnist,2,NO,NO,0.7723878302713363,0.39848730379843583,0.5359656836796042,0.5359884836852207,0.3787535746098022,0.03435615854242439,0.02466009836647041,0.03435615854242439,0.02466009836647041,0.5658461981641338,0.09290186488955769,0.987291509278359,0.7255192878338279,0.3392857142857143
553,mul8_174,0.7088000178337097,vgg16,cifar,vgg16cifar,0,NO,NO,0.005199623566665702,6.926222199577102e-05,0.0055347761200770715,0.005518234165067179,6.285424854671712e-05,0.0008654535862120053,0.00037401032128013377,0.0008654535862120053,0.00037401032128013377,0.006630616233039964,0.01090688689441847,0.3818045201582605,0.002967359050445104,0.2857142857142857
554,ReFAM_sta4_j1_k9_const1,0.1000000014901161,vgg16,cifar,vgg16cifar,2,NO,YES,1.0,1.0,1.0,1.0,1.0,1.0,1.0,1.0,1.0,1.0,1.0,1.0,1.0,1.0
555,ReFAM_new1_sta1_j2_k6,0.1000000014901161,resnet34,cifar,resnet34cifar,2,NO,YES,1.0,0.5136040557409625,0.8195648557538455,0.8195777351247602,0.5671245032968297,1.0,1.0,1.0,1.0,0.7806593617270481,1.0,0.9207058191081454,0.3768545994065282,1.0
556,ReFAM_new1_sta4_j2_k6,0.1032000035047531,resnet18,mnist,resnet18mnist,2,NO,YES,1.0,1.0,1.0,1.0,1.0,1.0,1.0,1.0,1.0,1.0,1.0,1.0,1.0,1.0
557,mul8_297,0.0121999997645616,resnet34,cifar100,resnet34cifar100,2,NO,NO,0.5544640290076323,0.19935201804957584,0.40804188653626305,0.4081094049904031,0.16455331509154572,0.03136501363224908,0.021945450682437143,0.03136501363224908,0.021945450682437143,0.4019285316050743,0.08737974955661848,0.982506225959042,0.5437685459940653,0.14285714285714285
558,ReFAM_new_sta3_j3_k3,0.8769999742507935,resnet18,cifar,resnet18cifar,1,NO,NO,0.01689877659166353,0.002369992026087178,0.02656404360293676,0.02663147792706334,0.002349428939666606,0.0019450120784075652,0.00034240381525646045,0.0019450120784075652,0.00034240381525646045,0.037508424429245416,0.010555316696822583,0.33606739307946215,0.03857566765578635,0.063492
559,mul8_460,0.4393999874591827,vgg16,cifar,vgg16cifar,2,NO,NO,0.11089822311599977,0.006773516712098439,0.07085846576773441,0.07077735124760078,0.007020533885918374,0.006373460386978808,0.0021773370816308255,0.006373460386978808,0.0021773370816308255,0.0759698370181921,0.02681189277631477,0.8458863871925455,0.0897626112759644,0.14285714285714285
560,ReFAM_new_sta2_j4_k5,0.1000000014901161,vgg16,cifar,vgg16cifar,2,NO,NO,0.5884240669610019,0.3612874732504522,0.4859783863597848,0.4858445297504798,0.30539324319542427,0.015570033985766087,0.0017260664122928236,0.015570033985766087,0.0017260664122928236,0.5105071631669272,0.02670963138126034,0.7302230349284956,0.516320474777448,0.04686314285714286
561,mul8_055,0.8077999949455261,resnet18,cifar,resnet18cifar,2,YES,NO,0.031956019836799625,0.0008845331821771585,0.0170079057856535,0.017034548944337813,0.0011639125481922262,0.001479763021101529,0.0003107973092327872,0.001479763021101529,0.0003107973092327872,0.02577815999494062,0.010015645247009786,0.43052481322122876,0.02967359050445104,0.14285714285714285
562,ReFAM_sta2_j1_k3_const0,0.3894999921321869,resnet18,cifar,resnet18cifar,2,YES,NO,0.05719585923332272,0.000499165668866074,0.030441268660423893,0.03047024952015355,0.0006568268973131939,0.0038846037794484584,0.001740113748303345,0.0038846037794484584,0.001740113748303345,0.02803347200712258,0.023717925750762852,0.8272431270095645,0.017062314540059347,0.14285714285714285
563,mul8_450,0.0227000005543231,resnet34,cifar100,resnet34cifar100,2,NO,NO,0.07409463582498625,0.005389989096374799,0.06418637802154867,0.06429942418426104,0.003935006086298992,0.00661015019865683,0.005093915220815343,0.00661015019865683,0.005093915220815343,0.06275012355883698,0.04057164866268967,0.8982720036490331,0.07270029673590504,1.0
564,mul8_488,0.1090999990701675,resnet34,cifar,resnet34cifar,2,NO,NO,0.5976858999055409,1.0,1.0,1.0,1.0,0.08769176843425172,0.05915333194030585,0.08769176843425172,0.05915333194030585,1.0,0.1549819960230021,1.0,1.0,1.0
565,mul8_472,0.9890999794006348,vgg16,mnist,vgg16mnist,0,NO,NO,0.45255682164232525,0.24197487734695436,0.3968361972528087,0.3968330134357006,0.195954934367929,0.02997468683769764,0.023260632516422214,0.02997468683769764,0.023260632516422214,0.41282004334732636,0.08940930235335566,0.9869494124282971,0.594213649851632,0.30357142857142855
566,ReFAM_sta4_j6_k1_const0,0.100100003182888,resnet34,cifar,resnet34cifar,2,YES,NO,0.4437012110221399,0.022240338318090337,0.23615044778995506,0.23608445297504801,0.02926493812335149,0.022027510221928313,0.013106164497816517,0.022027510221928313,0.013106164497816517,0.20689928843790756,0.06700883180165171,0.8645286292301395,0.142433234421365,0.14285714285714285
567,mul8_304,0.1000000014901161,vgg16,cifar,vgg16cifar,2,NO,NO,1.0,0.47547480494484495,0.7190157476630922,0.7190499040307102,0.46094612985231526,0.042805623460838674,0.02913944263682544,0.042805623460838674,0.02913944263682544,0.6926402910061713,0.10245472134143063,0.9959294547424195,0.836053412462908,0.30357142857142855
568,ReFAM_sta1_j5_k5_const0,0.1134999990463256,resnet34,mnist,resnet34mnist,2,YES,NO,1.0,1.0,1.0,1.0,1.0,0.09411581900998613,0.05391191969138003,0.09411581900998613,0.05391191969138003,1.0,0.1521642094074512,0.9438228101219942,1.0,0.14285714285714285
569,mul8_354,0.101000003516674,vgg16,mnist,vgg16mnist,2,NO,NO,1.0,1.0,1.0,1.0,1.0,0.09031794126840442,0.05873015594298889,0.09031794126840442,0.05873015594298889,1.0,0.1555769035548151,1.0,1.0,1.0
570,mul8_282,0.9911999702453612,resnet18,mnist,resnet18mnist,0,NO,NO,0.0,0.0,0.0,0.0,0.0,0.0,0.0,0.0,0.0,0.0,0.0,0.0,0.0,0.0
571,mul8_105,0.100100003182888,resnet18,cifar,resnet18cifar,2,NO,NO,0.32838872934864644,1.0,1.0,1.0,1.0,0.07523483784941108,0.03907090919626411,0.07523483784941108,0.03907090919626411,1.0,0.12752070606641466,1.0,1.0,0.42857142857142855
572,ReFAM_sta2_j5_k2_const1,0.1013000011444091,resnet34,mnist,resnet34mnist,2,NO,YES,0.006932831422220936,0.05048021807250401,0.18743288714969333,0.18738003838771594,0.023192002363988717,1.0,1.0,1.0,1.0,0.17042960794702047,1.0,0.9067857353758687,0.13056379821958458,1.0
573,mul8_455,0.9312999844551086,resnet34,cifar,resnet34cifar,0,NO,NO,0.0016519620041182267,2.436361551983288e-06,0.0009152564081711715,0.0009596928982725527,3.1262865170489803e-06,0.0001599011323168319,4.0386091030249185e-05,0.0001599011323168319,4.0386091030249185e-05,0.0013481712522002225,0.0035910917635537404,0.25254790883118944,0.000741839762611276,0.14285714285714285
574,ReFAM_new_sta3_j3_k5,0.1159000024199485,resnet34,mnist,resnet34mnist,2,NO,NO,0.20798494266662806,0.059711996535296664,0.1783514929091843,0.1782629558541267,0.054497327791841375,0.009270652089465134,0.002043887389530872,0.009270652089465134,0.002043887389530872,0.2023469694558841,0.026588709147692326,0.5832710567738232,0.228486646884273,0.06762471428571429
575,mul8_405,0.0115999998524785,resnet34,cifar100,resnet34cifar100,2,NO,NO,0.6543401316840026,0.12678621321937178,0.3780705203684337,0.3781190019193858,0.14017460974843687,0.026076532114832497,0.015239603654414463,0.026076532114832497,0.015239603654414463,0.3717640718093228,0.07279817034210542,0.9767272327419265,0.4992581602373887,0.2380952857142857
576,ReFAM_new1_sta3_j7_k2,0.1000000014901161,resnet18,cifar,resnet18cifar,2,NO,YES,1.0,1.0,0.8163074112364339,0.8162188099808062,1.0,1.0,1.0,1.0,1.0,0.8973977395431824,1.0,0.6154139066442132,0.6646884272997032,1.0
577,mul8_090,0.0109999999403953,resnet34,cifar100,resnet34cifar100,2,NO,NO,0.3029322389701789,1.0,1.0,1.0,1.0,0.07443533218782691,0.03762227767017909,0.07443533218782691,0.03762227767017909,1.0,0.12538068110567707,1.0,1.0,0.42857142857142855
578,mul8_324,0.1134999990463256,resnet34,mnist,resnet34mnist,2,NO,NO,0.9641239492921341,0.25038409539398265,0.5654502589079713,0.5654990403071017,0.260001467200187,0.03418632005160199,0.022756684337044756,0.03418632005160199,0.022756684337044756,0.5345507176390317,0.08954589969127509,0.9929462887582495,0.6461424332344213,0.14285714285714285
579,ReFAM_sta1_j6_k1_const0,0.1134999990463256,resnet18,mnist,resnet18mnist,2,YES,NO,0.49916386239990734,0.052989580414235855,0.26566925376369943,0.265595009596929,0.06972631305449152,0.015888029457944194,0.006914801151179185,0.015888029457944194,0.006914801151179185,0.26166439855535184,0.048648059571368,0.7477005186432601,0.21364985163204747,0.14285714285714285
580,ReFAM_new_sta1_j6_k1,0.6682999730110168,resnet34,cifar,resnet34cifar,2,NO,NO,0.058929067088877955,0.0106966346521285,0.04796805970733462,0.047984644913627646,0.012453521778722885,0.0019874717011131647,0.0002335369611749192,0.0019874717011131647,0.0002335369611749192,0.08174771922721083,0.00875044039578892,0.23067407333497592,0.09495548961424333,0.04664728571428572
581,mul8_003,0.1103999987244606,resnet34,mnist,resnet34mnist,2,NO,NO,1.0,1.0,1.0,1.0,1.0,0.09031794126840442,0.05873015594298889,0.09031794126840442,0.05873015594298889,1.0,0.1555769035548151,1.0,1.0,1.0
582,ReFAM_new_sta1_j3_k6,0.0098999999463558,resnet34,cifar100,resnet34cifar100,2,NO,NO,0.38347223804159547,0.25464012106081063,0.2728759935033831,0.2727927063339731,0.29468058420817383,0.007293117746857536,0.001330985086996908,0.007293117746857536,0.001330985086996908,0.41097560383714776,0.021415178278186824,0.4404670029261498,0.5637982195845698,0.06082428571428571
583,ReFAM_sta2_j7_k2_const0,0.1134999990463256,resnet18,mnist,resnet18mnist,2,YES,NO,1.0,0.9118283952818893,1.0,1.0,1.0,0.09571121674824334,0.054301733265672,0.09571121674824334,0.054301733265672,1.0,0.15324429874061735,0.9912378407987147,0.9970326409495549,0.14285714285714285
584,mul8_351,0.9914000034332277,resnet18,mnist,resnet18mnist,0,NO,NO,0.0,0.0,0.0,0.0,0.0,0.0,0.0,0.0,0.0,0.0,0.0,0.0,0.0,0.0
585,mul8_146,0.1071000024676323,resnet34,cifar,resnet34cifar,2,NO,NO,0.8005253782845736,0.4558731851450844,0.6410815023383765,0.6410748560460653,0.31738179777084674,0.04745992082635459,0.040245617670143966,0.04745992082635459,0.040245617670143966,0.5999504917380628,0.1196144820049802,1.0,0.701780415430267,0.42857142857142855
586,mul8_201,0.1002999991178512,resnet34,cifar,resnet34cifar,2,NO,NO,1.0,1.0,1.0,1.0,1.0,0.060498638581884735,0.04153797258311194,0.060498638581884735,0.04153797258311194,1.0,0.12521646572675757,1.0,1.0,1.0
587,ReFAM_new2_sta4_j2_k3,0.1020999997854232,resnet34,mnist,resnet34mnist,2,NO,NO,1.0,1.0,1.0,1.0,1.0,1.0,1.0,1.0,1.0,1.0,1.0,1.0,1.0,0.2857142857142857
588,mul8_173,0.1000000014901161,vgg16,cifar,vgg16cifar,2,NO,NO,0.9940217848004619,0.39382555384301837,0.5879504890808609,0.5878119001919386,0.4372159776419858,0.03490361665645828,0.021383557242016283,0.03490361665645828,0.021383557242016283,0.6141538196475145,0.08727524886094241,0.9887515297634442,0.7640949554896143,0.19642857142857142
589,ReFAM_new1_sta3_j1_k2,0.4776000082492828,resnet18,cifar,resnet18cifar,2,YES,YES,0.05719585923332272,0.0002921751203729651,0.030441268660423893,0.03047024952015355,0.00038445848694408636,1.0,1.0,1.0,1.0,0.025822537527620672,1.0,0.9545113003956514,0.010385756676557863,1.0
590,mul8_097,0.1028999984264373,resnet18,cifar,resnet18cifar,2,NO,NO,0.2619310371707847,1.0,1.0,1.0,1.0,0.08522097975127695,0.050851356358087664,0.08522097975127695,0.050851356358087664,1.0,0.14523655971766897,1.0,1.0,0.42857142857142855
591,ReFAM_sta3_j1_k3_const0,0.4126999974250793,resnet18,cifar,resnet18cifar,2,YES,NO,0.055462651377767486,0.000436272386823937,0.029518805973744382,0.029510556621881002,0.0005740688033933496,0.003909898873826262,0.001843712851380941,0.003909898873826262,0.001843712851380941,0.026831472670695817,0.02440315174098159,0.8272431270095645,0.018545994065281898,0.14285714285714285
592,ReFAM_sta3_j3_k4_const0,0.1134999990463256,resnet18,mnist,resnet18mnist,2,YES,NO,0.7435461700331953,0.041059759763584947,0.39573649258551064,0.3956333973128599,0.05402846447994892,0.034443787976518925,0.02441778182028892,0.034443787976518925,0.02441778182028892,0.3284888392521978,0.09250849441369138,0.9814809535542437,0.22551928783382788,0.14285714285714285
593,ReFAM_new2_sta1_j3_k5,0.9872999787330629,vgg16,mnist,vgg16mnist,0,NO,NO,0.3275762846999392,0.28763963900848344,0.33975453828764773,0.3397312859884837,0.2738034800676354,0.01965248153909808,0.028782991485558462,0.01965248153909808,0.028782991485558462,0.42640924294189536,0.0969370846097347,0.5722099252884915,0.37388724035608306,0.2857142857142857
594,ReFAM_new_sta1_j4_k3,0.682200014591217,vgg16,cifar,vgg16cifar,1,NO,NO,0.08752699670553932,0.014439780080503402,0.06076722948501285,0.06070057581573897,0.017126194997139858,0.0028664762307418507,0.0004003490762998615,0.0028664762307418507,0.0004003490762998615,0.09733689354439783,0.011509258761636899,0.3281136413155253,0.13056379821958458,0.05793285714285714
595,ReFAM_sta1_j1_k1_const1,0.9103999733924866,resnet34,cifar,resnet34cifar,0,NO,YES,0.012132454988886637,2.7864112297149264e-05,0.007379701493436096,0.007437619961612285,2.0951416182239038e-05,1.0,1.0,1.0,1.0,0.006202373313371222,1.0,0.8908772137026079,0.002225519287833828,1.0
596,ReFAM_sta1_j1_k8_const1,0.0979999974370002,vgg16,mnist,vgg16mnist,2,NO,YES,0.8926020456109455,1.0,1.0,1.0,0.502021954692714,1.0,1.0,1.0,1.0,0.8729180812050324,1.0,1.0,0.755192878338279,1.0
597,ReFAM_sta2_j3_k1_const1,0.6715999841690063,resnet34,cifar,resnet34cifar,2,NO,YES,0.032930949255549444,0.0004386607393065498,0.02260033582364804,0.02255278310940499,0.00032658019974065103,1.0,1.0,1.0,1.0,0.020436928453333975,1.0,0.7954260836630428,0.008902077151335312,1.0
598,mul8_253,0.1312000006437301,vgg16,mnist,vgg16mnist,2,NO,NO,0.025727307572313715,1.0,1.0,1.0,1.0,0.08033360615899413,0.045116531431792284,0.08033360615899413,0.045116531431792284,1.0,0.13682723944990835,1.0,1.0,0.42857142857142855
599,ReFAM_sta4_j7_k3_const0,0.1000000014901161,vgg16,cifar,vgg16cifar,2,YES,NO,1.0,1.0,1.0,1.0,1.0,0.14936843569715988,0.11064559800387355,0.14936843569715988,0.11064559800387355,1.0,0.224365232917122,1.0,1.0,0.14285714285714285
600,mul8_074,0.1006999984383583,resnet34,cifar,resnet34cifar,2,NO,NO,1.0,0.7749833653733473,1.0,1.0,0.8819180904636108,0.05361475932621095,0.03803140633148552,0.05361475932621095,0.03803140633148552,0.97302942593417,0.1184485528146516,0.9988810582195896,1.0,0.14285714285714285
601,mul8_103,0.18019999563694,vgg16,cifar,vgg16cifar,2,NO,NO,0.09267246099313463,1.0,0.40756241626068224,0.4076295585412668,1.0,1.0,1.0,1.0,1.0,0.8408971170788536,1.0,0.751957384506678,1.0,1.0
602,ReFAM_new_sta3_j5_k1,0.9812999963760376,resnet34,mnist,resnet34mnist,0,NO,NO,0.011699153024997829,0.002294758922884875,0.02490649254034682,0.02495201535508637,0.0023036082092371822,0.001758009059257372,0.0003037736412275265,0.001758009059257372,0.0003037736412275265,0.03661877048523984,0.009932791124009481,0.280884931244642,0.03560830860534125,0.063492
603,mul8_438,0.0104000000283122,resnet34,cifar100,resnet34cifar100,2,NO,NO,0.6370622124075207,0.15419506836420147,0.38351048208372307,0.3833973128598849,0.1633592212405697,0.027374712494150508,0.019150030816343377,0.027374712494150508,0.019150030816343377,0.3880385641895903,0.08116569033159564,0.9804251367878328,0.4317507418397626,0.7142857142857143
604,ReFAM_new2_sta4_j7_k2,0.101000003516674,vgg16,mnist,vgg16mnist,2,NO,NO,1.0,1.0,1.0,1.0,1.0,1.0,1.0,1.0,1.0,1.0,1.0,1.0,1.0,0.2857142857142857
605,mul8_188,0.1010999977588653,vgg16,mnist,vgg16mnist,2,NO,NO,1.0,0.6018670024966244,0.8512826209003951,0.8512476007677543,0.6005663528091374,0.0480832642235219,0.034872511646119514,0.0480832642235219,0.034872511646119514,0.8078185362463622,0.11244424141452142,0.996085230986644,0.9673590504451038,0.6190475714285714
606,mul8_212,0.1134999990463256,resnet34,mnist,resnet34mnist,2,NO,NO,0.8767865239290039,0.35858981667643236,0.5890226047341258,0.5890115163147793,0.3128137805972316,0.039414274021757394,0.028672368714475604,0.039414274021757394,0.028672368714475604,0.5687519547641299,0.10078942811247858,0.9957736784981948,0.7574183976261127,0.15178571428571427
607,mul8_484,0.7005000114440918,resnet34,cifar100,resnet34cifar100,0,NO,NO,0.0,0.0,0.0,0.0,0.0,0.0,0.0,0.0,0.0,0.0,0.0,0.0,0.0,0.0
608,mul8_381,0.1134999990463256,resnet34,mnist,resnet34mnist,2,NO,NO,1.0,0.25694102538659463,0.5824002856948117,0.5822936660268714,0.3034038662871408,0.03778635401930016,0.026537173640876342,0.03778635401930016,0.026537173640876342,0.5614178190205446,0.0969303667078698,0.9925115406779627,0.5593471810089021,1.0
609,ReFAM_new2_sta2_j2_k6,0.0962999984622001,resnet34,mnist,resnet34mnist,2,NO,NO,0.459300081722137,0.3006259075739434,0.4337592532970071,0.43378119001919385,0.23752026254807468,0.043921317802145386,0.07496185270314643,0.043921317802145386,0.07496185270314643,0.45287638077935916,0.15843872974925804,0.9011309558959781,0.3768545994065282,0.2857142857142857
610,mul8_326,0.1108999997377395,resnet34,cifar,resnet34cifar,2,NO,NO,0.3014156820965681,1.0,1.0,1.0,1.0,0.07507312992463867,0.03900067251621151,0.07507312992463867,0.03900067251621151,1.0,0.12736843362414385,1.0,1.0,0.42857142857142855
611,ReFAM_new2_sta2_j2_k3,0.0988999977707862,resnet34,cifar,resnet34cifar,2,YES,NO,0.13172379702219777,0.0038341018520877384,0.0701071641876429,0.07005758157389635,0.005045101016683161,0.009605812089971036,0.010345862971749052,0.009605812089971036,0.010345862971749052,0.06964777105125776,0.05784113505669909,0.8073577294543351,0.04451038575667656,0.2857142857142857
612,ReFAM_sta1_j3_k6_const1,0.1027999967336654,resnet18,mnist,resnet18mnist,2,NO,YES,0.8804695906220588,1.0,1.0,1.0,0.4995084062368939,1.0,1.0,1.0,1.0,0.8698077072026156,1.0,1.0,0.7537091988130564,1.0
613,ReFAM_sta4_j7_k2_const0,0.0992999970912933,resnet18,cifar,resnet18cifar,2,YES,NO,1.0,0.4185378620487606,1.0,1.0,0.5507328377812426,0.08241503106779627,0.05973629638474249,0.08241503106779627,0.05973629638474249,1.0,0.15359586893821323,0.985225692287956,0.8071216617210683,0.14285714285714285
614,ReFAM_new_sta2_j2_k7,0.1134999990463256,resnet18,mnist,resnet18mnist,2,NO,NO,0.5884240669610019,0.3612874732504522,0.4859783863597848,0.4858445297504798,0.30539324319542427,0.015570033985766087,0.0017260664122928236,0.015570033985766087,0.0017260664122928236,0.5105071631669272,0.02670963138126034,0.7302230349284956,0.516320474777448,0.04686314285714286
615,mul8_478,0.1674000024795532,vgg16,mnist,vgg16mnist,2,NO,NO,1.0,0.2686244836318243,0.5906072996937218,0.5906909788867564,0.27277248593520115,0.03619276307349851,0.024586349852415177,0.03619276307349851,0.024586349852415177,0.5540576669010541,0.09324895648591032,0.9945315411259467,0.766320474777448,0.14285714285714285
616,mul8_147,0.1000000014901161,vgg16,cifar,vgg16cifar,2,NO,NO,0.389267655275024,1.0,1.0,1.0,1.0,0.07343075558253698,0.03736240195398444,0.07343075558253698,0.03736240195398444,1.0,0.12464619050178248,1.0,1.0,0.44642857142857145
617,ReFAM_sta2_j7_k1_const1,0.1000000014901161,vgg16,cifar,vgg16cifar,2,NO,YES,0.2773132568888374,0.207474587929585,0.3880108675845697,0.3879558541266795,0.1144812715258817,1.0,1.0,1.0,1.0,0.3620421329996928,1.0,0.8140693438460238,0.28486646884273,1.0
618,ReFAM_sta2_j4_k3_const0,0.1009000018239021,resnet34,cifar,resnet34cifar,2,YES,NO,0.8215405235331809,0.05313925050314626,0.43724731348608864,0.4371401151631478,0.06992325636660457,0.0333118325031122,0.019973555889960193,0.0333118325031122,0.019973555889960193,0.3653262571967011,0.08423427861676908,0.9781251463583994,0.22551928783382788,0.14285714285714285
619,ReFAM_sta1_j5_k3_const1,0.1032000035047531,resnet18,cifar,resnet18cifar,2,NO,YES,0.41596988533325613,0.2839018673731944,0.49720738812025694,0.4971209213051824,0.12957089066663,1.0,1.0,1.0,1.0,0.4355394235677923,1.0,0.9644545082459596,0.3560830860534125,1.0
620,ReFAM_sta4_j5_k4_const1,0.1000000014901161,vgg16,cifar,vgg16cifar,2,NO,YES,0.8299899118290126,0.43316970547474076,0.6616327570367003,0.6617082533589251,0.2713020262442153,1.0,1.0,1.0,1.0,0.595150842587475,1.0,0.9884257232395757,0.47477744807121663,1.0
621,ReFAM_sta3_j2_k8_const0,0.1000000014901161,resnet18,cifar,resnet18cifar,2,YES,NO,1.0,1.0,1.0,1.0,1.0,0.19106288179783074,0.1469562056740702,0.19106288179783074,0.1469562056740702,1.0,0.26749192358909135,1.0,1.0,0.14285714285714285
622,mul8_448,0.1083000004291534,resnet18,mnist,resnet18mnist,2,NO,NO,0.3325050980055901,1.0,1.0,1.0,1.0,0.07524296841546108,0.039046326358245696,0.07524296841546108,0.039046326358245696,1.0,0.12749458089249566,1.0,1.0,0.42857142857142855
623,mul8_494,0.1134999990463256,resnet18,mnist,resnet18mnist,2,NO,NO,0.8942269279755285,0.13433029489465773,0.4797832929993288,0.47984644913627644,0.17222845207470258,0.0312873215566601,0.0174871774160979,0.0312873215566601,0.0174871774160979,0.4462975915708826,0.07884950705528983,0.9894357234635678,0.4992581602373887,0.14285714285714285
624,ReFAM_sta4_j1_k1_const1,0.902999997138977,resnet34,cifar,resnet34cifar,0,YES,YES,0.013865662844441871,1.592234988408529e-05,0.007379701493436096,0.007437619961612285,2.0951416182239038e-05,1.0,1.0,1.0,1.0,0.006202373313371222,1.0,0.8908772137026079,0.002225519287833828,1.0
625,ReFAM_sta1_j2_k5_const0,0.100100003182888,vgg16,cifar,vgg16cifar,2,YES,NO,0.6516861536887679,0.07444653911802919,0.3468459701914965,0.34692898272552786,0.09796044150167685,0.02379726343214681,0.013977099330468848,0.02379726343214681,0.013977099330468848,0.327980969060276,0.06943772654257956,0.8779518580135169,0.2789317507418398,0.14285714285714285
626,ReFAM_sta4_j7_k1_const0,0.100100003182888,resnet34,cifar,resnet34cifar,2,YES,NO,0.970596399110931,0.09426031131378493,0.5165791045405267,0.5165547024952015,0.12403238379885512,0.04052003100455853,0.026535417723875028,0.04052003100455853,0.026535417723875028,0.44479521150559725,0.097675307381332,0.897650934962909,0.3323442136498516,0.14285714285714285
627,ReFAM_new2_sta3_j5_k1,0.9750999808311462,vgg16,mnist,vgg16mnist,0,NO,NO,0.21578437801662662,0.017543046072911624,0.11657622202912332,0.11660268714011517,0.02259124097030634,0.016342437760516883,0.020358101713248217,0.016342437760516883,0.020358101713248217,0.1311119341945453,0.08150009255775903,0.5125527144774166,0.0712166172106825,0.2857142857142857
628,ReFAM_new_sta3_j6_k3,0.0099999997764825,resnet34,cifar100,resnet34cifar100,2,NO,NO,0.560042788326285,0.2740254203245612,0.42518323208432085,0.42514395393474086,0.24739749134080688,0.017792388706101718,0.004231759973169588,0.017792388706101718,0.004231759973169588,0.45326655333062404,0.03948558786119919,0.6504778156301607,0.49851632047477745,0.06762471428571429
629,ReFAM_new2_sta1_j1_k8,0.23989999294281,vgg16,cifar,vgg16cifar,2,NO,NO,0.6690182322443203,1.0,0.6834079241581584,0.6833013435700576,0.8982825012205099,0.034081526089179665,0.04252655385485239,0.034081526089179665,0.04252655385485239,0.8025373391636904,0.11952789571427717,0.6711410762611257,0.7581602373887241,0.2857142857142857
630,mul8_334,0.1000000014901161,resnet18,cifar,resnet18cifar,2,NO,NO,1.0,0.74585919388327,0.8851968619501972,0.8850767754318618,0.8606227605057118,0.048418424224027805,0.03330798959794769,0.048418424224027805,0.03330798959794769,0.8932834653013617,0.11031466652335142,0.9995021269057137,1.0,0.14285714285714285
631,mul8_133,0.7261999845504761,vgg16,mnist,vgg16mnist,2,NO,NO,0.49451940610787026,0.5217689426413268,0.541556202374912,0.5415067178502879,0.4107951513568729,1.0,1.0,1.0,1.0,0.5808886766854446,1.0,0.9942831136514969,0.7307121661721068,1.0
632,ReFAM_new2_sta4_j3_k6,0.101000003516674,vgg16,mnist,vgg16mnist,2,NO,NO,1.0,1.0,1.0,1.0,1.0,1.0,1.0,1.0,1.0,1.0,1.0,1.0,1.0,0.2857142857142857
633,mul8_212,0.0993999987840652,resnet34,cifar,resnet34cifar,2,NO,NO,0.8767865239290039,0.35858981667643236,0.5890226047341258,0.5890115163147793,0.3128137805972316,0.039414274021757394,0.028672368714475604,0.039414274021757394,0.028672368714475604,0.5687519547641299,0.10078942811247858,0.9957736784981948,0.7574183976261127,0.15178571428571427
634,ReFAM_new1_sta3_j3_k6,0.1000000014901161,resnet18,cifar,resnet18cifar,2,NO,YES,1.0,1.0,0.972558535718449,0.9724088291746642,1.0,1.0,1.0,1.0,1.0,0.9922209005840702,1.0,0.974148270476431,0.7537091988130564,1.0
635,mul8_403,0.1024999991059303,resnet34,cifar,resnet34cifar,2,NO,NO,0.6295877535304387,0.24123191022342239,0.3785405372464014,0.3785988483685221,0.2792475820833238,0.022811658147640235,0.012719862757527177,0.022811658147640235,0.012719862757527177,0.44631695970839175,0.06626538399527059,0.9650755769320837,0.701780415430267,0.2857142857142857
636,ReFAM_sta4_j2_k5_const0,0.1120000034570694,resnet18,cifar,resnet18cifar,2,YES,NO,0.5511600980665644,0.023517310778793977,0.29334313436408477,0.293426103646833,0.03094524170116706,0.029291719289496934,0.02232121692071859,0.029291719289496934,0.02232121692071859,0.24462238924916616,0.08757009010945702,0.9821030403857549,0.1661721068249258,0.14285714285714285
637,mul8_472,0.1070000007748603,resnet34,cifar,resnet34cifar,2,NO,NO,0.45255682164232525,0.24197487734695436,0.3968361972528087,0.3968330134357006,0.195954934367929,0.02997468683769764,0.023260632516422214,0.02997468683769764,0.023260632516422214,0.41282004334732636,0.08940930235335566,0.9869494124282971,0.594213649851632,0.30357142857142855
638,mul8_490,0.1052000001072883,resnet34,cifar,resnet34cifar,2,NO,NO,0.35893651780280744,1.0,1.0,1.0,1.0,0.08508908390202125,0.04974512864725911,0.08508908390202125,0.04974512864725911,1.0,0.14396911556582648,1.0,1.0,0.42857142857142855
639,ReFAM_sta3_j1_k3_const0,0.7347000241279602,resnet34,mnist,resnet34mnist,2,YES,NO,0.055462651377767486,0.000436272386823937,0.029518805973744382,0.029510556621881002,0.0005740688033933496,0.003909898873826262,0.001843712851380941,0.003909898873826262,0.001843712851380941,0.026831472670695817,0.02440315174098159,0.8272431270095645,0.018545994065281898,0.14285714285714285
640,mul8_175,0.1000000014901161,vgg16,cifar,vgg16cifar,2,NO,NO,1.0,0.7083547739026317,0.966057044531687,0.9659309021113245,0.7868625690004595,0.05090637743533037,0.03518682078935493,0.05090637743533037,0.03518682078935493,0.9199310475897496,0.11372959997133696,1.0,1.0,0.15178571428571427
641,mul8_268,0.9649999737739564,vgg16,mnist,vgg16mnist,0,NO,NO,0.25410452218125096,1.0,1.0,1.0,1.0,0.04410109365147334,0.025978792034458117,0.04410109365147334,0.025978792034458117,1.0,0.09783131199130553,0.839221607488663,1.0,0.19047614285714287
642,ReFAM_sta1_j7_k2_const1,0.1000000014901161,vgg16,cifar,vgg16cifar,2,NO,YES,0.7764771192887447,0.9684864851094184,0.9178503732461144,0.9177063339731286,0.4475128215153439,1.0,1.0,1.0,1.0,0.8056311575366164,1.0,0.9187173811671612,0.6646884272997032,1.0
643,ReFAM_new_sta2_j4_k4,0.097300000488758,resnet34,cifar,resnet34cifar,2,NO,NO,0.28511269223883595,0.08703454990701348,0.23268400643639853,0.23272552783109407,0.07621903001406873,0.008627433975286692,0.0008112336546076141,0.008627433975286692,0.0008112336546076141,0.24991938401884056,0.017562088341902392,0.653352040057912,0.2314540059347181,0.046083
644,ReFAM_new2_sta1_j6_k2,0.1014999970793724,resnet34,cifar,resnet34cifar,2,NO,NO,0.2911789197332793,0.25633709525386594,0.30625761197759793,0.30614203454894434,0.2514002330539227,0.015768781155877404,0.02073035611752704,0.015768781155877404,0.02073035611752704,0.40048039585950196,0.08214202540262626,0.4295300851780431,0.3323442136498516,0.2857142857142857
645,ReFAM_new1_sta3_j5_k2,0.0966000035405159,resnet18,mnist,resnet18mnist,2,NO,YES,0.4748989524221341,0.061215066364354316,0.2598173829400017,0.2598368522072937,0.07609319369657545,1.0,1.0,1.0,1.0,0.2638118526445354,1.0,0.7252045963155355,0.1661721068249258,1.0
646,mul8_047,0.1041999980807304,vgg16,mnist,vgg16mnist,2,NO,NO,1.0,0.4398159057906402,0.691510548589593,0.6914587332053743,0.3584231950598025,0.04750509063774353,0.03624212690714535,0.04750509063774353,0.03624212690714535,0.6434672751522802,0.11419537450063597,0.9963336584610937,0.7603857566765578,0.14732142857142858
647,ReFAM_new1_sta2_j2_k6,0.1009000018239021,resnet34,mnist,resnet34mnist,2,NO,YES,0.7054155972109802,0.33942548977148246,0.517825871899186,0.5177543186180423,0.2900560393259258,1.0,1.0,1.0,1.0,0.5206898173179675,1.0,0.9778767188839498,0.3768545994065282,1.0
648,ReFAM_new_sta1_j2_k4,0.9894999861717224,vgg16,mnist,vgg16mnist,0,NO,NO,0.04463010228054727,0.0036374110768603676,0.030700713135977883,0.030710172744721688,0.004320557466155676,0.0018456384933519072,0.00022651329316965844,0.0018456384933519072,0.00022651329316965844,0.04894993172413463,0.008625785994518192,0.34004426896143064,0.06676557863501484,0.05924957142857142
649,ReFAM_new_sta2_j1_k2,0.9225000143051147,resnet18,cifar,resnet18cifar,0,NO,NO,0.0,0.0,0.0,0.0,0.0,0.0,0.0,0.0,0.0,0.0,0.0,0.0,0.0,0.0
650,mul8_354,0.0110999997705221,resnet34,cifar100,resnet34cifar100,2,NO,NO,1.0,1.0,1.0,1.0,1.0,0.09031794126840442,0.05873015594298889,0.09031794126840442,0.05873015594298889,1.0,0.1555769035548151,1.0,1.0,1.0
651,ReFAM_new_sta2_j1_k8,0.1058999970555305,resnet34,cifar,resnet34cifar,2,NO,NO,0.5884240669610019,0.3612874732504522,0.4859783863597848,0.4858445297504798,0.30539324319542427,0.015570033985766087,0.0017260664122928236,0.015570033985766087,0.0017260664122928236,0.5105071631669272,0.02670963138126034,0.7302230349284956,0.516320474777448,0.04686314285714286
652,ReFAM_new1_sta4_j2_k7,0.1000000014901161,resnet34,cifar,resnet34cifar,2,NO,YES,1.0,1.0,1.0,1.0,1.0,1.0,1.0,1.0,1.0,1.0,1.0,1.0,1.0,1.0
653,mul8_225,0.100100003182888,vgg16,cifar,vgg16cifar,2,NO,NO,1.0,1.0,0.9916508787792817,0.9916026871401153,0.9382069913015348,0.053092596306554864,0.039049838192248325,0.053092596306554864,0.039049838192248325,0.9692281115595733,0.11964583221368301,1.0,1.0,0.14285714285714285
654,ReFAM_sta2_j3_k1_const1,0.7813000082969666,resnet18,cifar,resnet18cifar,2,NO,YES,0.032930949255549444,0.0004386607393065498,0.02260033582364804,0.02255278310940499,0.00032658019974065103,1.0,1.0,1.0,1.0,0.020436928453333975,1.0,0.7954260836630428,0.008902077151335312,1.0
655,mul8_256,0.1092000007629394,resnet34,mnist,resnet34mnist,2,NO,NO,1.0,1.0,1.0,1.0,1.0,0.09031794126840442,0.05873015594298889,0.09031794126840442,0.05873015594298889,1.0,0.1555769035548151,1.0,1.0,1.0
656,mul8_345,0.1018000021576881,resnet34,cifar,resnet34cifar,2,NO,NO,1.0,0.4939655831401421,0.7352839490695511,0.7353646833013436,0.46129068232770726,0.046711908749753825,0.035165749785339144,0.046711908749753825,0.035165749785339144,0.7018790847906173,0.11246364868657553,1.0,0.9562314540059347,0.2857142857142857
657,ReFAM_new1_sta3_j5_k4,0.1000000014901161,resnet34,cifar,resnet34cifar,2,NO,YES,1.0,1.0,0.9335106200841411,0.9335412667946258,1.0,1.0,1.0,1.0,1.0,0.9686600850965311,1.0,0.8464606211908635,0.7359050445103857,1.0
658,mul8_216,0.1145000010728836,resnet18,cifar,resnet18cifar,2,NO,NO,0.6094392122096091,0.1060136799862431,0.3546032356625905,0.35460652591170827,0.11421977621330473,0.026478543436194026,0.016517911231371918,0.026478543436194026,0.016517911231371918,0.3429404393444491,0.07562864632784555,0.9798651568249339,0.4280415430267062,0.14285714285714285
659,mul8_076,0.1070000007748603,resnet18,cifar,resnet18cifar,2,NO,NO,0.10399247133331403,0.01895396530201513,0.11200714995662654,0.11204414587332055,0.013267199643082053,0.009887671713037994,0.006718138447031886,0.009887671713037994,0.006718138447031886,0.11203582109827605,0.04689020858338857,0.8650254841790388,0.09792284866468842,1.0
660,ReFAM_sta2_j2_k3_const1,0.1059999987483024,resnet34,mnist,resnet34mnist,2,NO,YES,0.06239548279998842,0.002401090362520062,0.0502742164240334,0.050383877159309025,0.0014055781331259614,1.0,1.0,1.0,1.0,0.04443831696066123,1.0,0.9704198220689122,0.02225519287833828,1.0
661,ReFAM_sta4_j6_k2_const0,0.1000000014901161,resnet18,cifar,resnet18cifar,2,YES,NO,1.0,0.09734287825134384,0.5903761194748877,0.5904510556621881,0.1280885779717366,0.04816456988402199,0.0353676802404904,0.04816456988402199,0.0353676802404904,0.49353936184420444,0.11316529621468623,0.9738998430019814,0.3560830860534125,0.14285714285714285
662,ReFAM_sta3_j5_k4_const0,0.1140000000596046,resnet34,cifar,resnet34cifar,2,YES,NO,1.0,0.7866265297429496,1.0,1.0,1.0,0.11344398130331165,0.0866966460229358,0.11344398130331165,0.0866966460229358,1.0,0.19051297898640296,1.0,1.0,0.14285714285714285
663,ReFAM_sta1_j1_k1_const1,0.9121999740600586,resnet18,mnist,resnet18mnist,1,NO,YES,0.012132454988886637,2.7864112297149264e-05,0.007379701493436096,0.007437619961612285,2.0951416182239038e-05,1.0,1.0,1.0,1.0,0.006202373313371222,1.0,0.8908772137026079,0.002225519287833828,1.0
664,ReFAM_sta4_j1_k2_const1,0.8095999956130981,resnet18,cifar,resnet18cifar,2,YES,YES,0.029464533544438978,7.244669197258808e-05,0.015681865673551704,0.015595009596928982,9.532894362918763e-05,1.0,1.0,1.0,1.0,0.013191980885101902,1.0,0.9545113003956514,0.0051928783382789315,1.0
665,ReFAM_sta1_j4_k6_const0,0.1027999967336654,resnet34,cifar,resnet34cifar,2,YES,NO,1.0,1.0,1.0,1.0,1.0,0.09637521297566069,0.056623055541410665,0.09637521297566069,0.056623055541410665,1.0,0.1559098129138974,0.9490428415215979,1.0,0.14285714285714285
666,mul8_038,0.1134999990463256,resnet18,mnist,resnet18mnist,2,NO,NO,0.7394839675881535,0.11993654890072097,0.4034258574231635,0.4033109404990403,0.14815256163939206,0.025379110226987335,0.012918281378675792,0.025379110226987335,0.012918281378675792,0.39033400654958134,0.06736861276819357,0.975205105388229,0.4873887240356083,0.14285714285714285
667,mul8_042,0.989199995994568,vgg16,mnist,vgg16mnist,0,NO,NO,0.045740436829804484,0.004565711869156498,0.05496445212550015,0.05494241842610365,0.0030181857074430304,0.005608283782050239,0.004526754029390539,0.005608283782050239,0.004526754029390539,0.054271554210798344,0.03818306133295116,0.9237510919609276,0.06231454005934718,1.0
668,mul8_318,0.6987000107765198,resnet34,cifar100,resnet34cifar100,0,YES,NO,0.001733207855555234,0.0008144281965709627,0.000922462686679512,0.0009596928982725527,0.001071664937721527,5.691396235005881e-05,3.1606506023673276e-05,5.691396235005881e-05,3.1606506023673276e-05,0.021655499660876227,0.0031544281423359186,0.0009947280431856548,0.18991097922848665,0.07128928571428571
669,ReFAM_new_sta2_j1_k6,0.5468000173568726,resnet18,mnist,resnet18mnist,2,NO,NO,0.05762916119721153,0.01669811662802843,0.08601964553286448,0.08613243761996162,0.014021146025573633,0.003941517741798517,0.0003230887282419935,0.003941517741798517,0.0003230887282419935,0.10055826281032638,0.010635931519201256,0.5241117190570345,0.08902077151335312,0.04444442857142857
670,ReFAM_sta3_j2_k6_const1,0.1009000018239021,resnet34,mnist,resnet34mnist,2,NO,YES,0.05719585923332272,0.1860805225078338,0.3634782233421789,0.3634836852207294,0.08334907430411266,1.0,1.0,1.0,1.0,0.3279362829367258,1.0,1.0,0.3219584569732938,1.0
671,mul8_322,0.9914000034332277,resnet18,mnist,resnet18mnist,0,NO,NO,0.0,0.0,0.0,0.0,0.0,0.0,0.0,0.0,0.0,0.0,0.0,0.0,0.0,0.0
672,ReFAM_sta3_j3_k3_const1,0.4063999950885772,vgg16,cifar,vgg16cifar,2,NO,YES,0.09445982812776024,0.009379657287341095,0.09178503732461143,0.09189059500959693,0.005082551673108913,1.0,1.0,1.0,1.0,0.08219467520552402,1.0,0.9624660703049752,0.06231454005934718,1.0
673,ReFAM_sta4_j3_k4_const1,0.1134999990463256,resnet18,mnist,resnet18mnist,2,NO,YES,0.3137106218554973,0.023328630932667568,0.18985435170222706,0.18977927063339733,0.020642607862044207,1.0,1.0,1.0,1.0,0.16859244468472784,1.0,0.9903052196241414,0.09198813056379822,1.0
674,ReFAM_sta3_j1_k3_const0,0.7010999917984009,resnet18,mnist,resnet18mnist,2,YES,NO,0.055462651377767486,0.000436272386823937,0.029518805973744382,0.029510556621881002,0.0005740688033933496,0.003909898873826262,0.001843712851380941,0.003909898873826262,0.001843712851380941,0.026831472670695817,0.02440315174098159,0.8272431270095645,0.018545994065281898,0.14285714285714285
675,ReFAM_sta4_j4_k2_const0,0.1049000024795532,resnet34,cifar,resnet34cifar,2,YES,NO,0.22878343693329087,0.005311695921330854,0.12176507464169557,0.12164107485604606,0.006989392438394943,0.01352745511475842,0.007998201940990653,0.01352745511475842,0.007998201940990653,0.1050487066159438,0.05160169709129778,0.9236889850923152,0.0712166172106825,0.14285714285714285
676,ReFAM_new_sta1_j3_k1,0.6841999888420105,resnet34,cifar100,resnet34cifar100,0,NO,NO,0.007366133386109744,0.0001671349196239778,0.005996007463416828,0.005998080614203456,0.00019458627779254508,0.00047608981203938085,3.687425702761882e-05,0.00047608981203938085,3.687425702761882e-05,0.010218464226666987,0.003440312188363997,0.23067407333497592,0.011869436201780416,0.04664728571428572
677,mul8_311,0.101000003516674,vgg16,mnist,vgg16mnist,2,NO,NO,1.0,1.0,1.0,1.0,1.0,0.09031794126840442,0.05873015594298889,0.09031794126840442,0.05873015594298889,1.0,0.1555769035548151,1.0,1.0,1.0
678,ReFAM_sta1_j3_k2_const0,0.9882000088691713,vgg16,mnist,vgg16mnist,0,YES,NO,0.14558945986663965,0.004088859450233103,0.077486865681079,0.07749520153550864,0.005380323675598985,0.007375326803585398,0.0030149094912581675,0.007375326803585398,0.0030149094912581675,0.07472324088715121,0.03152487415130507,0.8192893752456275,0.06231454005934718,0.14285714285714285
679,mul8_246,0.0099999997764825,resnet34,cifar100,resnet34cifar100,2,NO,NO,1.0,0.665054543589025,0.9824367237089058,0.9824856046065259,0.747257425181807,0.051530624228725466,0.037390496626005486,0.051530624228725466,0.037390496626005486,0.9198563388228572,0.11694896783170014,1.0,1.0,0.6428571428571429
680,mul8_161,0.1000000014901161,vgg16,cifar,vgg16cifar,2,NO,NO,0.33088021564100706,1.0,1.0,1.0,1.0,0.07519508841538881,0.038923412168153634,0.07519508841538881,0.038923412168153634,1.0,0.12732066187754906,1.0,1.0,0.42857142857142855
681,ReFAM_sta1_j1_k3_const0,0.9886999726295472,vgg16,mnist,vgg16mnist,0,YES,NO,0.07106152207776459,0.0010086808651568033,0.03782097015385999,0.03790786948176583,0.0013272722151448431,0.004301069440454444,0.0017453814993072909,0.004301069440454444,0.0017453814993072909,0.03674362256159716,0.023795554838979355,0.7954260836630428,0.030415430267062313,0.14285714285714285
682,ReFAM_new2_sta3_j3_k2,0.099200002849102,resnet34,cifar,resnet34cifar,2,NO,NO,0.1438562520110844,0.004858705067128627,0.07702563433773925,0.07701535508637236,0.006306114378151673,0.011048535865733638,0.01270054767051271,0.011048535865733638,0.01270054767051271,0.07713584491418249,0.06413506267056006,0.7238382452060624,0.04154302670623145,0.2857142857142857
683,ReFAM_new_sta2_j4_k1,0.9884999990463256,vgg16,mnist,vgg16mnist,0,NO,NO,0.012132454988886637,0.0004959811988892569,0.01130016791182402,0.011276391554702494,0.0005467664933711526,0.0007272339633618626,4.389792503287955e-05,0.0007272339633618626,4.389792503287955e-05,0.017542960565965833,0.0037650107785003255,0.25055947089020525,0.011869436201780416,0.031746
684,ReFAM_new2_sta3_j5_k1,0.6362000107765198,vgg16,cifar,vgg16cifar,2,NO,NO,0.21578437801662662,0.017543046072911624,0.11657622202912332,0.11660268714011517,0.02259124097030634,0.016342437760516883,0.020358101713248217,0.016342437760516883,0.020358101713248217,0.1311119341945453,0.08150009255775903,0.5125527144774166,0.0712166172106825,0.2857142857142857
685,ReFAM_new1_sta2_j7_k2,0.0979999974370002,vgg16,mnist,vgg16mnist,2,NO,YES,1.0,1.0,0.874350494022309,0.8742802303262956,1.0,1.0,1.0,1.0,1.0,0.9491435289134716,1.0,0.6231049768982811,0.6646884272997032,1.0
686,ReFAM_new1_sta4_j6_k3,0.1032000035047531,resnet18,mnist,resnet18mnist,2,NO,YES,1.0,1.0,1.0,1.0,1.0,1.0,1.0,1.0,1.0,1.0,1.0,1.0,1.0,1.0
687,mul8_442,0.987500011920929,vgg16,mnist,vgg16mnist,0,NO,NO,0.13703174607983568,0.029475550505693834,0.08670293578399248,0.08661228406909789,0.036079118108781005,1.0,1.0,1.0,1.0,0.1407786406522903,1.0,0.8823013751071599,0.2344213649851632,1.0
688,mul8_088,0.1000000014901161,vgg16,cifar,vgg16cifar,2,NO,NO,0.38190152188891424,1.0,1.0,1.0,1.0,0.07328169520495349,0.03648093161932422,0.07328169520495349,0.03648093161932422,1.0,0.12345786830523757,1.0,1.0,0.44642857142857145
689,ReFAM_sta1_j8_k1_const1,0.1000000014901161,vgg16,cifar,vgg16cifar,2,NO,YES,0.6655518165332098,0.795658930527603,0.8080773135312525,0.8080614203454894,0.3975573123412222,1.0,1.0,1.0,1.0,0.7247316355062478,1.0,0.8192893752456275,0.56973293768546,1.0
690,mul8_258,0.1134999990463256,resnet18,mnist,resnet18mnist,2,NO,NO,1.0,0.5559526799735053,0.8750272495477646,0.875,0.6313619492716398,0.04934982573486766,0.03473906195401956,0.04934982573486766,0.03473906195401956,0.8295147211772262,0.11262935693257614,0.9949968335678462,1.0,0.14732142857142858
691,mul8_353,0.0983999967575073,resnet18,cifar,resnet18cifar,2,NO,NO,1.0,1.0,1.0,1.0,1.0,0.06365510500174355,0.04281979199407203,0.06365510500174355,0.04281979199407203,1.0,0.12788048703295654,1.0,1.0,0.2857142857142857
692,ReFAM_new2_sta2_j1_k1,0.9007999897003174,resnet34,cifar,resnet34cifar,1,YES,NO,0.013865662844441871,6.368939953634117e-05,0.007379701493436096,0.007437619961612285,8.380566472895615e-05,0.0011988067942623499,0.0007743593975799951,0.0011988067942623499,0.0007743593975799951,0.008120812372828586,0.01571242602843613,0.5090726935443474,0.004451038575667656,0.2857142857142857
693,ReFAM_new2_sta2_j6_k1,0.0099999997764825,resnet34,cifar100,resnet34cifar100,2,NO,NO,0.21838418979995947,0.061342445163427,0.16950251867736033,0.16938579654510558,0.06197841388131424,0.01755027851705702,0.02128346997294132,0.01755027851705702,0.02128346997294132,0.20629634248166215,0.08344977696565808,0.43251325116221295,0.142433234421365,0.2857142857142857
694,ReFAM_sta3_j1_k1_const1,0.7099999785423279,vgg16,cifar,vgg16cifar,0,YES,YES,0.013865662844441871,1.592234988408529e-05,0.007379701493436096,0.007437619961612285,2.0951416182239038e-05,1.0,1.0,1.0,1.0,0.006202373313371222,1.0,0.8908772137026079,0.002225519287833828,1.0
695,ReFAM_sta2_j1_k6_const1,0.0997999981045723,resnet18,cifar,resnet18cifar,2,NO,YES,0.039863780677770376,0.05441224237637887,0.19803940739934334,0.197936660268714,0.023870069941116526,1.0,1.0,1.0,1.0,0.17760377451461098,1.0,1.0,0.13649851632047477,1.0
696,mul8_166,0.1040000021457672,resnet34,mnist,resnet34mnist,2,NO,NO,0.2555939994153266,1.0,1.0,1.0,1.0,0.08231475408651283,0.045917229584392004,0.08231475408651283,0.045917229584392004,1.0,0.13854851519440115,1.0,1.0,0.42857142857142855
697,mul8_161,0.0971999987959861,resnet18,cifar,resnet18cifar,2,NO,NO,0.33088021564100706,1.0,1.0,1.0,1.0,0.07519508841538881,0.038923412168153634,0.07519508841538881,0.038923412168153634,1.0,0.12732066187754906,1.0,1.0,0.42857142857142855
698,mul8_002,0.1000000014901161,vgg16,cifar,vgg16cifar,2,NO,NO,1.0,1.0,1.0,1.0,1.0,0.060498638581884735,0.04153797258311194,0.060498638581884735,0.04153797258311194,1.0,0.12521646572675757,1.0,1.0,1.0
699,ReFAM_new2_sta1_j1_k2,0.9003999829292297,resnet18,cifar,resnet18cifar,0,NO,NO,0.013865662844441871,0.00021654395842355997,0.009916473881804753,0.009836852207293667,0.00023092389442389913,0.001492410568290431,0.0010763771218062065,0.001492410568290431,0.0010763771218062065,0.012404746626742444,0.018522748308581596,0.4772556501978257,0.010385756676557863,0.2857142857142857
700,mul8_408,0.1039000004529953,resnet34,mnist,resnet34mnist,2,NO,NO,0.39100086313057925,1.0,1.0,1.0,1.0,0.0733919095447425,0.037053360561752964,0.0733919095447425,0.037053360561752964,1.0,0.12423639848802423,1.0,1.0,0.42857142857142855
701,ReFAM_sta1_j8_k2_const1,0.1000000014901161,vgg16,cifar,vgg16cifar,2,NO,YES,1.0,1.0,1.0,1.0,1.0,1.0,1.0,1.0,1.0,1.0,1.0,0.9296542989152679,1.0,1.0
702,ReFAM_sta3_j3_k3_const1,0.1372999995946884,resnet18,cifar,resnet18cifar,2,NO,YES,0.09445982812776024,0.009379657287341095,0.09178503732461143,0.09189059500959693,0.005082551673108913,1.0,1.0,1.0,1.0,0.08219467520552402,1.0,0.9624660703049752,0.06231454005934718,1.0
703,ReFAM_sta3_j2_k3_const0,0.1076999977231025,resnet18,cifar,resnet18cifar,2,YES,NO,0.13692342058886348,0.0020945851272514203,0.07287455224768144,0.07293666026871402,0.0027561587987735454,0.008443141144819834,0.0045249981123892235,0.008443141144819834,0.0045249981123892235,0.06374248683079663,0.03853164579638487,0.9047972974348846,0.04747774480712166,0.14285714285714285
704,mul8_452,0.1112999990582466,resnet18,mnist,resnet18mnist,2,NO,NO,0.20384149437014917,1.0,1.0,1.0,1.0,0.04618071176781994,0.025596002128171407,0.04618071176781994,0.025596002128171407,1.0,0.09786714080125163,0.8993593829224438,1.0,0.14285714285714285
705,mul8_364,0.7084000110626221,vgg16,cifar,vgg16cifar,0,NO,NO,0.0,0.0,0.0,0.0,0.0,0.0,0.0,0.0,0.0,0.0,0.0,0.0,0.0,0.0
706,mul8_052,0.0110999997705221,resnet34,cifar100,resnet34cifar100,2,NO,NO,0.002545652504262461,1.0,1.0,1.0,1.0,1.0,1.0,1.0,1.0,1.0,1.0,0.791479752142687,1.0,1.0
707,ReFAM_new1_sta4_j2_k3,0.1009000018239021,resnet34,mnist,resnet34mnist,2,NO,YES,1.0,1.0,1.0,1.0,1.0,1.0,1.0,1.0,1.0,1.0,1.0,1.0,1.0,1.0
708,ReFAM_new2_sta2_j4_k2,0.1234000027179718,resnet18,cifar,resnet18cifar,2,YES,NO,0.20625173481107284,0.014100036939851731,0.10977305971486191,0.1098848368522073,0.01855352660018178,0.01338200832208605,0.01572599266377877,0.01338200832208605,0.01572599266377877,0.12081556430784832,0.07150161528218174,0.6134723033910351,0.0830860534124629,0.2857142857142857
709,ReFAM_sta2_j7_k2_const0,0.1005999967455864,resnet18,cifar,resnet18cifar,2,YES,NO,1.0,0.9118283952818893,1.0,1.0,1.0,0.09571121674824334,0.054301733265672,0.09571121674824334,0.054301733265672,1.0,0.15324429874061735,0.9912378407987147,0.9970326409495549,0.14285714285714285
710,mul8_073,0.1037999987602233,resnet34,mnist,resnet34mnist,2,NO,NO,0.3459374588861432,1.0,1.0,1.0,1.0,0.08505475484536566,0.04964152954418151,0.08505475484536566,0.04964152954418151,1.0,0.14384072899685302,1.0,1.0,0.42857142857142855
711,mul8_107,0.1002999991178512,vgg16,cifar,vgg16cifar,2,NO,NO,0.4285356422860316,0.18980232203907982,0.35697369171840154,0.35700575815738966,0.1569153701572944,0.02626714871889381,0.01827734006668973,0.02626714871889381,0.01827734006668973,0.37037993889299825,0.07918689501561539,0.9834693914952279,0.45845697329376855,0.2770562857142857
712,mul8_099,0.1055999994277954,vgg16,mnist,vgg16mnist,2,NO,NO,0.9770974121951874,0.5338846641148447,0.715238853337259,0.71521113243762,0.4056669129418313,0.053278695929477274,0.04351162329259021,0.053278695929477274,0.04351162329259021,0.6728065061155172,0.12547547816532606,1.0,0.8019287833827893,0.21428571428571427
713,mul8_066,0.0099999997764825,resnet34,cifar100,resnet34cifar100,2,NO,NO,1.0,1.0,1.0,1.0,1.0,0.06501290953209496,0.044212234176114966,0.06501290953209496,0.044212234176114966,1.0,0.1300548479365591,1.0,1.0,0.42857142857142855
714,ReFAM_sta4_j3_k5_const1,0.1014999970793724,resnet18,mnist,resnet18mnist,2,NO,YES,0.5355612273665673,0.100469231651084,0.35635706600071454,0.35628598848368526,0.07589038874809315,1.0,1.0,1.0,1.0,0.31862620195433355,1.0,1.0,0.19287833827893175,1.0
715,ReFAM_new_sta3_j3_k5,0.1298999935388565,resnet34,cifar,resnet34cifar,2,NO,NO,0.20798494266662806,0.059711996535296664,0.1783514929091843,0.1782629558541267,0.054497327791841375,0.009270652089465134,0.002043887389530872,0.009270652089465134,0.002043887389530872,0.2023469694558841,0.026588709147692326,0.5832710567738232,0.228486646884273,0.06762471428571429
716,ReFAM_new1_sta4_j1_k6,0.1000000014901161,resnet18,cifar,resnet18cifar,2,NO,YES,1.0,1.0,1.0,1.0,1.0,1.0,1.0,1.0,1.0,1.0,1.0,1.0,1.0,1.0
717,mul8_333,0.1134999990463256,resnet34,mnist,resnet34mnist,2,NO,NO,0.7326391484608377,0.22572159475708864,0.48878124495505154,0.48872360844529755,0.19008347471766746,0.03144541589652138,0.02209294771054762,0.03144541589652138,0.02209294771054762,0.4600844300831065,0.0876663800361871,0.9957736784981948,0.5356083086053413,0.21212114285714284
718,ReFAM_new_sta1_j1_k3,0.9276999831199646,resnet34,cifar,resnet34cifar,0,NO,NO,0.008232737313887361,0.00018265921076096093,0.006341930970921644,0.006238003838771593,0.00021447374753878412,0.0005140324536060866,4.389792503287955e-05,0.0005140324536060866,4.389792503287955e-05,0.01074282508158053,0.003750828541230003,0.2465825950082368,0.013353115727002967,0.052478142857142855
719,ReFAM_sta1_j2_k8_const0,0.1000000014901161,resnet18,cifar,resnet18cifar,2,YES,NO,1.0,1.0,1.0,1.0,1.0,0.09825698731812374,0.05903392958421641,0.09825698731812374,0.05903392958421641,1.0,0.15913216650842274,0.9545113003956514,1.0,0.14285714285714285
720,ReFAM_sta4_j1_k1_const1,0.870199978351593,resnet18,mnist,resnet18mnist,2,YES,YES,0.013865662844441871,1.592234988408529e-05,0.007379701493436096,0.007437619961612285,2.0951416182239038e-05,1.0,1.0,1.0,1.0,0.006202373313371222,1.0,0.8908772137026079,0.002225519287833828,1.0
721,ReFAM_sta4_j3_k6_const0,0.1134999990463256,resnet18,mnist,resnet18mnist,2,YES,NO,1.0,0.4362357529742949,1.0,1.0,0.5740205987605036,0.09688382505190012,0.08315847326528569,0.09688382505190012,0.08315847326528569,1.0,0.18109298770474672,1.0,0.8545994065281899,0.14285714285714285
722,mul8_150,0.7681999802589417,vgg16,mnist,vgg16mnist,2,NO,NO,0.5840368880430434,0.0889692639161338,0.32533430269156316,0.32533589251439543,0.1057193465711026,0.02183328003295589,0.010802401392091,0.02183328003295589,0.010802401392091,0.32121856287017486,0.061262039973008955,0.9733408811844696,0.39243323442136496,0.14285714285714285
723,mul8_484,0.9229999780654908,resnet18,cifar,resnet18cifar,0,NO,NO,0.0,0.0,0.0,0.0,0.0,0.0,0.0,0.0,0.0,0.0,0.0,0.0,0.0,0.0
724,ReFAM_new_sta2_j3_k3,0.9886999726295472,vgg16,mnist,vgg16mnist,0,NO,NO,0.018198682483329957,0.002408852508088554,0.029057574630404627,0.029030710172744723,0.002245729922033747,0.0016252098137739014,0.00010535502007891092,0.0016252098137739014,0.00010535502007891092,0.0378971244065334,0.005919964410048787,0.3827992482014462,0.02373887240356083,0.040816285714285715
725,mul8_042,0.0966000035405159,resnet34,cifar100,resnet34cifar100,2,NO,NO,0.045740436829804484,0.004565711869156498,0.05496445212550015,0.05494241842610365,0.0030181857074430304,0.005608283782050239,0.004526754029390539,0.005608283782050239,0.004526754029390539,0.054271554210798344,0.03818306133295116,0.9237510919609276,0.06231454005934718,1.0
726,mul8_467,0.0104000000283122,resnet34,cifar100,resnet34cifar100,2,NO,NO,0.5474770313735094,0.11427509073191858,0.33234465750495423,0.3322936660268714,0.11891602324448124,0.020799794748377048,0.010819960562104151,0.020799794748377048,0.010819960562104151,0.33381427310680184,0.061063488651224455,0.9642050626261227,0.49851632047477745,0.2857142857142857
727,ReFAM_new1_sta4_j2_k2,0.1000000014901161,vgg16,cifar,vgg16cifar,2,NO,YES,1.0,1.0,1.0,1.0,1.0,1.0,1.0,1.0,1.0,1.0,1.0,1.0,1.0,1.0
728,ReFAM_new2_sta2_j6_k1,0.0958999991416931,resnet18,mnist,resnet18mnist,2,NO,NO,0.21838418979995947,0.061342445163427,0.16950251867736033,0.16938579654510558,0.06197841388131424,0.01755027851705702,0.02128346997294132,0.01755027851705702,0.02128346997294132,0.20629634248166215,0.08344977696565808,0.43251325116221295,0.142433234421365,0.2857142857142857
729,ReFAM_sta2_j6_k2_const1,0.1000000014901161,resnet34,mnist,resnet34mnist,2,NO,YES,0.24958193119995367,0.22714187450640716,0.4089104146745778,0.4088291746641075,0.11476110284745605,1.0,1.0,1.0,1.0,0.37438031332741517,1.0,0.9167289432261769,0.3086053412462908,1.0
730,ReFAM_sta1_j1_k6_const0,0.1134999990463256,resnet18,mnist,resnet18mnist,2,YES,NO,0.6534193615443231,0.07465910248898174,0.347768432878176,0.34764875239923226,0.09824014290770974,0.023957164564463642,0.014222927710652972,0.023957164564463642,0.014222927710652972,0.3286923251547612,0.0700333805079331,0.8789455679113154,0.27967359050445106,0.14285714285714285
731,ReFAM_new_sta2_j3_k6,0.1000000014901161,vgg16,cifar,vgg16cifar,2,NO,NO,0.5884240669610019,0.3612874732504522,0.4859783863597848,0.4858445297504798,0.30539324319542427,0.015570033985766087,0.0017260664122928236,0.015570033985766087,0.0017260664122928236,0.5105071631669272,0.02670963138126034,0.7302230349284956,0.516320474777448,0.04686314285714286
732,mul8_403,0.0096000004559755,resnet34,cifar100,resnet34cifar100,2,NO,NO,0.6295877535304387,0.24123191022342239,0.3785405372464014,0.3785988483685221,0.2792475820833238,0.022811658147640235,0.012719862757527177,0.022811658147640235,0.012719862757527177,0.44631695970839175,0.06626538399527059,0.9650755769320837,0.701780415430267,0.2857142857142857
733,ReFAM_new_sta2_j2_k5,0.1190000027418136,resnet34,cifar100,resnet34cifar100,2,NO,NO,0.05762916119721153,0.01669811662802843,0.08601964553286448,0.08613243761996162,0.014021146025573633,0.003941517741798517,0.0003230887282419935,0.003941517741798517,0.0003230887282419935,0.10055826281032638,0.010635931519201256,0.5241117190570345,0.08902077151335312,0.04444442857142857
734,mul8_327,0.1134999990463256,resnet18,mnist,resnet18mnist,2,NO,NO,1.0,1.0,1.0,1.0,1.0,0.09031794126840442,0.05873015594298889,0.09031794126840442,0.05873015594298889,1.0,0.1555769035548151,1.0,1.0,1.0
735,ReFAM_sta2_j2_k8_const0,0.1000000014901161,resnet18,cifar,resnet18cifar,2,YES,NO,1.0,1.0,1.0,1.0,1.0,0.17630319422838217,0.12217846086851168,0.17630319422838217,0.12217846086851168,1.0,0.24492425192430564,1.0,1.0,0.14285714285714285
736,ReFAM_new2_sta3_j2_k7,0.1010999977588653,vgg16,cifar,vgg16cifar,2,NO,NO,1.0,1.0,0.9538822712973684,0.9539347408829176,1.0,0.11440790507835155,0.25155266960841294,0.11440790507835155,0.25155266960841294,1.0,0.2979173011351761,0.9758730087621592,0.7566765578635015,0.2857142857142857
737,ReFAM_new1_sta3_j5_k1,0.1009000018239021,resnet34,mnist,resnet34mnist,2,NO,YES,0.2296500408610685,0.014734343553358979,0.12395592352255941,0.12404030710172745,0.018863984031486015,1.0,1.0,1.0,1.0,0.12851540188808183,1.0,0.6070091164737961,0.0712166172106825,1.0
738,mul8_228,0.0137000000104308,resnet34,cifar100,resnet34cifar100,2,NO,NO,0.14114811473677935,0.018774387944870456,0.11635056182700627,0.11636276391554704,0.014986159857599959,0.011213857375417143,0.006131662168592615,0.011213857375417143,0.006131662168592615,0.11763212464957576,0.04507040361154404,0.9293743089338186,0.19881305637982197,0.21428571428571427
739,ReFAM_new2_sta4_j6_k1,0.100100003182888,resnet34,cifar,resnet34cifar,2,NO,NO,1.0,1.0,1.0,1.0,1.0,1.0,1.0,1.0,1.0,1.0,1.0,1.0,1.0,0.2857142857142857
740,ReFAM_new1_sta2_j1_k1,0.478300005197525,resnet18,mnist,resnet18mnist,2,YES,YES,0.027731325688883743,6.368939953634117e-05,0.014759402986872191,0.01487523992322457,8.380566472895615e-05,1.0,1.0,1.0,1.0,0.012404746626742444,1.0,0.8908772137026079,0.004451038575667656,1.0
741,ReFAM_sta1_j6_k2_const1,0.1009000018239021,resnet34,mnist,resnet34mnist,2,NO,YES,0.38823855964437237,0.2616870048149186,0.4723008955799101,0.47216890595009603,0.12228922597249282,1.0,1.0,1.0,1.0,0.416551851688824,1.0,0.9107626112578372,0.3323442136498516,1.0
742,mul8_093,0.989300012588501,vgg16,mnist,vgg16mnist,0,NO,NO,0.04499569821276667,0.0028759981147937737,0.033296940089428406,0.033349328214971205,0.003125532483961148,0.00297940075921419,0.0010096522757562295,0.00297940075921419,0.0010096522757562295,0.04430672461003446,0.018069663149471824,0.5943942951277671,0.05341246290801187,0.2689075714285714
743,ReFAM_new1_sta3_j4_k3,0.0967999994754791,resnet18,mnist,resnet18mnist,2,NO,YES,0.5251619802332359,0.06384145797773419,0.2862805312641201,0.2862284069097889,0.0792872370935578,1.0,1.0,1.0,1.0,0.2806612498159249,1.0,0.857692801101226,0.17804154302670624,1.0
744,ReFAM_new_sta3_j4_k3,0.5670999884605408,resnet18,cifar,resnet18cifar,2,NO,NO,0.04712158857290792,0.011652644256489951,0.06787307394587828,0.0678982725527831,0.010436172265949646,0.00431100679896001,0.0008516197456378633,0.00431100679896001,0.0008516197456378633,0.08391506118589538,0.01681640123489965,0.4556302421760618,0.0830860534124629,0.06762471428571429
745,mul8_146,0.1134999990463256,resnet34,mnist,resnet34mnist,2,NO,NO,0.8005253782845736,0.4558731851450844,0.6410815023383765,0.6410748560460653,0.31738179777084674,0.04745992082635459,0.040245617670143966,0.04745992082635459,0.040245617670143966,0.5999504917380628,0.1196144820049802,1.0,0.701780415430267,0.42857142857142855
746,mul8_312,0.092799998819828,resnet18,mnist,resnet18mnist,2,NO,NO,0.24226996402574574,1.0,1.0,1.0,1.0,0.04514180610587442,0.02566799472522533,0.04514180610587442,0.02566799472522533,1.0,0.09764992864095352,0.8665486296781235,1.0,0.14285714285714285
747,ReFAM_sta4_j2_k2_const1,0.3332999944686889,resnet34,cifar,resnet34cifar,2,NO,YES,0.051996235666657016,0.00029615570784398643,0.027904496272055237,0.027831094049904033,0.0003739173098676806,1.0,1.0,1.0,1.0,0.024135804193722313,1.0,0.9226942570491296,0.010385756676557863,1.0
748,mul8_279,0.1000000014901161,vgg16,cifar,vgg16cifar,2,NO,NO,1.0,1.0,1.0,1.0,1.0,0.09031794126840442,0.05873015594298889,0.09031794126840442,0.05873015594298889,1.0,0.1555769035548151,1.0,1.0,1.0
749,mul8_335,0.0099999997764825,resnet34,cifar100,resnet34cifar100,2,NO,NO,1.0,1.0,1.0,1.0,1.0,0.0649984551924505,0.04460731550141088,0.0649984551924505,0.04460731550141088,1.0,0.13053107253542573,1.0,1.0,0.42857142857142855
750,ReFAM_new2_sta3_j1_k5,0.5910999774932861,vgg16,cifar,vgg16cifar,2,NO,NO,0.29551193937216735,0.019210116105775353,0.15890861033756262,0.1588291746641075,0.024643636537089526,0.022650853619095628,0.034623171431932755,0.022650853619095628,0.034623171431932755,0.15608962842083365,0.10647351952371568,0.9545113003956514,0.09347181008902077,0.2857142857142857
751,ReFAM_sta3_j1_k1_const0,0.991699993610382,resnet34,mnist,resnet34mnist,0,YES,NO,0.006932831422220936,1.592234988408529e-05,0.003689850746718048,0.003598848368522073,2.0951416182239038e-05,0.0005989516990172855,0.00019315087014467003,0.0005989516990172855,0.00019315087014467003,0.004060406186414293,0.007856213014218065,0.5090726935443474,0.002225519287833828,0.14285714285714285
752,mul8_137,0.0153000000864267,resnet34,cifar100,resnet34cifar100,2,NO,NO,0.5234287723776806,0.08513202812523883,0.2974077374221918,0.29750479846449135,0.09867300960822062,0.019893688331915,0.009775189946321617,0.019893688331915,0.009775189946321617,0.30123270223315224,0.058070290153645884,0.9670640148730678,0.3961424332344214,0.17857142857142858
753,ReFAM_sta3_j6_k4_const0,0.0993999987840652,resnet34,cifar,resnet34cifar,2,YES,NO,1.0,1.0,1.0,1.0,1.0,0.1826197406530109,0.131528718900515,0.1826197406530109,0.131528718900515,1.0,0.25397401216985244,1.0,1.0,0.14285714285714285
754,ReFAM_sta2_j4_k4_const1,0.1000000014901161,vgg16,cifar,vgg16cifar,2,NO,YES,0.21145135837773854,0.24349412783736274,0.4225095293347415,0.42250479846449135,0.11622853722098975,1.0,1.0,1.0,1.0,0.38325875418362937,1.0,0.994904182337621,0.3264094955489614,1.0
755,mul8_468,0.1106000021100044,resnet34,cifar,resnet34cifar,2,NO,NO,0.45756687386658174,0.07032424273303951,0.25904085385035486,0.2591170825335893,0.08293957813734096,0.017655072479479353,0.009910395555422885,0.017655072479479353,0.009910395555422885,0.2690221252588803,0.05794265001821298,0.9599797592697047,0.3590504451038576,1.0
756,mul8_487,0.1000000014901161,vgg16,cifar,vgg16cifar,2,NO,NO,1.0,1.0,1.0,1.0,1.0,0.08472501522222643,0.04900413167270409,0.08472501522222643,0.04900413167270409,1.0,0.14300397699790401,1.0,1.0,0.8660714285714286
757,ReFAM_sta3_j3_k2_const0,0.1228000000119209,resnet18,mnist,resnet18mnist,2,YES,NO,0.13172379702219777,0.002012585025348381,0.0701071641876429,0.07005758157389635,0.0026482590054350144,0.00800409057811938,0.004007002597001245,0.00800409057811938,0.004007002597001245,0.061668287883090964,0.03626472713375492,0.8928656516435921,0.04747774480712166,0.14285714285714285
758,ReFAM_sta4_j5_k2_const0,0.1005999967455864,resnet34,cifar,resnet34cifar,2,YES,NO,0.5060966938221283,0.02278806715410287,0.2693591045104175,0.2694337811900192,0.029985666840020513,0.02595728381276571,0.01731509754996901,0.02595728381276571,0.01731509754996901,0.2283795490885905,0.077162567253662,0.9535165723524657,0.1543026706231454,0.14285714285714285
759,mul8_485,0.1000000014901161,vgg16,cifar,vgg16cifar,2,NO,NO,1.0,0.43084286551346396,0.7489696608368895,0.7490403071017275,0.5251768937835817,0.037363564584699714,0.021394092744024176,0.037363564584699714,0.021394092744024176,0.7290376746114405,0.08798510715799908,0.9926978612837999,0.9465875370919882,0.14285714285714285
760,ReFAM_new2_sta1_j7_k2,0.6251000165939331,vgg16,mnist,vgg16mnist,2,NO,NO,0.5823578394665586,0.9079560797900798,0.6106702985818369,0.6106046065259118,0.8539084887730436,0.026474026455055134,0.02766096052171806,0.026474026455055134,0.02766096052171806,0.7576330608168261,0.09620557974000227,0.463335566465549,0.6646884272997032,0.2857142857142857
761,ReFAM_sta3_j3_k5_const1,0.1000000014901161,resnet18,cifar,resnet18cifar,2,NO,YES,0.048529819955546546,0.1853743662904746,0.3623422622014435,0.3622840690978887,0.08311540002510029,1.0,1.0,1.0,1.0,0.327102900808589,1.0,1.0,0.32344213649851633,1.0
762,mul8_379,0.1066000014543533,resnet34,cifar,resnet34cifar,2,NO,NO,0.24194498755282914,1.0,1.0,1.0,1.0,0.08250175710566303,0.0465756984598852,0.08250175710566303,0.0465756984598852,1.0,0.13937481712378255,1.0,1.0,0.42857142857142855
763,mul8_189,0.1134999990463256,resnet34,mnist,resnet34mnist,2,NO,NO,0.49022701286111636,0.20555776634906886,0.38094826448460506,0.3809980806142035,0.17563329832997496,1.0,1.0,1.0,1.0,0.39355514572582595,1.0,0.9873536161469713,0.4970326409495549,1.0
764,mul8_385,0.1089000031352043,resnet34,cifar,resnet34cifar,2,NO,NO,0.7443044484700008,0.5551280981708404,0.6678137773064083,0.6677063339731286,0.3746238820476579,0.04548871025734145,0.033799646358315935,0.04548871025734145,0.033799646358315935,0.6354498759111447,0.11016985841648604,1.0,0.7908011869436202,0.42857142857142855
765,ReFAM_new2_sta4_j2_k3,0.101000003516674,vgg16,mnist,vgg16mnist,2,NO,NO,1.0,1.0,1.0,1.0,1.0,1.0,1.0,1.0,1.0,1.0,1.0,1.0,1.0,0.2857142857142857
766,ReFAM_sta3_j3_k4_const1,0.1000000014901161,resnet34,cifar,resnet34cifar,2,NO,YES,0.11612492632220067,0.041059759763584947,0.17843527097038855,0.17850287907869483,0.019534518853767592,1.0,1.0,1.0,1.0,0.16023606378658825,1.0,0.9908030927184278,0.13353115727002968,1.0
767,ReFAM_new2_sta2_j3_k4,0.099200002849102,resnet34,mnist,resnet34mnist,2,NO,NO,0.33970873968882587,0.06882276513897027,0.22854013062484907,0.2286468330134357,0.06650391977667787,0.026032265699671344,0.03814905277057364,0.026032265699671344,0.03814905277057364,0.2391315344465276,0.11210461415357421,0.8190399296257909,0.18397626112759644,0.2857142857142857
768,mul8_490,0.0087999999523162,resnet34,cifar100,resnet34cifar100,2,NO,NO,0.35893651780280744,1.0,1.0,1.0,1.0,0.08508908390202125,0.04974512864725911,0.08508908390202125,0.04974512864725911,1.0,0.14396911556582648,1.0,1.0,0.42857142857142855
769,mul8_303,0.989300012588501,vgg16,mnist,vgg16mnist,0,YES,NO,0.045171729735408284,0.0013229451379512395,0.02404168377158478,0.023992322456813823,0.0017407967023253474,0.0021762815127189155,0.0005355546854011304,0.0021762815127189155,0.0005355546854011304,0.032743034279121126,0.013152158984372667,0.5249812152176082,0.04154302670623145,0.14285714285714285
770,ReFAM_sta2_j2_k7_const1,0.0979999974370002,vgg16,mnist,vgg16mnist,2,NO,YES,0.4090370539110352,0.9788360125340738,0.8417237784225144,0.8416506717850288,0.4741285444609092,1.0,1.0,1.0,1.0,0.7671935470487344,1.0,1.0,0.7062314540059347,1.0
771,ReFAM_new2_sta3_j6_k3,0.0998999997973442,vgg16,cifar,vgg16cifar,2,NO,NO,1.0,1.0,0.877615144818229,0.8776391554702495,1.0,0.10257070430576709,0.2086380580962699,0.10257070430576709,0.2086380580962699,0.9951520915684179,0.2708964069675092,0.6506804265621914,0.712166172106825,0.2857142857142857
772,ReFAM_sta4_j3_k1_const1,0.1823000013828277,resnet34,mnist,resnet34mnist,2,NO,YES,0.043330196388880846,0.0002794372404656969,0.023522798510327556,0.023512476007677544,0.00034124619106821834,1.0,1.0,1.0,1.0,0.02114185827829482,1.0,0.7954260836630428,0.008902077151335312,1.0
773,ReFAM_sta3_j6_k3_const0,0.101000003516674,vgg16,mnist,vgg16mnist,2,YES,NO,1.0,0.7691692653300385,1.0,1.0,1.0,0.10875083790000126,0.07892144554111216,0.10875083790000126,0.07892144554111216,1.0,0.18197975075091213,1.0,1.0,0.14285714285714285
774,mul8_370,0.1134999990463256,resnet34,mnist,resnet34mnist,2,NO,NO,1.0,0.5429154598884162,0.8506797288071873,0.85052783109405,0.611419280304165,0.04777068912871047,0.03251958286435717,0.04777068912871047,0.03251958286435717,0.8104092513442293,0.10898078978640058,0.9942831136514969,1.0,0.14732142857142858
775,ReFAM_sta1_j1_k1_const0,0.9890000224113464,vgg16,mnist,vgg16mnist,0,YES,NO,0.008666039277776169,2.7864112297149264e-05,0.00461231343339756,0.0045585412667946265,3.6664978318918315e-05,0.0006938083029340502,0.00020895412315650666,0.0006938083029340502,0.00020895412315650666,0.005241962731161192,0.008173447268948962,0.5090726935443474,0.00370919881305638,0.14285714285714285
776,ReFAM_sta2_j3_k3_const0,0.1041999980807304,vgg16,cifar,vgg16cifar,2,YES,NO,0.33450911612216017,0.009972963849896823,0.1780352985291458,0.17802303262955857,0.013122919525745421,0.016825754742378497,0.00931162785797441,0.016825754742378497,0.00931162785797441,0.1509830612874272,0.056104930641395406,0.9495396964704972,0.08605341246290801,0.14285714285714285
777,ReFAM_new_sta2_j6_k2,0.1134999990463256,resnet18,mnist,resnet18mnist,2,NO,NO,0.2608477822610627,0.08466052753929636,0.22299094194775532,0.2228886756238004,0.07391292134549644,0.007966147936552676,0.0007146582195352791,0.007966147936552676,0.0007146582195352791,0.24305223559075467,0.016440198730465833,0.5887395156478764,0.21364985163204747,0.040816285714285715
778,ReFAM_sta2_j3_k6_const0,0.101000003516674,vgg16,mnist,vgg16mnist,2,YES,NO,1.0,0.9776951761648791,1.0,1.0,1.0,0.11253606809439405,0.07799783319842038,0.11253606809439405,0.07799783319842038,1.0,0.1827426058293474,1.0,1.0,0.14285714285714285
779,mul8_102,0.1011999994516372,resnet18,cifar,resnet18cifar,2,NO,NO,0.6997826716804256,0.5100153073523043,0.6525385294952943,0.652591170825336,0.3176708655326256,0.04887012233791716,0.04090057471163453,0.04887012233791716,0.04090057471163453,0.6066659379771493,0.12086475818539022,1.0,0.7129080118694362,0.42857142857142855
780,ReFAM_new2_sta1_j7_k2,0.0085000004619359,resnet34,cifar100,resnet34cifar100,2,NO,NO,0.5823578394665586,0.9079560797900798,0.6106702985818369,0.6106046065259118,0.8539084887730436,0.026474026455055134,0.02766096052171806,0.026474026455055134,0.02766096052171806,0.7576330608168261,0.09620557974000227,0.463335566465549,0.6646884272997032,0.2857142857142857
781,ReFAM_new_sta3_j4_k3,0.7879999876022339,resnet34,cifar,resnet34cifar,2,NO,NO,0.04712158857290792,0.011652644256489951,0.06787307394587828,0.0678982725527831,0.010436172265949646,0.00431100679896001,0.0008516197456378633,0.00431100679896001,0.0008516197456378633,0.08391506118589538,0.01681640123489965,0.4556302421760618,0.0830860534124629,0.06762471428571429
782,mul8_159,0.8500000238418579,resnet18,cifar,resnet18cifar,2,NO,NO,0.022531702122218042,0.0003240198201411357,0.013836940300192679,0.013915547024952016,0.00036769735399829514,0.0015186090588960135,0.00041966416331432846,0.0015186090588960135,0.00041966416331432846,0.01624162474565717,0.011614505890853501,0.4295300851780431,0.011869436201780416,0.14285714285714285
783,ReFAM_new_sta1_j6_k1,0.7002999782562256,vgg16,cifar,vgg16cifar,0,NO,NO,0.058929067088877955,0.0106966346521285,0.04796805970733462,0.047984644913627646,0.012453521778722885,0.0019874717011131647,0.0002335369611749192,0.0019874717011131647,0.0002335369611749192,0.08174771922721083,0.00875044039578892,0.23067407333497592,0.09495548961424333,0.04664728571428572
784,mul8_398,0.6800000071525574,resnet34,cifar,resnet34cifar,2,NO,NO,0.03845554929513175,0.03732494558377704,0.02495694017975595,0.02495201535508637,0.048862938796005555,0.0016279200024572377,0.0009025413386760036,0.0016279200024572377,0.0009025413386760036,0.14729819394838198,0.01697389871195428,0.12994080502719466,0.7833827893175074,0.18998142857142858
785,ReFAM_new2_sta2_j1_k5,0.098300002515316,resnet34,cifar,resnet34cifar,2,YES,NO,0.24438230763328797,0.014450328637301607,0.13006723882181118,0.1300383877159309,0.01901445775619104,0.016469816628633685,0.021529298353125444,0.016469816628633685,0.021529298353125444,0.1319753470868368,0.08376477191976735,0.8670149402654102,0.09347181008902077,0.2857142857142857
786,ReFAM_new_sta3_j3_k6,0.1105000004172325,resnet34,cifar,resnet34cifar,2,NO,NO,0.5801913296471145,0.2780475676254044,0.43344215490353566,0.43354126679462573,0.25197166655466635,0.018510588707185794,0.0044881238553616054,0.018510588707185794,0.0044881238553616054,0.4596376608834779,0.040715710336014524,0.6890685802369835,0.5133531157270029,0.06800742857142857
787,mul8_202,0.1015999987721443,resnet34,cifar,resnet34cifar,2,NO,NO,0.8767865239290039,0.35858981667643236,0.5890226047341258,0.5890115163147793,0.3128137805972316,0.039414274021757394,0.028672368714475604,0.039414274021757394,0.028672368714475604,0.5687519547641299,0.10078942811247858,0.9957736784981948,0.7574183976261127,0.15178571428571427
788,mul8_424,0.101000003516674,vgg16,mnist,vgg16mnist,2,NO,NO,1.0,1.0,1.0,1.0,1.0,0.08762401371716831,0.043799593680805896,0.08762401371716831,0.043799593680805896,1.0,0.13834623170491392,1.0,1.0,0.36160714285714285
789,ReFAM_new2_sta1_j5_k1,0.4309000074863434,resnet18,cifar,resnet18cifar,2,NO,NO,0.06239548279998842,0.014049881537716863,0.06641731344092486,0.06645873320537428,0.014414574333380458,0.0054619335931500885,0.0048410631726259565,0.0054619335931500885,0.0048410631726259565,0.093143825767061,0.03945423765249637,0.3261252033745411,0.0712166172106825,0.2857142857142857
790,mul8_232,0.1134999990463256,resnet18,mnist,resnet18mnist,2,NO,NO,0.7385428842524069,0.2360322949328714,0.4756680209107679,0.47576775431861806,0.22224914118837283,0.033822251371807166,0.022997244966224937,0.033822251371807166,0.022997244966224937,0.4679028450586707,0.08987806261681686,0.9908651995870402,0.6283382789317508,0.14285714285714285
791,mul8_244,0.0962999984622001,resnet34,mnist,resnet34mnist,2,NO,NO,0.25945309069819167,1.0,1.0,1.0,1.0,0.043342240820139225,0.02561004946418193,0.043342240820139225,0.02561004946418193,1.0,0.09699978502714034,0.799169804251368,1.0,0.19047614285714287
792,ReFAM_sta4_j1_k9_const1,0.1027999967336654,resnet18,mnist,resnet18mnist,2,NO,YES,1.0,1.0,1.0,1.0,1.0,1.0,1.0,1.0,1.0,1.0,1.0,1.0,1.0,1.0
793,mul8_379,0.1066000014543533,resnet34,mnist,resnet34mnist,2,NO,NO,0.24194498755282914,1.0,1.0,1.0,1.0,0.08250175710566303,0.0465756984598852,0.08250175710566303,0.0465756984598852,1.0,0.13937481712378255,1.0,1.0,0.42857142857142855
794,mul8_233,0.1134999990463256,resnet34,mnist,resnet34mnist,2,NO,NO,0.9333324302164935,0.7216198045372328,0.6881432018676903,0.6880998080614203,0.6703537431303829,0.04135296232657051,0.028366839156246763,0.04135296232657051,0.028366839156246763,0.740214386577289,0.10083869272615442,0.9935062687211483,1.0,0.15178571428571427
795,mul8_498,0.1134999990463256,resnet34,mnist,resnet34mnist,2,NO,NO,0.19758569553329666,0.014416095585050824,0.1291159510210983,0.12907869481765835,0.012060419810174515,0.0109907185071558,0.0042984848192195654,0.0109907185071558,0.0042984848192195654,0.11935107866003206,0.038033774624842503,0.8600548983992718,0.0771513353115727,0.2857142857142857
796,mul8_369,0.0093000000342726,resnet34,cifar100,resnet34cifar100,2,NO,NO,0.8154742960387376,0.49852379913637174,0.6567381441922236,0.6566698656429942,0.3569129749947487,0.04546070497428031,0.03391904871440537,0.04546070497428031,0.03391904871440537,0.6230235766483647,0.110333327361865,1.0,0.7640949554896143,0.2857142857142857
797,mul8_464,0.0099999997764825,resnet34,cifar100,resnet34cifar100,2,NO,NO,1.0,0.858193392759789,1.0,1.0,0.9842105560074308,0.05507826121521247,0.03834747139172226,0.05507826121521247,0.03834747139172226,1.0,0.11932710509187104,0.9988963304003958,1.0,0.14285714285714285
798,ReFAM_new2_sta1_j2_k6,0.9872999787330629,vgg16,mnist,vgg16mnist,0,NO,NO,0.3327759082666049,0.289532010292207,0.3420751075613632,0.34213051823416507,0.2755430754995625,0.02005539625668739,0.02979264376131469,0.02005539625668739,0.02979264376131469,0.4282953368056718,0.09862999587968686,0.5901068849027367,0.3768545994065282,0.2857142857142857
799,ReFAM_new_sta3_j6_k1,0.8269000053405762,resnet34,cifar,resnet34cifar,2,NO,NO,0.027839651179855943,0.01117589427559677,0.06189148272932887,0.06190019193857965,0.010260357602238607,0.0037310264207260774,0.0007269496385444853,0.0037310264207260774,0.0007269496385444853,0.0809143398060115,0.01549819960230021,0.357071732415102,0.0712166172106825,0.063492
800,mul8_072,0.2578000128269195,resnet18,mnist,resnet18mnist,2,NO,NO,0.09803456932984292,0.019945277749471378,0.10869204783144668,0.10868522072936661,0.015052579484063506,0.010013243788699236,0.0053678382730205105,0.010013243788699236,0.0053678382730205105,0.11374876029370151,0.04209064091769525,0.9290332302291437,0.19881305637982197,0.1932772857142857
801,mul8_011,0.0974999964237213,resnet18,cifar,resnet18cifar,2,NO,NO,0.3157552663642016,1.0,1.0,1.0,1.0,0.0749918242641386,0.039046326358245696,0.0749918242641386,0.039046326358245696,1.0,0.12739306593098176,1.0,1.0,0.42857142857142855
802,ReFAM_sta3_j3_k1_const1,0.2148000001907348,resnet34,mnist,resnet34mnist,2,NO,YES,0.034664157111104675,0.000382136397218047,0.022139104480308286,0.022072936660268716,0.0003184615259700334,1.0,1.0,1.0,1.0,0.020075184159248867,1.0,0.7954260836630428,0.008902077151335312,1.0
803,mul8_064,0.1037999987602233,vgg16,mnist,vgg16mnist,2,NO,NO,1.0,0.7885498045627086,1.0,1.0,0.8929757853005661,0.05313686272171602,0.03805072141849999,0.05313686272171602,0.03805072141849999,0.9692161712584477,0.11832688414754304,0.9988810582195896,1.0,0.14285714285714285
804,ReFAM_new_sta1_j7_k1,0.1995999962091446,resnet34,mnist,resnet34mnist,2,NO,NO,0.11785813417775591,0.042786538608514,0.09593611941466924,0.09596928982725529,0.04981408711489154,0.002922486796864131,0.0004073727443051222,0.002922486796864131,0.0004073727443051222,0.16349543574748418,0.011633166729367084,0.23067407333497592,0.18991097922848665,0.04664728571428572
805,mul8_499,0.0097000002861022,resnet34,cifar100,resnet34cifar100,2,NO,NO,0.7732002749200435,0.4719808342929203,0.6457400975696901,0.6456333973128598,0.316201080628091,0.047836637053338314,0.03977854374779413,0.047836637053338314,0.03977854374779413,0.6022049239955709,0.11909645712784317,1.0,0.7054896142433235,0.42857142857142855
806,mul8_028,0.1094999983906745,resnet18,cifar,resnet18cifar,2,NO,NO,0.4913644270499088,0.08701942367462359,0.294738089818583,0.2946257197696737,0.09175562675145459,0.02048179927619894,0.011225577389407958,0.02048179927619894,0.011225577389407958,0.2947308306525336,0.062034598687471264,0.9640187420202855,0.4043026706231454,0.2857142857142857
807,ReFAM_new1_sta3_j1_k3,0.2038999944925308,resnet18,cifar,resnet18cifar,2,YES,YES,0.1074588870444245,0.0011814383613991287,0.057192686574129736,0.05710172744721689,0.0015545950807221366,1.0,1.0,1.0,1.0,0.049396974324446466,1.0,0.986328343742173,0.02225519287833828,1.0
808,ReFAM_sta2_j8_k1_const0,0.101000003516674,vgg16,mnist,vgg16mnist,2,YES,NO,1.0,0.8005502764119939,1.0,1.0,1.0,0.07827928313702533,0.03838610156575119,0.07827928313702533,0.03838610156575119,1.0,0.12792079444414586,0.9563755245994108,0.8545994065281899,0.14285714285714285
809,mul8_087,0.7087000012397766,vgg16,cifar,vgg16cifar,0,NO,NO,0.0,0.0,0.0,0.0,0.0,0.0,0.0,0.0,0.0,0.0,0.0,0.0,0.0,0.0
810,mul8_104,0.6043000221252441,resnet18,mnist,resnet18mnist,2,NO,NO,0.09131838888956638,0.029553097330140374,0.1353488764212604,0.13531669865642995,0.019242935497350563,0.012316000773307169,0.007113219772327802,0.012316000773307169,0.007113219772327802,0.1351733473616938,0.04858834488812454,0.9451280725082419,0.22255192878338279,0.2857142857142857
811,mul8_266,0.1134999990463256,resnet34,mnist,resnet34mnist,2,NO,NO,1.0,0.6756794394823326,0.7034684471564224,0.7034548944337813,0.7280625072127753,1.0,1.0,1.0,1.0,0.7646070791357383,1.0,0.9809067195559257,1.0,1.0
812,mul8_062,0.1134999990463256,resnet18,mnist,resnet18mnist,2,NO,NO,0.45686276164167816,0.0832475861462818,0.27717301288032437,0.2771113243761996,0.08775079708724662,0.019383269463220026,0.009813820120350552,0.019383269463220026,0.009813820120350552,0.28232772442989046,0.05805760078345665,0.9677787529348041,0.39243323442136496,0.2857142857142857
813,ReFAM_sta2_j6_k2_const0,0.1134999990463256,resnet34,mnist,resnet34mnist,2,YES,NO,1.0,0.22714187450640716,0.9593611941466924,0.9592130518234165,0.29888452268934923,0.057324104237470336,0.03339754136501476,0.057324104237470336,0.03339754136501476,0.7912040633491688,0.11331756865695707,0.9857693819246613,0.47477744807121663,0.14285714285714285
814,ReFAM_new1_sta3_j5_k2,0.0979999974370002,vgg16,mnist,vgg16mnist,2,NO,YES,0.4748989524221341,0.061215066364354316,0.2598173829400017,0.2598368522072937,0.07609319369657545,1.0,1.0,1.0,1.0,0.2638118526445354,1.0,0.7252045963155355,0.1661721068249258,1.0
815,ReFAM_new1_sta4_j6_k2,0.1134999990463256,resnet34,mnist,resnet34mnist,2,NO,YES,1.0,1.0,1.0,1.0,1.0,1.0,1.0,1.0,1.0,1.0,1.0,1.0,1.0,1.0
816,mul8_409,0.101000003516674,vgg16,mnist,vgg16mnist,2,NO,NO,1.0,1.0,1.0,1.0,1.0,0.09031794126840442,0.05873015594298889,0.09031794126840442,0.05873015594298889,1.0,0.1555769035548151,1.0,1.0,1.0
817,ReFAM_sta1_j6_k2_const0,0.1000000014901161,resnet34,cifar,resnet34cifar,2,YES,NO,1.0,0.2616870048149186,0.619894925448632,0.6199616122840691,0.34434071523833504,0.030541116272514886,0.017334412636983477,0.030541116272514886,0.017334412636983477,0.5977859379249595,0.07834118581417986,0.8192893752456275,0.49851632047477745,0.14285714285714285
818,mul8_287,0.1134999990463256,resnet34,mnist,resnet34mnist,2,NO,NO,0.5209643657248552,0.5224626865844648,0.617017860264998,0.6170825335892515,0.3134421630976848,0.04430616459517911,0.03182775156583899,0.04430616459517911,0.03182775156583899,0.5847433312626434,0.1069549691573661,1.0,0.8100890207715133,0.2857142857142857
819,ReFAM_new2_sta3_j1_k7,0.1315000057220459,vgg16,cifar,vgg16cifar,2,NO,NO,0.9047345005998321,0.31366710824650346,0.5280292611953541,0.5280710172744721,0.3549419412189441,0.0712318891641236,0.15026084147054536,0.0712318891641236,0.15026084147054536,0.5524739325374177,0.22614771621193935,0.9982599895334655,0.37833827893175076,0.2857142857142857
820,ReFAM_sta3_j1_k9_const0,0.101000003516674,vgg16,mnist,vgg16mnist,2,YES,NO,1.0,1.0,1.0,1.0,1.0,0.19122278293014758,0.14733372782935297,0.19122278293014758,0.14733372782935297,1.0,0.26779348273947085,1.0,1.0,0.14285714285714285
821,ReFAM_sta2_j1_k6_const0,0.1000000014901161,vgg16,cifar,vgg16cifar,2,YES,NO,0.8406058099442885,0.05441224237637887,0.4473944030395633,0.44745681381957775,0.07159832209037457,0.03485573665638601,0.02259865180692639,0.03485573665638601,0.02259865180692639,0.37286282584417896,0.08944289186268012,0.9823514678602046,0.23071216617210683,0.14285714285714285
822,ReFAM_sta2_j3_k7_const1,0.1010999977588653,resnet34,cifar,resnet34cifar,2,NO,YES,0.025998117833328508,1.0,1.0,1.0,1.0,1.0,1.0,1.0,1.0,1.0,1.0,1.0,1.0,1.0
823,ReFAM_new2_sta1_j5_k3,0.7035999894142151,vgg16,cifar,vgg16cifar,0,NO,NO,0.3119774139999421,0.2738007286067307,0.32562932839786773,0.32557581573896355,0.26368509593237854,0.017755349460762793,0.024591617603419123,0.017755349460762793,0.024591617603419123,0.4151421977661491,0.08954589969127509,0.49714104775305495,0.3560830860534125,0.2857142857142857
824,mul8_145,0.984000027179718,vgg16,mnist,vgg16mnist,0,NO,NO,0.27135535488536633,0.04379019087713041,0.17573184278319362,0.17562380038387718,0.04528138836369668,0.013501256624152838,0.007575025943673695,0.013501256624152838,0.007575025943673695,0.1908300901944252,0.05028050972453617,0.929530085178043,0.19955489614243324,0.21428571428571427
825,ReFAM_new_sta3_j2_k7,0.1072999984025955,resnet34,mnist,resnet34mnist,2,NO,NO,0.5801913296471145,0.2780475676254044,0.43344215490353566,0.43354126679462573,0.25197166655466635,0.018510588707185794,0.0044881238553616054,0.018510588707185794,0.0044881238553616054,0.4596376608834779,0.040715710336014524,0.6890685802369835,0.5133531157270029,0.06800742857142857
826,mul8_320,0.9914000034332277,resnet18,mnist,resnet18mnist,0,YES,NO,0.001733207855555234,1.194176241306397e-05,0.000922462686679512,0.0009596928982725527,1.571356213667928e-05,9.485660391676469e-05,1.0535502007891091e-05,9.485660391676469e-05,1.0535502007891091e-05,0.0027069374576095284,0.0018414515445202822,0.06363408669304342,0.002967359050445104,0.063492
827,ReFAM_sta2_j1_k7_const0,0.1134999990463256,resnet34,mnist,resnet34mnist,2,YES,NO,1.0,0.24609185922095125,1.0,1.0,0.32381985065864105,0.06594160085425146,0.04618764080259455,0.06594160085425146,0.04618764080259455,0.8492247827844429,0.13275544448624474,0.9982599895334655,0.5155786350148368,0.14285714285714285
828,ReFAM_sta4_j5_k2_const1,0.5792999863624573,vgg16,mnist,vgg16mnist,2,NO,YES,0.2703804254666165,0.02278806715410287,0.17278879199865607,0.17274472168905952,0.01872430928684323,1.0,1.0,1.0,1.0,0.1557371472667285,1.0,0.8948540895845762,0.0830860534124629,1.0
829,mul8_416,0.1134999990463256,resnet34,mnist,resnet34mnist,2,NO,NO,0.826352546360693,0.21033863522533308,0.5037624817688164,0.5038387715930902,0.20248430489149358,0.032307255897822275,0.02316405708134988,0.032307255897822275,0.02316405708134988,0.4744488153574112,0.08979147632611383,0.996085230986644,0.7626112759643917,0.5089285714285714
830,mul8_178,0.0113000003620982,resnet34,cifar100,resnet34cifar100,2,NO,NO,0.38710114545557994,1.0,1.0,1.0,1.0,0.07326543407285349,0.03611043313204672,0.07326543407285349,0.03611043313204672,1.0,0.12297343293742499,1.0,1.0,0.42857142857142855
831,ReFAM_sta2_j7_k3_const0,0.0997999981045723,resnet34,cifar,resnet34cifar,2,YES,NO,1.0,1.0,1.0,1.0,1.0,0.15903838891930322,0.09643496171222979,0.15903838891930322,0.09643496171222979,1.0,0.2187848957680204,1.0,1.0,0.14285714285714285
832,ReFAM_new1_sta2_j3_k6,0.0979999974370002,vgg16,mnist,vgg16mnist,2,NO,YES,1.0,1.0,1.0,1.0,1.0,1.0,1.0,1.0,1.0,1.0,1.0,0.9519170659493493,0.7537091988130564,1.0
833,ReFAM_sta2_j4_k1_const0,0.1240999996662139,resnet34,cifar,resnet34cifar,2,YES,NO,0.1282573813110873,0.002136779354444246,0.06826223881428388,0.06837811900191938,0.002811680051656479,0.007073592463507309,0.0028322941231213885,0.007073592463507309,0.0028322941231213885,0.061131255853938346,0.030544060479031188,0.839174772800857,0.03560830860534125,0.14285714285714285
834,ReFAM_sta2_j3_k1_const0,0.4977000057697296,resnet18,cifar,resnet18cifar,2,YES,NO,0.050263027811101785,0.0004386607393065498,0.026751417913705847,0.02663147792706334,0.0005772115158206855,0.0032856520804311726,0.001215094564910106,0.0032856520804311726,0.001215094564910106,0.025248631596420507,0.019822289102667454,0.7477005186432601,0.01483679525222552,0.14285714285714285
835,mul8_366,0.100100003182888,resnet34,cifar,resnet34cifar,2,NO,NO,1.0,0.2698001367284029,0.5671039799054862,0.5671785028790788,0.31127273818310336,0.03703472835778826,0.026310660347706686,0.03703472835778826,0.026310660347706686,0.5560277597410774,0.0963593450493542,0.9915636473225831,0.5593471810089021,1.0
836,ReFAM_new2_sta1_j1_k4,0.1979999989271164,resnet34,cifar100,resnet34cifar100,2,NO,NO,0.045063404244436084,0.004314956818587115,0.0421450139976702,0.04222648752399232,0.004199347171072037,0.004788000007227169,0.004596990709443146,0.004788000007227169,0.004596990709443146,0.05283731046825852,0.03839430202492491,0.5567982585641299,0.04599406528189911,0.2857142857142857
837,mul8_263,0.9914000034332277,resnet34,mnist,resnet34mnist,0,NO,NO,0.006932831422220936,0.0001910681986090235,0.007379701493436096,0.007437619961612285,0.0002011335953494948,0.0007940852842174871,0.00016505619812362708,0.0007940852842174871,0.00016505619812362708,0.010827749830438113,0.0072575733147023525,0.2545363467721737,0.005934718100890208,0.14285714285714285
838,ReFAM_sta1_j1_k1_const0,0.9221000075340272,resnet18,cifar,resnet18cifar,0,YES,NO,0.008666039277776169,2.7864112297149264e-05,0.00461231343339756,0.0045585412667946265,3.6664978318918315e-05,0.0006938083029340502,0.00020895412315650666,0.0006938083029340502,0.00020895412315650666,0.005241962731161192,0.008173447268948962,0.5090726935443474,0.00370919881305638,0.14285714285714285
839,ReFAM_new1_sta1_j4_k3,0.1000000014901161,vgg16,cifar,vgg16cifar,2,NO,YES,0.6759510636665412,0.12133785952666039,0.38697309706205524,0.38699616122840697,0.13464610934407514,1.0,1.0,1.0,1.0,0.37343965797477074,1.0,0.7894607698400902,0.17804154302670624,1.0
840,ReFAM_sta3_j4_k2_const0,0.1134999990463256,resnet18,mnist,resnet18mnist,2,YES,NO,0.307644394361054,0.009016627709983951,0.16373712688561337,0.16362763915547027,0.011864525091299689,0.0161509177602278,0.00911145331982448,0.0161509177602278,0.00911145331982448,0.14005622130441583,0.05539955094558201,0.9386027787223904,0.10089020771513353,0.14285714285714285
841,ReFAM_sta3_j2_k7_const0,0.1004000008106231,resnet18,cifar,resnet18cifar,2,YES,NO,1.0,0.7987605545308639,1.0,1.0,1.0,0.1171939790448211,0.09424708912859107,0.1171939790448211,0.09424708912859107,1.0,0.19819601941921497,1.0,1.0,0.14285714285714285
842,mul8_328,0.1031000018119812,resnet34,cifar,resnet34cifar,2,NO,NO,1.0,1.0,1.0,1.0,1.0,0.09031794126840442,0.05873015594298889,0.09031794126840442,0.05873015594298889,1.0,0.1555769035548151,1.0,1.0,1.0
843,ReFAM_sta3_j3_k4_const0,0.1000000014901161,vgg16,cifar,vgg16cifar,2,YES,NO,0.7435461700331953,0.041059759763584947,0.39573649258551064,0.3956333973128599,0.05402846447994892,0.034443787976518925,0.02441778182028892,0.034443787976518925,0.02441778182028892,0.3284888392521978,0.09250849441369138,0.9814809535542437,0.22551928783382788,0.14285714285714285
844,ReFAM_new2_sta1_j1_k6,0.1006999984383583,resnet34,cifar,resnet34cifar,2,NO,NO,0.16985436984441293,0.07215690520469772,0.17127537757578518,0.17130518234165068,0.06889449451537832,0.013112796246207993,0.01698322923672044,0.013112796246207993,0.01698322923672044,0.21425884503115736,0.07420519756602952,0.5906037398516358,0.1884272997032641,0.2857142857142857
845,mul8_230,0.1342000067234039,vgg16,mnist,vgg16mnist,2,NO,NO,0.7257807895137542,0.172646388097725,0.420588711111224,0.4205854126679463,0.19309836759997648,1.0,1.0,1.0,1.0,0.42381728806667274,1.0,0.9760124946801904,0.4495548961424332,1.0
846,ReFAM_sta3_j6_k1_const1,0.1042999997735023,resnet18,mnist,resnet18mnist,2,NO,YES,0.05372944352221225,0.03464623723027539,0.15399361475756101,0.15403071017274472,0.0174021112365196,1.0,1.0,1.0,1.0,0.14272518584337,1.0,0.7734280344296044,0.11869436201780416,1.0
847,mul8_161,0.0097000002861022,resnet34,cifar100,resnet34cifar100,2,NO,NO,0.33088021564100706,1.0,1.0,1.0,1.0,0.07519508841538881,0.038923412168153634,0.07519508841538881,0.038923412168153634,1.0,0.12732066187754906,1.0,1.0,0.42857142857142855
848,ReFAM_new_sta2_j4_k4,0.1187999993562698,resnet34,mnist,resnet34mnist,2,NO,NO,0.28511269223883595,0.08703454990701348,0.23268400643639853,0.23272552783109407,0.07621903001406873,0.008627433975286692,0.0008112336546076141,0.008627433975286692,0.0008112336546076141,0.24991938401884056,0.017562088341902392,0.653352040057912,0.2314540059347181,0.046083
849,mul8_012,0.9915000200271606,resnet18,mnist,resnet18mnist,0,NO,NO,0.0,0.0,0.0,0.0,0.0,0.0,0.0,0.0,0.0,0.0,0.0,0.0,0.0,0.0
850,ReFAM_new_sta3_j1_k3,0.9269999861717224,resnet34,cifar,resnet34cifar,0,NO,NO,0.003466415711110468,6.050492955952411e-05,0.0025367723883686576,0.00263915547024952,7.588341467533027e-05,0.00024120679281691587,3.687425702761882e-05,0.00024120679281691587,3.687425702761882e-05,0.006052896226962023,0.003419412049228785,0.1034058999488891,0.005934718100890208,0.063492
851,mul8_076,0.3323000073432922,vgg16,cifar,vgg16cifar,2,NO,NO,0.10399247133331403,0.01895396530201513,0.11200714995662654,0.11204414587332055,0.013267199643082053,0.009887671713037994,0.006718138447031886,0.009887671713037994,0.006718138447031886,0.11203582109827605,0.04689020858338857,0.8650254841790388,0.09792284866468842,1.0
852,mul8_211,0.1000000014901161,vgg16,cifar,vgg16cifar,2,NO,NO,1.0,0.26840505422515476,0.5687637817770316,0.5688579654510556,0.30831287897231985,0.036972394018071536,0.026284321592686958,0.036972394018071536,0.026284321592686958,0.555776542410324,0.09629813749902963,0.991952578860451,0.5593471810089021,1.0
853,ReFAM_new2_sta1_j4_k4,0.1816000044345855,resnet18,cifar,resnet18cifar,2,NO,NO,0.3223766611332735,0.28295607979007975,0.3350845709363327,0.33517274472168906,0.27034181916989514,0.01894692908520291,0.027153500508337973,0.01894692908520291,0.027153500508337973,0.422629142836154,0.09413198736437302,0.5428781748318533,0.36795252225519287,0.2857142857142857
854,ReFAM_sta4_j7_k1_const0,0.1037999987602233,vgg16,mnist,vgg16mnist,2,YES,NO,0.970596399110931,0.09426031131378493,0.5165791045405267,0.5165547024952015,0.12403238379885512,0.04052003100455853,0.026535417723875028,0.04052003100455853,0.026535417723875028,0.44479521150559725,0.097675307381332,0.897650934962909,0.3323442136498516,0.14285714285714285
855,ReFAM_new2_sta2_j3_k5,0.0098999999463558,resnet34,cifar100,resnet34cifar100,2,NO,NO,0.4489008345888056,0.300963461391486,0.430040573746405,0.42994241842610365,0.23862533210529563,0.04312632912170012,0.0726686250994288,0.04312632912170012,0.0726686250994288,0.4514989908442415,0.15597475263192467,0.8608622876912332,0.37388724035608306,0.2857142857142857
856,mul8_468,0.1062999963760376,vgg16,cifar,vgg16cifar,2,NO,NO,0.45756687386658174,0.07032424273303951,0.25904085385035486,0.2591170825335893,0.08293957813734096,0.017655072479479353,0.009910395555422885,0.017655072479479353,0.009910395555422885,0.2690221252588803,0.05794265001821298,0.9599797592697047,0.3590504451038576,1.0
857,ReFAM_sta4_j3_k2_const1,0.121299996972084,resnet18,mnist,resnet18mnist,2,NO,YES,0.09186001634442739,0.0012411471734644485,0.050735447767373154,0.05062380038387716,0.0014068875966373514,1.0,1.0,1.0,1.0,0.04472594801409444,1.0,0.9067857353758687,0.020771513353115726,1.0
858,ReFAM_new1_sta4_j1_k7,0.101000003516674,vgg16,mnist,vgg16mnist,2,NO,YES,1.0,1.0,1.0,1.0,1.0,1.0,1.0,1.0,1.0,1.0,1.0,1.0,1.0,1.0
859,mul8_135,0.0998999997973442,resnet34,cifar,resnet34cifar,2,NO,NO,0.8206739196054033,0.2675780752426566,0.537224273320056,0.5371880998080615,0.23165872049369943,1.0,1.0,1.0,1.0,0.5065599692258025,1.0,0.9959294547424195,0.4992581602373887,1.0
860,mul8_036,0.1134999990463256,resnet34,mnist,resnet34mnist,2,NO,NO,0.46666621510824674,0.4637403809135608,0.5804745083118906,0.5803742802303263,0.27134405233795145,0.04257887100766622,0.030703964684997274,0.04257887100766622,0.030703964684997274,0.547694295775454,0.10478583328854732,1.0,0.6491097922848664,0.2857142857142857
861,mul8_106,0.1048000007867813,resnet34,mnist,resnet34mnist,2,NO,NO,1.0,1.0,1.0,1.0,1.0,0.08818321598216335,0.0448759708026121,0.08818321598216335,0.0448759708026121,1.0,0.13981595934624366,1.0,1.0,0.36160714285714285
862,mul8_021,0.6995000243186951,resnet34,cifar100,resnet34cifar100,0,NO,NO,0.0,0.0,0.0,0.0,0.0,0.0,0.0,0.0,0.0,0.0,0.0,0.0,0.0,0.0
863,ReFAM_new_sta1_j2_k4,0.6940000057220459,vgg16,cifar,vgg16cifar,0,NO,NO,0.04463010228054727,0.0036374110768603676,0.030700713135977883,0.030710172744721688,0.004320557466155676,0.0018456384933519072,0.00022651329316965844,0.0018456384933519072,0.00022651329316965844,0.04894993172413463,0.008625785994518192,0.34004426896143064,0.06676557863501484,0.05924957142857142
864,mul8_064,0.0099999997764825,resnet34,cifar100,resnet34cifar100,2,NO,NO,1.0,0.7885498045627086,1.0,1.0,0.8929757853005661,0.05313686272171602,0.03805072141849999,0.05313686272171602,0.03805072141849999,0.9692161712584477,0.11832688414754304,0.9988810582195896,1.0,0.14285714285714285
865,ReFAM_sta2_j5_k4_const1,0.1008000001311302,resnet18,cifar,resnet18cifar,2,NO,YES,0.4506340424443608,0.9680151835528494,0.8395293282473217,0.8394913627639156,0.4769022227333275,1.0,1.0,1.0,1.0,0.7666895613120643,1.0,0.9935215409019547,0.7002967359050445,1.0
866,mul8_156,0.1351000070571899,resnet18,cifar,resnet18cifar,2,NO,NO,0.10437161401813246,0.005406395804142358,0.07005942120883113,0.07005758157389635,0.004870276650989958,0.006959764538807191,0.0034222822355632894,0.006959764538807191,0.0034222822355632894,0.06907084688479236,0.03344917981882565,0.8983341105176454,0.07640949554896143,0.7142857142857143
867,mul8_465,0.1000000014901161,vgg16,cifar,vgg16cifar,2,NO,NO,1.0,0.5183351829796449,0.577167066316861,0.5772552783109406,0.6397082353893617,0.03287549212509508,0.02133790339998209,0.03287549212509508,0.02133790339998209,0.6774563939512627,0.08665197685458877,0.978498805715461,0.973293768545994,0.42857142857142855
868,ReFAM_sta3_j5_k1_const0,0.1084000021219253,resnet18,cifar,resnet18cifar,2,YES,NO,0.27298023724994935,0.00817274316612743,0.14528787315202313,0.14539347408829176,0.010754100033641021,0.013879779643592119,0.006870903226146307,0.013879779643592119,0.006870903226146307,0.126735563440329,0.048080770080555106,0.8938603796867778,0.09495548961424333,0.14285714285714285
869,mul8_280,0.1005999967455864,resnet18,cifar,resnet18cifar,2,NO,NO,1.0,1.0,1.0,1.0,1.0,0.08954824768233698,0.06551501923607074,0.08954824768233698,0.06551501923607074,1.0,0.16205818598735242,1.0,1.0,0.8571428571428571
870,mul8_164,0.0982000008225441,resnet34,mnist,resnet34mnist,2,NO,NO,0.28294618241939196,1.0,1.0,1.0,1.0,0.07380024463969848,0.036756610588530705,0.07380024463969848,0.036756610588530705,1.0,0.12402291849542883,1.0,1.0,0.4330357142857143
871,ReFAM_new_sta1_j6_k3,0.1134999990463256,resnet18,mnist,resnet18mnist,2,NO,NO,0.35010798682215727,0.24306103992051564,0.2575977052552537,0.25767754318618047,0.28088666693441605,0.006136770575300786,0.0010675975367996306,0.006136770575300786,0.0010675975367996306,0.39813151584716033,0.01908929136585395,0.3499874768117388,0.5222551928783383,0.05793285714285714
872,mul8_120,0.0108000002801418,resnet34,cifar100,resnet34cifar100,2,NO,NO,0.6083559572998871,0.5037498129187578,0.6147708223369632,0.6146833013435701,0.3266429839611843,0.0419898566671545,0.02924830949090699,0.0419898566671545,0.02924830949090699,0.5883928514123672,0.10239351379110609,1.0,0.81973293768546,0.42857142857142855
873,ReFAM_new_sta1_j1_k3,0.9890999794006348,vgg16,mnist,vgg16mnist,0,NO,NO,0.008232737313887361,0.00018265921076096093,0.006341930970921644,0.006238003838771593,0.00021447374753878412,0.0005140324536060866,4.389792503287955e-05,0.0005140324536060866,4.389792503287955e-05,0.01074282508158053,0.003750828541230003,0.2465825950082368,0.013353115727002967,0.052478142857142855
874,mul8_124,0.8338000178337097,vgg16,mnist,vgg16mnist,2,NO,NO,0.8246819627713747,0.3560250091075841,0.5707351620253314,0.5707773512476008,0.30463293658314167,0.03870601137917888,0.028379130575255967,0.03870601137917888,0.028379130575255967,0.5554167687667081,0.10013704519804374,0.996488416559931,0.8167655786350149,0.15178571428571427
875,ReFAM_new2_sta4_j7_k1,0.101000003516674,vgg16,mnist,vgg16mnist,2,NO,NO,1.0,1.0,1.0,1.0,1.0,1.0,1.0,1.0,1.0,1.0,1.0,1.0,1.0,0.2857142857142857
876,mul8_082,0.1000000014901161,vgg16,cifar,vgg16cifar,2,NO,NO,0.9535892970282952,0.2604456306269584,0.5428922641216418,0.5429462571976967,0.2969752613315266,0.032957701181822945,0.024017432743989056,0.032957701181822945,0.024017432743989056,0.5370777276707713,0.09144631948549828,0.9887209854018314,0.6706231454005934,1.0
877,mul8_457,0.1134999990463256,resnet34,mnist,resnet34mnist,2,NO,NO,0.2249920447492638,0.021309848011616946,0.14619862425243255,0.14611324376199616,0.019380347271150934,0.01337387775603604,0.007211551124401453,0.01337387775603604,0.007211551124401453,0.141336258940808,0.049095919695693976,0.9328858923738874,0.19881305637982197,0.14285714285714285
878,mul8_090,0.1562000066041946,vgg16,mnist,vgg16mnist,2,NO,NO,0.3029322389701789,1.0,1.0,1.0,1.0,0.07443533218782691,0.03762227767017909,0.07443533218782691,0.03762227767017909,1.0,0.12538068110567707,1.0,1.0,0.42857142857142855
879,ReFAM_new2_sta4_j1_k7,0.100100003182888,resnet34,cifar,resnet34cifar,2,NO,NO,1.0,1.0,1.0,1.0,1.0,1.0,1.0,1.0,1.0,1.0,1.0,1.0,1.0,0.2857142857142857
880,ReFAM_sta4_j3_k3_const0,0.1032999977469444,resnet34,cifar,resnet34cifar,2,YES,NO,0.24091589192217752,0.005393696023233893,0.12822231344845217,0.1281190019193858,0.007097292231733474,0.014468793984103837,0.009171154497869195,0.014468793984103837,0.009171154497869195,0.10932140437247113,0.05525175710455444,0.947551258529513,0.0712166172106825,0.14285714285714285
881,mul8_248,0.9305999875068665,resnet34,cifar,resnet34cifar,0,NO,NO,0.0,0.0,0.0,0.0,0.0,0.0,0.0,0.0,0.0,0.0,0.0,0.0,0.0,0.0
882,ReFAM_new2_sta4_j6_k3,0.1000000014901161,resnet18,cifar,resnet18cifar,2,NO,NO,1.0,1.0,1.0,1.0,1.0,1.0,1.0,1.0,1.0,1.0,1.0,1.0,1.0,0.2857142857142857
883,mul8_413,0.1018999963998794,resnet34,cifar,resnet34cifar,2,NO,NO,1.0,1.0,1.0,1.0,1.0,0.09031794126840442,0.05873015594298889,0.09031794126840442,0.05873015594298889,1.0,0.1555769035548151,1.0,1.0,1.0
884,ReFAM_new1_sta4_j1_k4,0.1000000014901161,vgg16,cifar,vgg16cifar,2,NO,YES,1.0,1.0,1.0,1.0,1.0,1.0,1.0,1.0,1.0,1.0,1.0,1.0,1.0,1.0
885,mul8_249,0.1024999991059303,resnet34,cifar,resnet34cifar,2,NO,NO,0.2803463706360591,1.0,1.0,1.0,1.0,0.0738038582246096,0.03664598781744784,0.0738038582246096,0.03664598781744784,1.0,0.12388184255626616,1.0,1.0,0.4330357142857143
886,ReFAM_new1_sta3_j5_k2,0.1000000014901161,vgg16,cifar,vgg16cifar,2,NO,YES,0.4748989524221341,0.061215066364354316,0.2598173829400017,0.2598368522072937,0.07609319369657545,1.0,1.0,1.0,1.0,0.2638118526445354,1.0,0.7252045963155355,0.1661721068249258,1.0
887,mul8_393,0.0115999998524785,resnet34,cifar100,resnet34cifar100,2,NO,NO,0.6558456861541464,0.11306763880467735,0.38106041749805153,0.3809980806142035,0.12001670182065986,0.02786435324960657,0.01714652951784275,0.02786435324960657,0.01714652951784275,0.3614105530590208,0.07727229298412187,0.9764472427604772,0.43991097922848665,0.14285714285714285
888,mul8_031,0.1124999970197677,resnet34,mnist,resnet34mnist,2,NO,NO,1.0,1.0,0.7306458509591355,0.7305662188099808,1.0,0.028770459666068615,0.023209710923384076,0.028770459666068615,0.023209710923384076,1.0,0.08904802851973272,0.7945565875024689,0.8100890207715133,0.8401544285714285
889,ReFAM_new2_sta4_j4_k3,0.100100003182888,resnet34,cifar,resnet34cifar,2,NO,NO,1.0,1.0,1.0,1.0,1.0,1.0,1.0,1.0,1.0,1.0,1.0,1.0,1.0,0.2857142857142857
890,ReFAM_new1_sta1_j1_k3,0.2005999982357025,resnet18,cifar,resnet18cifar,2,NO,YES,0.09359322419998263,0.0018183323567625405,0.05246506530489724,0.05254318618042227,0.0020587221569803756,1.0,1.0,1.0,1.0,0.048800007993044923,1.0,0.8988319836119318,0.02225519287833828,1.0
891,ReFAM_new2_sta2_j1_k2,0.988099992275238,vgg16,mnist,vgg16mnist,0,YES,NO,0.038130572822215145,0.0002897867678903523,0.02029417910694926,0.02039347408829175,0.0003813157745167505,0.003087808306547635,0.002470575220850461,0.003087808306547635,0.002470575220850461,0.019706802454517704,0.028115912171643883,0.6999749536234776,0.010385756676557863,0.2857142857142857
892,ReFAM_sta2_j6_k2_const0,0.099200002849102,resnet18,cifar,resnet18cifar,2,YES,NO,1.0,0.22714187450640716,0.9593611941466924,0.9592130518234165,0.29888452268934923,0.057324104237470336,0.03339754136501476,0.057324104237470336,0.03339754136501476,0.7912040633491688,0.11331756865695707,0.9857693819246613,0.47477744807121663,0.14285714285714285
893,mul8_094,0.0104000000283122,resnet34,cifar100,resnet34cifar100,2,NO,NO,0.30591118650549876,0.06765705009808168,0.21680350502759876,0.21689059500959693,0.06379536229376997,0.016201507948983406,0.010456485742831909,0.016201507948983406,0.010456485742831909,0.23062249310352867,0.059136197249541694,0.9520260075057678,0.3353115727002967,1.0
894,mul8_211,0.100100003182888,resnet34,cifar,resnet34cifar,2,NO,NO,1.0,0.26840505422515476,0.5687637817770316,0.5688579654510556,0.30831287897231985,0.036972394018071536,0.026284321592686958,0.036972394018071536,0.026284321592686958,0.555776542410324,0.09629813749902963,0.991952578860451,0.5593471810089021,1.0
895,ReFAM_new2_sta3_j5_k2,0.0998999997973442,resnet34,cifar,resnet34cifar,2,NO,NO,0.4541004581554713,0.07494650090438948,0.24920906204318727,0.2492802303262956,0.09407144025009156,0.034345317787691045,0.055569505340621564,0.034345317787691045,0.055569505340621564,0.2730386249197322,0.13578596466085044,0.617822838630065,0.1661721068249258,0.2857142857142857
896,mul8_468,0.1134999990463256,resnet34,mnist,resnet34mnist,2,NO,NO,0.45756687386658174,0.07032424273303951,0.25904085385035486,0.2591170825335893,0.08293957813734096,0.017655072479479353,0.009910395555422885,0.017655072479479353,0.009910395555422885,0.2690221252588803,0.05794265001821298,0.9599797592697047,0.3590504451038576,1.0
897,mul8_067,0.1085999980568885,resnet34,cifar,resnet34cifar,2,NO,NO,0.4817776245652846,0.08054121581789928,0.282968580271478,0.28286948176583493,0.08834841947271203,0.019472705689770123,0.009761142610311095,0.019472705689770123,0.009761142610311095,0.2858625002077236,0.05793145351510483,0.9679029666720289,0.39243323442136496,0.2857142857142857
898,ReFAM_new2_sta3_j1_k8,0.0099999997764825,resnet34,cifar100,resnet34cifar100,2,NO,NO,1.0,1.0,0.9553211396656033,0.9553742802303264,1.0,0.11472228696561854,0.25292579670344145,0.11472228696561854,0.25292579670344145,1.0,0.29873091369436827,1.0,0.7581602373887241,0.2857142857142857
899,ReFAM_sta3_j4_k5_const1,0.1000000014901161,resnet18,cifar,resnet18cifar,2,NO,YES,0.25868127244161865,0.7940893351336203,0.7525043422901557,0.7523992322456814,0.37112330640852914,1.0,1.0,1.0,1.0,0.6833770698181078,1.0,1.0,0.6706231454005934,1.0
900,ReFAM_new_sta2_j6_k3,0.100100003182888,vgg16,cifar,vgg16cifar,2,NO,NO,0.5641591569832286,0.35722249732504524,0.4769096040291281,0.4769673704414588,0.30104151188247513,0.01488164606019871,0.0016136877242086522,0.01488164606019871,0.0016136877242086522,0.5039994797915871,0.025754196449364934,0.6913064637978045,0.49851632047477745,0.045714285714285714
901,ReFAM_sta3_j1_k1_const1,0.7509999871253967,resnet34,mnist,resnet34mnist,2,YES,YES,0.013865662844441871,1.592234988408529e-05,0.007379701493436096,0.007437619961612285,2.0951416182239038e-05,1.0,1.0,1.0,1.0,0.006202373313371222,1.0,0.8908772137026079,0.002225519287833828,1.0
902,ReFAM_sta4_j4_k2_const0,0.139500007033348,vgg16,cifar,vgg16cifar,2,YES,NO,0.22878343693329087,0.005311695921330854,0.12176507464169557,0.12164107485604606,0.006989392438394943,0.01352745511475842,0.007998201940990653,0.01352745511475842,0.007998201940990653,0.1050487066159438,0.05160169709129778,0.9236889850923152,0.0712166172106825,0.14285714285714285
903,ReFAM_new_sta3_j2_k7,0.4826000034809112,vgg16,mnist,vgg16mnist,2,NO,NO,0.5801913296471145,0.2780475676254044,0.43344215490353566,0.43354126679462573,0.25197166655466635,0.018510588707185794,0.0044881238553616054,0.018510588707185794,0.0044881238553616054,0.4596376608834779,0.040715710336014524,0.6890685802369835,0.5133531157270029,0.06800742857142857
904,mul8_018,0.0104000000283122,resnet34,cifar100,resnet34cifar100,2,NO,NO,0.36955241591808324,1.0,1.0,1.0,1.0,0.07328259860118128,0.03792253947740399,0.07328259860118128,0.03792253947740399,1.0,0.12529708054913624,1.0,1.0,1.0
905,mul8_063,0.0997999981045723,resnet18,cifar,resnet18cifar,2,NO,NO,0.8234903823706805,0.21463440841464346,0.5082670294213053,0.5081573896353168,0.2008780145546615,0.03209947476543317,0.02183482791135429,0.03209947476543317,0.02183482791135429,0.4762908132100031,0.08735810298394273,0.9898236368560486,0.5356083086053413,0.14285714285714285
906,mul8_146,0.1369999945163726,vgg16,mnist,vgg16mnist,2,NO,NO,0.8005253782845736,0.4558731851450844,0.6410815023383765,0.6410748560460653,0.31738179777084674,0.04745992082635459,0.040245617670143966,0.04745992082635459,0.040245617670143966,0.5999504917380628,0.1196144820049802,1.0,0.701780415430267,0.42857142857142855
907,ReFAM_sta1_j2_k8_const1,0.1027999967336654,resnet18,mnist,resnet18mnist,2,NO,YES,1.0,1.0,1.0,1.0,1.0,1.0,1.0,1.0,1.0,1.0,1.0,1.0,1.0,1.0
908,ReFAM_new1_sta2_j1_k5,0.1000000014901161,resnet18,cifar,resnet18cifar,2,YES,YES,0.3241098689888287,0.018450022928183832,0.17250052240906874,0.17250479846449138,0.024277453501169485,1.0,1.0,1.0,1.0,0.1631814093469018,1.0,0.9912999476673271,0.09347181008902077,1.0
909,mul8_140,0.1134999990463256,resnet18,mnist,resnet18mnist,2,NO,NO,1.0,0.2928668967212697,0.6056245679000284,0.6055662188099808,0.3201268077511912,0.03867529590743441,0.024358080642244203,0.03867529590743441,0.024358080642244203,0.5808184803832939,0.09354081200026275,0.9937852405572106,0.6379821958456974,0.14285714285714285
910,mul8_310,0.0125000001862645,resnet34,cifar100,resnet34cifar100,2,NO,NO,1.0,0.26155904325784013,0.6023666695309748,0.6024472168905951,0.2806506629920133,0.03665710873457677,0.02460390902242833,0.03665710873457677,0.02460390902242833,0.5638919598567996,0.09340272179526223,0.9941273374072724,0.766320474777448,0.14285714285714285
911,ReFAM_sta2_j2_k6_const0,0.097300000488758,resnet18,cifar,resnet18cifar,2,YES,NO,1.0,0.2457455481109724,1.0,1.0,0.32336415735667734,0.06578079632570687,0.04582592190032362,0.06578079632570687,0.04582592190032362,0.8485007609295936,0.13226802338426996,0.998197882664853,0.5148367952522255,0.14285714285714285
912,mul8_463,0.1543000042438507,resnet18,mnist,resnet18mnist,2,YES,NO,0.08319397706665123,0.013247395103558964,0.04427820896061657,0.04438579654510557,0.01743157826362288,0.002171764531580022,0.00042844374832090435,0.002171764531580022,0.00042844374832090435,0.093143825767061,0.011807832177854213,0.29430816002801935,0.10682492581602374,0.14285714285714285
913,ReFAM_new1_sta3_j3_k4,0.1000000014901161,vgg16,cifar,vgg16cifar,2,NO,YES,0.5546265137776748,0.06534532392428605,0.301753400101527,0.30182341650671785,0.08115986295589439,1.0,1.0,1.0,1.0,0.2906650917993278,1.0,0.9456870343257536,0.18397626112759644,1.0
914,ReFAM_sta4_j5_k3_const0,0.1000000014901161,resnet34,cifar,resnet34cifar,2,YES,NO,1.0,0.09921534659771228,0.62358477619535,0.6235604606525912,0.1305524645147679,0.052093440078631606,0.04112182025380024,0.052093440078631606,0.04112182025380024,0.51609592519047,0.12206875548628651,0.9911757339301023,0.36795252225519287,0.14285714285714285
915,mul8_256,0.1000000014901161,vgg16,cifar,vgg16cifar,2,NO,NO,1.0,1.0,1.0,1.0,1.0,0.09031794126840442,0.05873015594298889,0.09031794126840442,0.05873015594298889,1.0,0.1555769035548151,1.0,1.0,1.0
916,mul8_104,0.5286999940872192,resnet34,cifar,resnet34cifar,2,NO,NO,0.09131838888956638,0.029553097330140374,0.1353488764212604,0.13531669865642995,0.019242935497350563,0.012316000773307169,0.007113219772327802,0.012316000773307169,0.007113219772327802,0.1351733473616938,0.04858834488812454,0.9451280725082419,0.22255192878338279,0.2857142857142857
917,ReFAM_sta4_j1_k2_const1,0.703000009059906,vgg16,cifar,vgg16cifar,0,YES,YES,0.029464533544438978,7.244669197258808e-05,0.015681865673551704,0.015595009596928982,9.532894362918763e-05,1.0,1.0,1.0,1.0,0.013191980885101902,1.0,0.9545113003956514,0.0051928783382789315,1.0
918,mul8_115,0.101000003516674,resnet18,cifar,resnet18cifar,2,NO,NO,1.0,1.0,1.0,1.0,1.0,0.09031794126840442,0.05873015594298889,0.09031794126840442,0.05873015594298889,1.0,0.1555769035548151,1.0,1.0,1.0
919,mul8_293,0.1000000014901161,vgg16,cifar,vgg16cifar,2,NO,NO,1.0,1.0,1.0,1.0,1.0,0.0872084514523901,0.045990978098447245,0.0872084514523901,0.045990978098447245,1.0,0.14065942924705754,1.0,1.0,0.7539682857142856
920,mul8_290,0.1010999977588653,resnet34,cifar,resnet34cifar,2,NO,NO,1.0,0.5467002024558633,0.8585186359159032,0.8584452975047985,0.6172612925043266,0.04791161894024395,0.03250729144534797,0.04791161894024395,0.03250729144534797,0.816411646945982,0.10900318279261688,0.9946557548631715,1.0,0.14732142857142858
921,mul8_296,0.1134999990463256,resnet18,mnist,resnet18mnist,2,NO,NO,0.15040994768131835,1.0,1.0,1.0,1.0,0.055591390272590774,0.029611784310179228,0.055591390272590774,0.029611784310179228,1.0,0.10726473907669157,0.9886741507140253,0.9903560830860534,0.5714285714285714
922,ReFAM_new_sta1_j1_k7,0.9890000224113464,vgg16,mnist,vgg16mnist,0,NO,NO,0.1902195621471869,0.060303462079331516,0.12811421189112557,0.1281190019193858,0.0717623343855607,0.004946094347088444,0.0008428401606312873,0.004946094347088444,0.0008428401606312873,0.20051446212601853,0.016849244310683555,0.40218779080777617,0.28041543026706234,0.06074242857142857
923,ReFAM_new_sta3_j1_k3,0.9225000143051147,resnet18,cifar,resnet18cifar,0,NO,NO,0.003466415711110468,6.050492955952411e-05,0.0025367723883686576,0.00263915547024952,7.588341467533027e-05,0.00024120679281691587,3.687425702761882e-05,0.00024120679281691587,3.687425702761882e-05,0.006052896226962023,0.003419412049228785,0.1034058999488891,0.005934718100890208,0.063492
924,ReFAM_new2_sta4_j2_k6,0.0089999996125698,resnet34,cifar100,resnet34cifar100,2,NO,NO,1.0,1.0,1.0,1.0,1.0,1.0,1.0,1.0,1.0,1.0,1.0,1.0,1.0,0.2857142857142857
925,mul8_005,0.1141000017523765,vgg16,mnist,vgg16mnist,2,NO,NO,0.5560889113722153,1.0,1.0,1.0,1.0,0.07588618652963952,0.03906564144526017,0.07588618652963952,0.03906564144526017,1.0,0.12777822563790212,1.0,1.0,0.42857142857142855
926,ReFAM_sta3_j1_k4_const0,0.1084000021219253,resnet34,cifar,resnet34cifar,2,YES,NO,0.1386566284444187,0.0021431482943978803,0.07379701493436096,0.07389635316698658,0.0028200606181293746,0.008603042277136668,0.004760290990565458,0.008603042277136668,0.004760290990565458,0.06452796157980865,0.039506488000334405,0.9067857353758687,0.04821958456973294,0.14285714285714285
927,mul8_054,0.1134999990463256,resnet18,mnist,resnet18mnist,2,NO,NO,0.6893834245470942,0.4138723771940998,0.5683863284948961,0.5683781190019194,0.31260880633911775,0.04025443251359159,0.032703954149495264,0.04025443251359159,0.032703954149495264,0.5572563357894631,0.10716098481455605,0.9960221059726445,0.7989614243323442,0.29017857142857145
928,ReFAM_new_sta1_j1_k8,0.9886999726295472,vgg16,mnist,vgg16mnist,0,NO,NO,0.3843388419693731,0.25477904356354925,0.27317507435565835,0.2732725527831094,0.2948943713694238,0.007339190954474249,0.001343276506006114,0.007339190954474249,0.001343276506006114,0.41119618404975594,0.021522664708025056,0.4459354618002032,0.5652818991097923,0.06098442857142857
929,mul8_120,0.1134999990463256,resnet18,mnist,resnet18mnist,2,NO,NO,0.6083559572998871,0.5037498129187578,0.6147708223369632,0.6146833013435701,0.3266429839611843,0.0419898566671545,0.02924830949090699,0.0419898566671545,0.02924830949090699,0.5883928514123672,0.10239351379110609,1.0,0.81973293768546,0.42857142857142855
930,ReFAM_sta1_j4_k6_const0,0.1134999990463256,resnet18,mnist,resnet18mnist,2,YES,NO,1.0,1.0,1.0,1.0,1.0,0.09637521297566069,0.056623055541410665,0.09637521297566069,0.056623055541410665,1.0,0.1559098129138974,0.9490428415215979,1.0,0.14285714285714285
931,ReFAM_sta1_j3_k7_const0,0.101000003516674,vgg16,mnist,vgg16mnist,2,YES,NO,1.0,1.0,1.0,1.0,1.0,0.09772308014750654,0.05828590894165615,0.09772308014750654,0.05828590894165615,1.0,0.1581588171715543,0.9530197174035663,1.0,0.14285714285714285
932,mul8_409,0.1023000031709671,resnet34,cifar,resnet34cifar,2,NO,NO,1.0,1.0,1.0,1.0,1.0,0.09031794126840442,0.05873015594298889,0.09031794126840442,0.05873015594298889,1.0,0.1555769035548151,1.0,1.0,1.0
933,ReFAM_new2_sta3_j2_k6,0.1010999977588653,resnet34,cifar,resnet34cifar,2,NO,NO,0.9012680848887216,0.31426897307212187,0.5264343195202343,0.5263915547024953,0.35562120475319103,0.07091660388062883,0.1489228327155432,0.07091660388062883,0.1489228327155432,0.5519232385949165,0.22513853806512485,0.9618134391118514,0.3768545994065282,0.2857142857142857
934,mul8_269,0.1134999990463256,resnet18,mnist,resnet18mnist,2,NO,NO,1.0,0.5860835308001936,0.8040382737591187,0.8039827255278311,0.6092581138009195,0.047379518562082286,0.03264776480545317,0.047379518562082286,0.03264776480545317,0.783761041046351,0.10904946167213056,0.9971726102600547,1.0,0.14285714285714285
935,ReFAM_sta4_j1_k1_const0,0.9314000010490416,resnet34,cifar,resnet34cifar,0,YES,NO,0.006932831422220936,1.592234988408529e-05,0.003689850746718048,0.003598848368522073,2.0951416182239038e-05,0.0005989516990172855,0.00019315087014467003,0.0005989516990172855,0.00019315087014467003,0.004060406186414293,0.007856213014218065,0.5090726935443474,0.002225519287833828,0.14285714285714285
936,ReFAM_sta1_j2_k7_const0,0.1134999990463256,resnet34,mnist,resnet34mnist,2,YES,NO,1.0,1.0,1.0,1.0,1.0,0.06073894197847387,0.04096729955768451,0.06073894197847387,0.04096729955768451,1.0,0.12457005428064707,0.9182195080728748,1.0,0.14285714285714285
937,mul8_362,0.6241000294685364,resnet34,mnist,resnet34mnist,2,NO,NO,0.04458948282124448,0.004386647377270527,0.05364877311429513,0.053742802303262956,0.0029222298471582716,0.005379724536422226,0.0026970885140201193,0.005379724536422226,0.0026970885140201193,0.053165253234310456,0.029587879113595242,0.8962835657080489,0.06676557863501484,0.7142857142857143
938,mul8_165,0.9714999794960022,resnet18,mnist,resnet18mnist,0,YES,NO,0.030981090418049806,0.0008777070924515322,0.016489020524396276,0.016554702495201537,0.0011549304414190389,0.0014463373606737166,0.0003107973092327872,0.0014463373606737166,0.0003107973092327872,0.025519257668745018,0.010001463009739465,0.4046730836976597,0.02967359050445104,0.14285714285714285
939,ReFAM_new_sta2_j2_k6,0.1326999962329864,resnet18,cifar,resnet18cifar,2,NO,NO,0.28511269223883595,0.08703454990701348,0.23268400643639853,0.23272552783109407,0.07621903001406873,0.008627433975286692,0.0008112336546076141,0.008627433975286692,0.0008112336546076141,0.24991938401884056,0.017562088341902392,0.653352040057912,0.2314540059347181,0.046083
940,ReFAM_new1_sta1_j4_k4,0.1027999967336654,resnet18,mnist,resnet18mnist,2,NO,YES,1.0,0.5021495172343515,0.7990833023361272,0.7989443378119002,0.5552072255063037,1.0,1.0,1.0,1.0,0.7657523708393656,1.0,0.8411632107418411,0.36795252225519287,1.0
941,ReFAM_sta1_j8_k2_const1,0.1009000018239021,resnet34,mnist,resnet34mnist,2,NO,YES,1.0,1.0,1.0,1.0,1.0,1.0,1.0,1.0,1.0,1.0,1.0,0.9296542989152679,1.0,1.0
942,ReFAM_new2_sta1_j1_k7,0.1015999987721443,resnet34,cifar,resnet34cifar,2,NO,NO,0.33624232397771536,0.29053511833490436,0.3434660078698908,0.3435700575815739,0.27649788175134143,0.020334545691071012,0.030447600802805255,0.020334545691071012,0.030447600802805255,0.42938035583986794,0.09971680311471787,0.6005469477019441,0.37833827893175076,0.2857142857142857
943,ReFAM_new1_sta1_j1_k8,0.1000000014901161,vgg16,cifar,vgg16cifar,2,NO,YES,1.0,1.0,1.0,1.0,1.0,1.0,1.0,1.0,1.0,1.0,1.0,0.9818535947659182,0.7581602373887241,1.0
944,mul8_420,0.0970000028610229,resnet18,cifar,resnet18cifar,2,NO,NO,1.0,1.0,1.0,1.0,1.0,0.061211418205602136,0.046199932221603755,0.061211418205602136,0.046199932221603755,1.0,0.13121555209210392,1.0,1.0,0.14285714285714285
945,ReFAM_new1_sta3_j3_k6,0.1027999967336654,resnet18,mnist,resnet18mnist,2,NO,YES,1.0,1.0,0.972558535718449,0.9724088291746642,1.0,1.0,1.0,1.0,1.0,0.9922209005840702,1.0,0.974148270476431,0.7537091988130564,1.0
946,mul8_250,0.1089999973773956,resnet18,mnist,resnet18mnist,2,NO,NO,0.3394920887068814,1.0,1.0,1.0,1.0,0.07523574124563884,0.03901647576922334,0.07523574124563884,0.03901647576922334,1.0,0.12745501991484684,1.0,1.0,0.4330357142857143
947,mul8_157,0.7053999900817871,vgg16,cifar,vgg16cifar,0,NO,NO,0.019986056550787,0.0007698697169643084,0.015480078805765931,0.015595009596928982,0.0008573211057242055,0.0014427237757626016,0.00031255322623410233,0.0014427237757626016,0.00031255322623410233,0.02244473975989178,0.010031320351361195,0.4658218775008196,0.02967359050445104,0.14285714285714285
948,ReFAM_sta4_j4_k3_const0,0.3075999915599823,vgg16,mnist,vgg16mnist,2,YES,NO,0.533828019511012,0.02314472779150638,0.2841185074972897,0.2840690978886756,0.030454978562502667,0.027911329853451062,0.019980579557965453,0.027911329853451062,0.019980579557965453,0.23824125519996933,0.08289443041149389,0.9746451254253302,0.1661721068249258,0.14285714285714285
949,ReFAM_sta4_j1_k1_const0,0.9223999977111816,resnet18,cifar,resnet18cifar,0,YES,NO,0.006932831422220936,1.592234988408529e-05,0.003689850746718048,0.003598848368522073,2.0951416182239038e-05,0.0005989516990172855,0.00019315087014467003,0.0005989516990172855,0.00019315087014467003,0.004060406186414293,0.007856213014218065,0.5090726935443474,0.002225519287833828,0.14285714285714285
950,mul8_192,0.1134999990463256,resnet18,mnist,resnet18mnist,2,NO,NO,0.055462651377767486,0.001630448628130334,0.036206660452170844,0.036228406909788874,0.0016042892251696681,0.003929773590837394,0.0014942853681192197,0.003929773590837394,0.0014942853681192197,0.037508424429245416,0.02201381797770254,0.7556552885525841,0.037091988130563795,0.2857142857142857
951,ReFAM_sta4_j1_k7_const1,0.0979999974370002,vgg16,mnist,vgg16mnist,2,NO,YES,0.5494268902110091,0.10106472753674878,0.3614531299365591,0.3613243761996161,0.07741691104303383,1.0,1.0,1.0,1.0,0.3227363129263445,1.0,1.0,0.1913946587537092,1.0
952,mul8_319,0.1022000014781951,vgg16,cifar,vgg16cifar,2,NO,NO,0.7114818247054235,0.2360446574147199,0.4052196599144268,0.4052303262955854,0.2849789015993252,0.024581411357858733,0.014040312342516193,0.024581411357858733,0.014040312342516193,0.4614737928025992,0.06976839660104023,0.9653861112751457,0.701780415430267,0.2857142857142857
953,ReFAM_new2_sta4_j2_k7,0.1027999967336654,resnet18,mnist,resnet18mnist,2,NO,NO,1.0,1.0,1.0,1.0,1.0,1.0,1.0,1.0,1.0,1.0,1.0,1.0,1.0,0.2857142857142857
954,mul8_310,0.1686999946832656,vgg16,mnist,vgg16mnist,2,NO,NO,1.0,0.26155904325784013,0.6023666695309748,0.6024472168905951,0.2806506629920133,0.03665710873457677,0.02460390902242833,0.03665710873457677,0.02460390902242833,0.5638919598567996,0.09340272179526223,0.9941273374072724,0.766320474777448,0.14285714285714285
955,mul8_197,0.1000000014901161,vgg16,cifar,vgg16cifar,2,NO,NO,0.12896150046882232,1.0,1.0,1.0,1.0,0.07896676766636493,0.044003280052958456,0.07896676766636493,0.044003280052958456,1.0,0.13498056287060425,1.0,1.0,0.42857142857142855
956,mul8_306,0.1134999990463256,resnet18,mnist,resnet18mnist,2,NO,NO,0.8219738254970697,0.26567331438361397,0.5372103109248304,0.5371880998080615,0.22991543741139062,1.0,1.0,1.0,1.0,0.5057991817464039,1.0,0.993318929969924,0.5007418397626113,1.0
957,mul8_334,0.1027000024914741,resnet34,cifar,resnet34cifar,2,NO,NO,1.0,0.74585919388327,0.8851968619501972,0.8850767754318618,0.8606227605057118,0.048418424224027805,0.03330798959794769,0.048418424224027805,0.03330798959794769,0.8932834653013617,0.11031466652335142,0.9995021269057137,1.0,0.14285714285714285
958,ReFAM_new1_sta3_j1_k5,0.1022000014781951,vgg16,cifar,vgg16cifar,2,NO,YES,0.337108927905493,0.01757966747764502,0.18094682322890338,0.1809021113243762,0.022454392823123538,1.0,1.0,1.0,1.0,0.1656437831260287,1.0,1.0,0.09347181008902077,1.0
959,mul8_236,0.101000003516674,vgg16,mnist,vgg16mnist,2,NO,NO,1.0,1.0,1.0,1.0,1.0,0.06325490047283758,0.043460701699552066,0.06325490047283758,0.043460701699552066,1.0,0.1285373485486346,1.0,1.0,0.2857142857142857
960,ReFAM_new_sta3_j1_k5,0.984499990940094,resnet34,mnist,resnet34mnist,0,NO,NO,0.01689877659166353,0.002369992026087178,0.02656404360293676,0.02663147792706334,0.002349428939666606,0.0019450120784075652,0.00034240381525646045,0.0019450120784075652,0.00034240381525646045,0.037508424429245416,0.010555316696822583,0.33606739307946215,0.03857566765578635,0.063492
961,mul8_082,0.1134999990463256,resnet34,mnist,resnet34mnist,2,NO,NO,0.9535892970282952,0.2604456306269584,0.5428922641216418,0.5429462571976967,0.2969752613315266,0.032957701181822945,0.024017432743989056,0.032957701181822945,0.024017432743989056,0.5370777276707713,0.09144631948549828,0.9887209854018314,0.6706231454005934,1.0
962,mul8_245,0.0957000032067298,resnet34,cifar,resnet34cifar,2,NO,NO,0.5580116836373483,0.1574520361501032,0.3830713234275502,0.3831573896353167,0.13511494506714275,0.02898004759091328,0.019385323694519608,0.02898004759091328,0.019385323694519608,0.37154423059064057,0.08200244233054466,0.9925115406779627,0.4970326409495549,0.22321428571428573
963,ReFAM_new2_sta2_j5_k1,0.1437000036239624,resnet18,cifar,resnet18cifar,2,YES,NO,0.16985436984441293,0.012938501515807709,0.09040134329459217,0.0904510556621881,0.01702512078968744,0.010683563789711038,0.011431019678561834,0.010683563789711038,0.011431019678561834,0.10881753774104916,0.06087016236422373,0.4474270447922881,0.0712166172106825,0.2857142857142857
964,mul8_069,0.0982000008225441,resnet18,cifar,resnet18cifar,2,NO,NO,1.0,1.0,0.9993272959306645,0.9992802303262956,0.9731112683855482,0.05683446348201428,0.06664582978491773,0.05683446348201428,0.06664582978491773,0.981268496283709,0.1528158458883455,1.0,1.0,0.8571428571428571
965,ReFAM_new_sta3_j2_k3,0.9918000102043152,resnet34,mnist,resnet34mnist,0,NO,NO,0.0028164627652772552,0.00043417013986192136,0.009166972948877649,0.009117082533589253,0.00047061709627710564,0.0007651766049285684,0.00012115827309074755,0.0007651766049285684,0.00012115827309074755,0.015841945430041124,0.006243170133104029,0.21078765763435955,0.01483679525222552,0.063492
966,ReFAM_sta2_j2_k8_const1,0.1009000018239021,resnet34,mnist,resnet34mnist,2,NO,YES,0.034664157111104675,1.0,1.0,1.0,1.0,1.0,1.0,1.0,1.0,1.0,1.0,1.0,1.0,1.0
967,ReFAM_new_sta2_j4_k3,0.6353999972343445,vgg16,cifar,vgg16cifar,2,NO,NO,0.05762916119721153,0.01669811662802843,0.08601964553286448,0.08613243761996162,0.014021146025573633,0.003941517741798517,0.0003230887282419935,0.003941517741798517,0.0003230887282419935,0.10055826281032638,0.010635931519201256,0.5241117190570345,0.08902077151335312,0.04444442857142857
968,ReFAM_sta2_j4_k6_const0,0.1134999990463256,resnet34,mnist,resnet34mnist,2,YES,NO,1.0,1.0,1.0,1.0,1.0,0.17491919120742516,0.11941464750844157,0.17491919120742516,0.11941464750844157,1.0,0.24244385326908033,1.0,1.0,0.14285714285714285
969,ReFAM_new1_sta3_j1_k7,0.1027999967336654,resnet18,mnist,resnet18mnist,2,NO,YES,0.9601971519775996,0.26814192545792676,0.5531235818981118,0.5530230326295587,0.2977074716924416,1.0,1.0,1.0,1.0,0.542961992521874,1.0,1.0,0.37833827893175076,1.0
970,ReFAM_sta4_j4_k6_const0,0.1134999990463256,resnet34,mnist,resnet34mnist,2,YES,NO,1.0,1.0,1.0,1.0,1.0,0.16289589081191833,0.13321966697278154,0.16289589081191833,0.13321966697278154,1.0,0.2457371180499573,1.0,1.0,0.14285714285714285
971,mul8_332,0.1000000014901161,resnet18,cifar,resnet18cifar,2,NO,NO,1.0,0.3139761699997452,0.6260998153628206,0.6259596928982726,0.32695755144018157,1.0,1.0,1.0,1.0,0.5949029331342947,1.0,0.9963020959540939,0.7655786350148368,1.0
972,ReFAM_new2_sta3_j4_k3,0.1015999987721443,resnet34,mnist,resnet34mnist,2,NO,NO,0.49743065454435215,0.07678314396351871,0.2722129752922576,0.27231285988483683,0.09609961916438335,0.037666202321005586,0.06445268945027507,0.037666202321005586,0.06445268945027507,0.2861682298449984,0.14635546359494336,0.7475763049060354,0.17804154302670624,0.2857142857142857
973,ReFAM_sta4_j3_k4_const0,0.1155000030994415,resnet18,cifar,resnet18cifar,2,YES,NO,0.5459604744998987,0.023328630932667568,0.29057574630404626,0.2905470249520154,0.030696967419407528,0.02885266872279648,0.02150471551510703,0.02885266872279648,0.02150471551510703,0.2426146970478565,0.08597496163331601,0.98061145739367,0.1661721068249258,0.14285714285714285
974,mul8_459,0.7617999911308289,resnet34,cifar,resnet34cifar,2,YES,NO,0.04495507875346388,0.0013022460831019285,0.023926375935749842,0.023992322456813823,0.0017135598612884368,0.0021753781164911366,0.0005355546854011304,0.0021753781164911366,0.0005355546854011304,0.03251495584975532,0.013152158984372667,0.5249812152176082,0.03560830860534125,0.14285714285714285
975,mul8_030,0.132200002670288,resnet34,mnist,resnet34mnist,2,NO,NO,0.18761975036385406,0.029379074134461062,0.14965065304897238,0.14971209213051823,0.023363544212644683,0.013281731340802612,0.007046494926277825,0.013281731340802612,0.007046494926277825,0.14922107779914473,0.048539080274448684,0.9417101584437853,0.19881305637982197,0.21428571428571427
976,ReFAM_new_sta1_j2_k3,0.5800999999046326,resnet34,cifar100,resnet34cifar100,2,NO,NO,0.020365192302773998,0.0008581649045932795,0.014471133397284843,0.014395393474088292,0.0010160413748830923,0.0010244513223010585,0.00010535502007891092,0.0010244513223010585,0.00010535502007891092,0.023598533954073433,0.0058654747615891276,0.2982850359099878,0.03115727002967359,0.05714285714285715
977,mul8_152,0.1032000035047531,vgg16,cifar,vgg16cifar,2,NO,NO,0.32064345327771826,0.2427959327949456,0.2967703895027112,0.29678502879078694,0.24691164893419584,0.01580853058989967,0.008187840977132693,0.01580853058989967,0.008187840977132693,0.39413604367647914,0.05261983244059882,0.7480731598549346,0.39317507418397624,0.2857142857142857
978,ReFAM_new1_sta4_j1_k5,0.101000003516674,vgg16,mnist,vgg16mnist,2,NO,YES,1.0,1.0,1.0,1.0,1.0,1.0,1.0,1.0,1.0,1.0,1.0,1.0,1.0,1.0
979,ReFAM_new2_sta1_j2_k6,0.7027999758720398,vgg16,cifar,vgg16cifar,0,NO,NO,0.3327759082666049,0.289532010292207,0.3420751075613632,0.34213051823416507,0.2755430754995625,0.02005539625668739,0.02979264376131469,0.02005539625668739,0.02979264376131469,0.4282953368056718,0.09862999587968686,0.5901068849027367,0.3768545994065282,0.2857142857142857
980,mul8_284,0.1024999991059303,resnet34,cifar,resnet34cifar,2,NO,NO,1.0,1.0,1.0,1.0,1.0,0.09031794126840442,0.05873015594298889,0.09031794126840442,0.05873015594298889,1.0,0.1555769035548151,1.0,1.0,1.0
981,ReFAM_sta3_j3_k3_const0,0.1134999990463256,resnet34,mnist,resnet34mnist,2,YES,NO,0.32151005720549586,0.009379657287341095,0.17111682837904946,0.17106525911708254,0.01234221738025474,0.017190726818401097,0.010437170655817441,0.017190726818401097,0.010437170655817441,0.1454459449236381,0.05927354102100165,0.9510312794625821,0.10682492581602374,0.14285714285714285
982,ReFAM_sta1_j2_k1_const0,0.989400029182434,vgg16,mnist,vgg16mnist,0,YES,NO,0.027731325688883743,0.0001846992586553894,0.014759402986872191,0.01487523992322457,0.00024303642771397285,0.0018817743424630556,0.0005970117804471619,0.0018817743424630556,0.0005970117804471619,0.014949552065328449,0.013853806512483354,0.6840664319502168,0.011869436201780416,0.14285714285714285
983,ReFAM_sta2_j1_k4_const1,0.1380999982357025,resnet18,mnist,resnet18mnist,2,NO,YES,0.06759510636665413,0.0024416923547244795,0.052119141797392424,0.05206333973128599,0.0014621469568180069,1.0,1.0,1.0,1.0,0.045838450584297724,1.0,1.0,0.022997032640949554,1.0
984,ReFAM_new_sta1_j5_k1,0.8569999933242798,resnet18,cifar,resnet18cifar,1,NO,NO,0.029464533544438978,0.002674158663032125,0.02398402985366731,0.023992322456813823,0.0031133804446807213,0.001279209058534655,0.0001264260240946931,0.001279209058534655,0.0001264260240946931,0.040873859613605415,0.006431271385320937,0.23067407333497592,0.04747774480712166,0.04664728571428572
985,mul8_157,0.989300012588501,vgg16,mnist,vgg16mnist,0,NO,NO,0.019986056550787,0.0007698697169643084,0.015480078805765931,0.015595009596928982,0.0008573211057242055,0.0014427237757626016,0.00031255322623410233,0.0014427237757626016,0.00031255322623410233,0.02244473975989178,0.010031320351361195,0.4658218775008196,0.02967359050445104,0.14285714285714285
986,ReFAM_new1_sta1_j1_k6,0.1000000014901161,resnet18,cifar,resnet18cifar,2,NO,YES,0.7244808836220877,0.12771953736020178,0.41287411876401575,0.4129078694817659,0.14123959545848513,1.0,1.0,1.0,1.0,0.3917771831857313,1.0,0.9604766142186039,0.1884272997032641,1.0
987,mul8_277,0.100100003182888,vgg16,cifar,vgg16cifar,2,NO,NO,0.4618051078342652,0.09749355976613253,0.2945718841815479,0.2946257197696737,0.09583327440349455,0.020148446068148595,0.00893586161969296,0.020148446068148595,0.00893586161969296,0.2976511099719897,0.05578844282020506,0.8699349812355806,0.4035608308605341,0.5079365714285714
988,mul8_461,0.101000003516674,vgg16,mnist,vgg16mnist,2,NO,NO,1.0,1.0,1.0,1.0,1.0,0.07353735633741487,0.0565686221143699,0.07353735633741487,0.0565686221143699,1.0,0.14710936147089207,1.0,1.0,1.0
989,ReFAM_sta4_j1_k8_const0,0.1000000014901161,vgg16,cifar,vgg16cifar,2,YES,NO,1.0,0.4374426670955086,1.0,1.0,0.5756087161071173,0.09748368014714517,0.08457198645134442,0.09748368014714517,0.08457198645134442,1.0,0.18254554737464396,1.0,0.8553412462908012,0.14285714285714285
990,ReFAM_sta3_j7_k2_const1,0.0979999974370002,vgg16,mnist,vgg16mnist,2,NO,YES,0.339275437724937,0.730200508164981,0.723484603389308,0.7233685220729367,0.35659143974517454,1.0,1.0,1.0,1.0,0.661512599999379,1.0,0.90829259054876,0.6646884272997032,1.0
991,ReFAM_sta4_j5_k1_const1,0.4797999858856201,vgg16,cifar,vgg16cifar,2,NO,YES,0.13172379702219777,0.005209792882072708,0.08152263993530187,0.081573896353167,0.0047243970354974435,1.0,1.0,1.0,1.0,0.07511446643708715,1.0,0.771563810225845,0.03560830860534125,1.0
992,mul8_135,0.278899997472763,vgg16,mnist,vgg16mnist,2,NO,NO,0.8206739196054033,0.2675780752426566,0.537224273320056,0.5371880998080615,0.23165872049369943,1.0,1.0,1.0,1.0,0.5065599692258025,1.0,0.9959294547424195,0.4992581602373887,1.0
993,ReFAM_sta2_j7_k3_const0,0.1000000014901161,vgg16,cifar,vgg16cifar,2,YES,NO,1.0,1.0,1.0,1.0,1.0,0.15903838891930322,0.09643496171222979,0.15903838891930322,0.09643496171222979,1.0,0.2187848957680204,1.0,1.0,0.14285714285714285
994,mul8_117,0.0093999998643994,resnet34,cifar100,resnet34cifar100,2,NO,NO,0.32990528622225723,1.0,1.0,1.0,1.0,0.07343707935613143,0.03612974821906118,0.07343707935613143,0.03612974821906118,1.0,0.12306972286415506,1.0,1.0,0.42857142857142855
995,mul8_317,0.2574999928474426,resnet18,mnist,resnet18mnist,2,NO,NO,0.1370046664403005,0.013788244796576057,0.09708919777301862,0.09716890595009597,0.013084374233249247,0.008541611333647715,0.004240539558176165,0.008541611333647715,0.004240539558176165,0.10389088720576269,0.03735153436878594,0.963770314545836,0.14614243323442136,0.42857142857142855
996,ReFAM_new_sta2_j2_k2,0.6833999752998352,resnet34,cifar100,resnet34cifar100,0,YES,NO,0.006066227494443318,7.94127200468754e-05,0.0032286194033782916,0.0031190019193857964,0.00010449518820891721,0.00023578641545024363,1.4047336010521454e-05,0.00023578641545024363,1.4047336010521454e-05,0.007161882485407868,0.0021303213247105333,0.11135965171282598,0.005934718100890208,0.031746
997,ReFAM_sta2_j6_k2_const0,0.1000000014901161,vgg16,cifar,vgg16cifar,2,YES,NO,1.0,0.22714187450640716,0.9593611941466924,0.9592130518234165,0.29888452268934923,0.057324104237470336,0.03339754136501476,0.057324104237470336,0.03339754136501476,0.7912040633491688,0.11331756865695707,0.9857693819246613,0.47477744807121663,0.14285714285714285
998,ReFAM_new1_sta2_j2_k5,0.1000000014901161,vgg16,cifar,vgg16cifar,2,NO,YES,0.48183178384435504,0.08136639237765267,0.29164234563044483,0.2917466410748561,0.08331668547631428,1.0,1.0,1.0,1.0,0.28670544323896063,1.0,0.9644545082459596,0.18694362017804153,1.0
999,ReFAM_new2_sta1_j7_k1,0.0306000001728534,resnet34,cifar100,resnet34cifar100,2,NO,NO,0.24958193119995367,0.2247981046034698,0.26566925376369943,0.265595009596929,0.23063318933408733,0.012531009075518504,0.015272966077439451,0.012531009075518504,0.015272966077439451,0.372575303068244,0.07037972567074517,0.3261252033745411,0.28486646884273,0.2857142857142857
1000,ReFAM_new2_sta4_j6_k2,0.1027999967336654,resnet18,mnist,resnet18mnist,2,NO,NO,1.0,1.0,1.0,1.0,1.0,1.0,1.0,1.0,1.0,1.0,1.0,1.0,1.0,0.2857142857142857
1001,ReFAM_sta1_j4_k4_const0,0.0992999970912933,resnet18,cifar,resnet18cifar,2,YES,NO,1.0,0.29434692889715436,0.6863122388895568,0.6861804222648753,0.3873162601113438,0.03656947930048223,0.023376523038509015,0.03656947930048223,0.023376523038509015,0.6502512285645439,0.09127090760347062,0.8729802540883628,0.5519287833827893,0.14285714285714285
1002,ReFAM_new1_sta1_j4_k1,0.1009000018239021,resnet34,mnist,resnet34mnist,2,NO,YES,0.13519021273330825,0.005856240287366571,0.077486865681079,0.07749520153550864,0.006687692045370701,1.0,1.0,1.0,1.0,0.07845449972034493,1.0,0.6124785934932364,0.03560830860534125,1.0
1003,ReFAM_sta3_j7_k2_const1,0.1027999967336654,resnet18,mnist,resnet18mnist,2,NO,YES,0.339275437724937,0.730200508164981,0.723484603389308,0.7233685220729367,0.35659143974517454,1.0,1.0,1.0,1.0,0.661512599999379,1.0,0.90829259054876,0.6646884272997032,1.0
1004,ReFAM_new1_sta1_j6_k1,0.1009000018239021,resnet34,mnist,resnet34mnist,2,NO,YES,0.540760850933233,0.09369984459786514,0.309947462724316,0.30998080614203455,0.10700307272593122,1.0,1.0,1.0,1.0,0.31381800429525464,1.0,0.6124785934932364,0.142433234421365,1.0
1005,ReFAM_sta2_j6_k4_const1,0.1009000018239021,resnet34,mnist,resnet34mnist,2,NO,YES,0.027731325688883743,1.0,1.0,1.0,1.0,1.0,1.0,1.0,1.0,1.0,1.0,0.9905536470985911,1.0,1.0
1006,mul8_489,0.1134999990463256,resnet18,mnist,resnet18mnist,2,NO,NO,0.4965369709770393,0.1689863496802792,0.3529820591486617,0.35292706333973134,0.1549503179605265,0.02416946267799164,0.015975332877965525,0.02416946267799164,0.015975332877965525,0.3671471815411856,0.07394693156100153,0.9830662059219408,0.46958456973293766,0.7142857142857143
1007,ReFAM_new2_sta2_j3_k6,0.1039000004529953,resnet34,mnist,resnet34mnist,2,NO,NO,0.8856692141887245,1.0,0.8444172993604545,0.8442898272552783,0.9482829405222618,0.06970695633163312,0.12091068879356212,0.06970695633163312,0.12091068879356212,0.8934862067961243,0.2041645020093991,0.8923840688754991,0.7537091988130564,0.2857142857142857
1008,ReFAM_new_sta3_j6_k1,0.9319000244140624,resnet34,mnist,resnet34mnist,1,NO,NO,0.027839651179855943,0.01117589427559677,0.06189148272932887,0.06190019193857965,0.010260357602238607,0.0037310264207260774,0.0007269496385444853,0.0037310264207260774,0.0007269496385444853,0.0809143398060115,0.01549819960230021,0.357071732415102,0.0712166172106825,0.063492
1009,ReFAM_new1_sta2_j3_k2,0.9205999970436096,vgg16,mnist,vgg16mnist,1,YES,YES,0.15598870699997106,0.004607928056454284,0.08302164180115608,0.08301343570057582,0.006063339843139978,1.0,1.0,1.0,1.0,0.0797513582660987,1.0,0.8113346053363036,0.04154302670623145,1.0
1010,ReFAM_sta4_j3_k6_const0,0.1001999974250793,resnet18,cifar,resnet18cifar,2,YES,NO,1.0,0.4362357529742949,1.0,1.0,0.5740205987605036,0.09688382505190012,0.08315847326528569,0.09688382505190012,0.08315847326528569,1.0,0.18109298770474672,1.0,0.8545994065281899,0.14285714285714285
1011,mul8_393,0.1134999990463256,resnet34,mnist,resnet34mnist,2,NO,NO,0.6558456861541464,0.11306763880467735,0.38106041749805153,0.3809980806142035,0.12001670182065986,0.02786435324960657,0.01714652951784275,0.02786435324960657,0.01714652951784275,0.3614105530590208,0.07727229298412187,0.9764472427604772,0.43991097922848665,0.14285714285714285
1012,ReFAM_new_sta3_j3_k5,0.2160000056028366,vgg16,cifar,vgg16cifar,2,NO,NO,0.20798494266662806,0.059711996535296664,0.1783514929091843,0.1782629558541267,0.054497327791841375,0.009270652089465134,0.002043887389530872,0.009270652089465134,0.002043887389530872,0.2023469694558841,0.026588709147692326,0.5832710567738232,0.228486646884273,0.06762471428571429
1013,mul8_120,0.1134999990463256,resnet34,mnist,resnet34mnist,2,NO,NO,0.6083559572998871,0.5037498129187578,0.6147708223369632,0.6146833013435701,0.3266429839611843,0.0419898566671545,0.02924830949090699,0.0419898566671545,0.02924830949090699,0.5883928514123672,0.10239351379110609,1.0,0.81973293768546,0.42857142857142855
1014,ReFAM_sta4_j7_k2_const1,0.1000000014901161,resnet18,cifar,resnet18cifar,2,NO,YES,0.6982661148068149,0.4185378620487606,0.6196787223339788,0.619721689059501,0.24802594993680369,1.0,1.0,1.0,1.0,0.5613355524842703,1.0,0.8937514381303593,0.47477744807121663,1.0
1015,ReFAM_new_sta3_j3_k2,0.6894000172615051,resnet34,cifar100,resnet34cifar100,0,NO,NO,0.0028164627652772552,0.00043417013986192136,0.009166972948877649,0.009117082533589253,0.00047061709627710564,0.0007651766049285684,0.00012115827309074755,0.0007651766049285684,0.00012115827309074755,0.015841945430041124,0.006243170133104029,0.21078765763435955,0.01483679525222552,0.063492
1016,mul8_099,0.1041999980807304,resnet18,cifar,resnet18cifar,2,NO,NO,0.9770974121951874,0.5338846641148447,0.715238853337259,0.71521113243762,0.4056669129418313,0.053278695929477274,0.04351162329259021,0.053278695929477274,0.04351162329259021,0.6728065061155172,0.12547547816532606,1.0,0.8019287833827893,0.21428571428571427
1017,ReFAM_new_sta2_j2_k1,0.9922999739646912,resnet34,mnist,resnet34mnist,0,NO,NO,0.0,0.0,0.0,0.0,0.0,0.0,0.0,0.0,0.0,0.0,0.0,0.0,0.0,0.0
1018,mul8_192,0.9157000184059144,resnet34,mnist,resnet34mnist,1,NO,NO,0.055462651377767486,0.001630448628130334,0.036206660452170844,0.036228406909788874,0.0016042892251696681,0.003929773590837394,0.0014942853681192197,0.003929773590837394,0.0014942853681192197,0.037508424429245416,0.02201381797770254,0.7556552885525841,0.037091988130563795,0.2857142857142857
1019,ReFAM_sta2_j1_k7_const1,0.1005999967455864,resnet34,mnist,resnet34mnist,2,NO,YES,0.18198682483329956,0.24609185922095125,0.42315588417989486,0.42322456813819576,0.1149312779262871,1.0,1.0,1.0,1.0,0.3829024995587083,1.0,1.0,0.3264094955489614,1.0
1020,mul8_150,0.0104999998584389,resnet34,cifar100,resnet34cifar100,2,NO,NO,0.5840368880430434,0.0889692639161338,0.32533430269156316,0.32533589251439543,0.1057193465711026,0.02183328003295589,0.010802401392091,0.02183328003295589,0.010802401392091,0.32121856287017486,0.061262039973008955,0.9733408811844696,0.39243323442136496,0.14285714285714285
1021,mul8_055,0.9805999994277954,resnet34,mnist,resnet34mnist,0,YES,NO,0.031956019836799625,0.0008845331821771585,0.0170079057856535,0.017034548944337813,0.0011639125481922262,0.001479763021101529,0.0003107973092327872,0.001479763021101529,0.0003107973092327872,0.02577815999494062,0.010015645247009786,0.43052481322122876,0.02967359050445104,0.14285714285714285
1022,ReFAM_sta1_j5_k5_const0,0.101000003516674,vgg16,mnist,vgg16mnist,2,YES,NO,1.0,1.0,1.0,1.0,1.0,0.09411581900998613,0.05391191969138003,0.09411581900998613,0.05391191969138003,1.0,0.1521642094074512,0.9438228101219942,1.0,0.14285714285714285
1023,mul8_178,0.1061000004410743,resnet34,cifar,resnet34cifar,2,NO,NO,0.38710114545557994,1.0,1.0,1.0,1.0,0.07326543407285349,0.03611043313204672,0.07326543407285349,0.03611043313204672,1.0,0.12297343293742499,1.0,1.0,0.42857142857142855
1024,ReFAM_new_sta1_j4_k3,0.5128999948501587,resnet34,cifar,resnet34cifar,2,NO,NO,0.08752699670553932,0.014439780080503402,0.06076722948501285,0.06070057581573897,0.017126194997139858,0.0028664762307418507,0.0004003490762998615,0.0028664762307418507,0.0004003490762998615,0.09733689354439783,0.011509258761636899,0.3281136413155253,0.13056379821958458,0.05793285714285714
1025,mul8_126,0.7774999737739563,vgg16,mnist,vgg16mnist,2,NO,NO,0.553814076061799,0.10864468582019209,0.33999168499513927,0.33997120921305185,0.10761154338595087,0.024879532113025706,0.014992019357229023,0.024879532113025706,0.014992019357229023,0.3305404894108816,0.07196888267856183,0.9769451158547636,0.39243323442136496,0.14285714285714285
1026,mul8_410,0.1000000014901161,vgg16,cifar,vgg16cifar,2,NO,NO,1.0,0.3074685916617838,0.68961697991384,0.6895393474088292,0.3343298682525443,0.04122287326977037,0.027113114417307724,0.04122287326977037,0.027113114417307724,0.6341211783670144,0.09880913992941724,0.9961931543976753,0.6824925816023739,0.14285714285714285
1027,mul8_462,0.3348999917507171,vgg16,mnist,vgg16mnist,2,NO,NO,0.6913332833845939,0.13546873357450387,0.39517245093081504,0.3951535508637236,0.15267951745656114,0.024594058905047636,0.011129001954335622,0.024594058905047636,0.011129001954335622,0.3883199422174965,0.06280417166777139,0.9666139946119746,0.5044510385756676,0.14285714285714285
1028,mul8_142,0.7087000012397766,vgg16,cifar,vgg16cifar,0,NO,NO,0.0,0.0,0.0,0.0,0.0,0.0,0.0,0.0,0.0,0.0,0.0,0.0,0.0,0.0
1029,mul8_141,0.699999988079071,resnet34,cifar100,resnet34cifar100,0,NO,NO,0.0,0.0,0.0,0.0,0.0,0.0,0.0,0.0,0.0,0.0,0.0,0.0,0.0,0.0
1030,mul8_292,0.1000000014901161,vgg16,cifar,vgg16cifar,2,NO,NO,1.0,0.26155904325784013,0.6023666695309748,0.6024472168905951,0.2806506629920133,0.03665710873457677,0.02460390902242833,0.03665710873457677,0.02460390902242833,0.5638919598567996,0.09340272179526223,0.9941273374072724,0.766320474777448,0.14285714285714285
1031,ReFAM_sta2_j6_k1_const1,0.1058000028133392,resnet18,mnist,resnet18mnist,2,NO,YES,0.027731325688883743,0.0457544646269075,0.17469137128993256,0.17466410748560462,0.022905250320337647,1.0,1.0,1.0,1.0,0.16259661069937223,1.0,0.7914492077810743,0.11869436201780416,1.0
1032,ReFAM_new1_sta4_j2_k1,0.1009000018239021,resnet34,mnist,resnet34mnist,2,NO,YES,1.0,1.0,1.0,1.0,1.0,1.0,1.0,1.0,1.0,1.0,1.0,1.0,1.0,1.0
1033,mul8_087,0.930899977684021,resnet34,cifar,resnet34cifar,0,NO,NO,0.0,0.0,0.0,0.0,0.0,0.0,0.0,0.0,0.0,0.0,0.0,0.0,0.0,0.0
1034,ReFAM_new1_sta3_j3_k6,0.1000000014901161,vgg16,cifar,vgg16cifar,2,NO,YES,1.0,1.0,0.972558535718449,0.9724088291746642,1.0,1.0,1.0,1.0,1.0,0.9922209005840702,1.0,0.974148270476431,0.7537091988130564,1.0
1035,mul8_059,0.1080000028014183,resnet18,mnist,resnet18mnist,2,NO,NO,0.2878749957250428,1.0,1.0,1.0,1.0,0.07492135935837187,0.03914465771031935,0.07492135935837187,0.03914465771031935,1.0,0.12748637012354969,1.0,1.0,0.42857142857142855
1036,ReFAM_sta3_j1_k6_const1,0.1009000018239021,resnet34,mnist,resnet34mnist,2,NO,YES,0.12999058916664255,0.04157882836980613,0.18157380635763645,0.1816218809980806,0.020016578356478465,1.0,1.0,1.0,1.0,0.16277114590582653,1.0,1.0,0.13204747774480713,1.0
1037,ReFAM_new_sta3_j4_k2,0.9703999757766724,resnet18,mnist,resnet18mnist,0,NO,NO,0.016032172663885912,0.002352079382467582,0.02629018657036609,0.026391554702495202,0.002333725869999151,0.0019106830217519744,0.00033538014725119976,0.0019106830217519744,0.00033538014725119976,0.03731255855562516,0.010435887330335656,0.32463362038245613,0.03560830860534125,0.063492
1038,mul8_096,0.1105000004172325,resnet34,mnist,resnet34mnist,2,NO,NO,1.0,1.0,1.0,1.0,1.0,0.09031794126840442,0.05873015594298889,0.09031794126840442,0.05873015594298889,1.0,0.1555769035548151,1.0,1.0,1.0
1039,mul8_456,0.1000000014901161,resnet18,cifar,resnet18cifar,2,NO,NO,0.9432899103987696,0.2513174675311441,0.5588084611465655,0.5587811900191939,0.25656423382675175,0.034133019674163045,0.023653957924716817,0.034133019674163045,0.023653957924716817,0.5293609879730524,0.09111042439225381,0.9956657550871635,0.6706231454005934,0.5089285714285714
1040,ReFAM_new2_sta4_j6_k1,0.101000003516674,vgg16,mnist,vgg16mnist,2,NO,NO,1.0,1.0,1.0,1.0,1.0,1.0,1.0,1.0,1.0,1.0,1.0,1.0,1.0,0.2857142857142857
1041,mul8_331,0.1114000007510185,resnet34,cifar,resnet34cifar,2,NO,NO,0.20175623040214213,1.0,1.0,1.0,1.0,0.07842472992969769,0.04366614398870595,0.07842472992969769,0.04366614398870595,1.0,0.13436624806673714,1.0,1.0,0.42857142857142855
1042,mul8_015,0.1099999994039535,vgg16,cifar,vgg16cifar,2,NO,NO,0.35097459074993487,0.028114292219702953,0.1954017397321564,0.1952975047984645,0.03294628308413464,0.016366829458666913,0.008614528808452282,0.016366829458666913,0.008614528808452282,0.1869557534749721,0.05400446665830661,0.9386648855910028,0.22551928783382788,0.14285714285714285
1043,ReFAM_sta2_j5_k3_const0,0.1006999984383583,resnet34,cifar,resnet34cifar,2,YES,NO,1.0,0.238389422464525,1.0,1.0,0.3136846030804829,0.062056997074803014,0.039476526023567916,0.062056997074803014,0.039476526023567916,0.8265871872653838,0.12310555167410113,0.9944694342573343,0.49851632047477745,0.14285714285714285
1044,mul8_033,0.1000000014901161,resnet18,cifar,resnet18cifar,2,NO,NO,0.9366905204366317,0.23620721155070948,0.5079001623209621,0.5079174664107485,0.29920776852986847,0.027831830985406533,0.012742689678544276,0.027831830985406533,0.012742689678544276,0.519268128351356,0.06761717513719448,0.975950387811578,0.6060830860534124,0.14285714285714285
1045,ReFAM_sta3_j4_k6_const0,0.1134999990463256,resnet34,mnist,resnet34mnist,2,YES,NO,1.0,1.0,1.0,1.0,1.0,0.189584022172957,0.14382716157772654,0.189584022172957,0.14382716157772654,1.0,0.26490553137110884,1.0,1.0,0.14285714285714285
1046,ReFAM_sta1_j7_k1_const1,0.1246000006794929,vgg16,cifar,vgg16cifar,2,NO,YES,0.3327759082666049,0.21195832165694342,0.4132632836324213,0.413147792706334,0.10727125085306388,1.0,1.0,1.0,1.0,0.372575303068244,1.0,0.8033808535723667,0.28486646884273,1.0
1047,ReFAM_new1_sta3_j1_k2,0.9857000112533568,vgg16,mnist,vgg16mnist,0,YES,YES,0.05719585923332272,0.0002921751203729651,0.030441268660423893,0.03047024952015355,0.00038445848694408636,1.0,1.0,1.0,1.0,0.025822537527620672,1.0,0.9545113003956514,0.010385756676557863,1.0
1048,ReFAM_sta3_j2_k5_const1,0.5669999718666077,vgg16,mnist,vgg16mnist,2,NO,YES,0.12479096559997684,0.041417216518482666,0.18046036806585905,0.1804222648752399,0.019838195199993684,1.0,1.0,1.0,1.0,0.16186263814242868,1.0,1.0,0.13204747774480713,1.0
1049,mul8_020,0.1580000072717666,vgg16,mnist,vgg16mnist,2,NO,NO,0.2868459000943912,1.0,1.0,1.0,1.0,0.07396827633806533,0.0371604714988332,0.07396827633806533,0.0371604714988332,1.0,0.12460588309059314,1.0,1.0,0.4330357142857143
1050,mul8_422,0.200200006365776,resnet18,cifar,resnet18cifar,2,NO,NO,0.0898873068945601,0.010918243318981988,0.07175030269321615,0.07173704414587333,0.010846639204019314,0.0062840241604287155,0.0029955944042437004,0.0062840241604287155,0.0029955944042437004,0.0866748786667393,0.031261383111493284,0.9111973593381241,0.1446587537091988,0.7142857142857143
1051,mul8_244,0.5814999938011169,vgg16,cifar,vgg16cifar,2,NO,NO,0.25945309069819167,1.0,1.0,1.0,1.0,0.043342240820139225,0.02561004946418193,0.043342240820139225,0.02561004946418193,1.0,0.09699978502714034,0.799169804251368,1.0,0.19047614285714287
1052,ReFAM_new1_sta3_j5_k4,0.1000000014901161,resnet18,cifar,resnet18cifar,2,NO,YES,1.0,1.0,0.9335106200841411,0.9335412667946258,1.0,1.0,1.0,1.0,1.0,0.9686600850965311,1.0,0.8464606211908635,0.7359050445103857,1.0
1053,ReFAM_sta1_j7_k1_const1,0.1000000014901161,resnet34,cifar,resnet34cifar,2,NO,YES,0.3327759082666049,0.21195832165694342,0.4132632836324213,0.413147792706334,0.10727125085306388,1.0,1.0,1.0,1.0,0.372575303068244,1.0,0.8033808535723667,0.28486646884273,1.0
1054,mul8_246,0.1000000014901161,vgg16,cifar,vgg16cifar,2,NO,NO,1.0,0.665054543589025,0.9824367237089058,0.9824856046065259,0.747257425181807,0.051530624228725466,0.037390496626005486,0.051530624228725466,0.037390496626005486,0.9198563388228572,0.11694896783170014,1.0,1.0,0.6428571428571429
1055,mul8_409,0.1000000014901161,vgg16,cifar,vgg16cifar,2,NO,NO,1.0,1.0,1.0,1.0,1.0,0.09031794126840442,0.05873015594298889,0.09031794126840442,0.05873015594298889,1.0,0.1555769035548151,1.0,1.0,1.0
1056,mul8_425,0.1134999990463256,resnet34,mnist,resnet34mnist,2,NO,NO,0.8101392673415644,0.35306719452016405,0.5653617504581098,0.5652591170825336,0.2999654679311602,0.03779629137780572,0.026256226920665912,0.03779629137780572,0.026256226920665912,0.5506012840319933,0.09647056364689513,0.9965505234285436,0.706973293768546,0.15178571428571427
1057,ReFAM_new_sta2_j3_k3,0.8995000123977661,resnet34,cifar,resnet34cifar,1,NO,NO,0.018198682483329957,0.002408852508088554,0.029057574630404627,0.029030710172744723,0.002245729922033747,0.0016252098137739014,0.00010535502007891092,0.0016252098137739014,0.00010535502007891092,0.0378971244065334,0.005919964410048787,0.3827992482014462,0.02373887240356083,0.040816285714285715
1058,mul8_236,0.1134999990463256,resnet18,mnist,resnet18mnist,2,NO,NO,1.0,1.0,1.0,1.0,1.0,0.06325490047283758,0.043460701699552066,0.06325490047283758,0.043460701699552066,1.0,0.1285373485486346,1.0,1.0,0.2857142857142857
1059,ReFAM_new1_sta3_j6_k1,0.1013000011444091,resnet18,mnist,resnet18mnist,2,NO,YES,0.3899717674999276,0.055485408758566224,0.21441492073506904,0.21449136276391556,0.0694464111350252,1.0,1.0,1.0,1.0,0.2347400237911109,1.0,0.541635019314218,0.142433234421365,1.0
1060,ReFAM_new2_sta2_j1_k7,0.0917000025510788,resnet34,mnist,resnet34mnist,2,NO,NO,0.46276649743324744,0.30037751891575165,0.4348979154084891,0.43498080614203455,0.23709036439505868,0.04420950119880679,0.07591004788385662,0.04420950119880679,0.07591004788385662,0.45325644833309486,0.15943969712712658,0.9162310701318905,0.37833827893175076,0.2857142857142857
1061,mul8_462,0.1074000000953674,resnet18,cifar,resnet18cifar,2,NO,NO,0.6913332833845939,0.13546873357450387,0.39517245093081504,0.3951535508637236,0.15267951745656114,0.024594058905047636,0.011129001954335622,0.024594058905047636,0.011129001954335622,0.3883199422174965,0.06280417166777139,0.9666139946119746,0.5044510385756676,0.14285714285714285
1062,ReFAM_sta3_j5_k1_const1,0.9596999883651732,vgg16,mnist,vgg16mnist,1,NO,YES,0.05979567101665557,0.00817274316612743,0.07835167444984105,0.07845489443378119,0.004443398435102478,1.0,1.0,1.0,1.0,0.0724327089117083,1.0,0.7745459580646278,0.05934718100890208,1.0
1063,ReFAM_new1_sta4_j3_k5,0.1032000035047531,resnet18,mnist,resnet18mnist,2,NO,YES,1.0,1.0,1.0,1.0,1.0,1.0,1.0,1.0,1.0,1.0,1.0,1.0,1.0,1.0
1064,ReFAM_new_sta3_j2_k1,0.9890999794006348,vgg16,mnist,vgg16mnist,0,YES,NO,0.000866603927777617,6.1699105800830506e-06,0.000461231343339756,0.0004798464491362764,8.118673770617628e-06,4.8783396300050404e-05,7.023668005260727e-06,4.8783396300050404e-05,7.023668005260727e-06,0.001914094424837901,0.0015249637233299296,0.03181704334652171,0.002967359050445104,0.063492
1065,ReFAM_sta2_j2_k8_const1,0.1000000014901161,vgg16,cifar,vgg16cifar,2,NO,YES,0.034664157111104675,1.0,1.0,1.0,1.0,1.0,1.0,1.0,1.0,1.0,1.0,1.0,1.0,1.0
1066,ReFAM_new2_sta3_j4_k4,0.1018999963998794,resnet34,mnist,resnet34mnist,2,NO,NO,0.8683371356331722,0.31651641275826053,0.510049799258836,0.5100767754318618,0.35916321379563393,0.06826874953700943,0.13908267384017292,0.06826874953700943,0.13908267384017292,0.545002717480979,0.21751670518263735,0.8032871841967545,0.36795252225519287,0.2857142857142857
1067,ReFAM_new1_sta4_j1_k4,0.1032000035047531,resnet18,mnist,resnet18mnist,2,NO,YES,1.0,1.0,1.0,1.0,1.0,1.0,1.0,1.0,1.0,1.0,1.0,1.0,1.0,1.0
1068,mul8_291,0.1134999990463256,resnet18,mnist,resnet18mnist,2,NO,NO,0.6919155302987577,0.3868154552900415,0.5609884987647413,0.5609404990403071,0.28851123437267384,0.03848196911468976,0.027682031525733845,0.03848196911468976,0.027682031525733845,0.54360210743635,0.09896663740647188,0.9932568231013116,0.8427299703264095,0.15178571428571427
1069,mul8_387,0.1088000014424324,resnet18,mnist,resnet18mnist,2,NO,NO,0.31051502333823305,1.0,1.0,1.0,1.0,0.07454735332007147,0.03765388417620276,0.07454735332007147,0.03765388417620276,1.0,0.1254672673963801,1.0,1.0,0.42857142857142855
1070,mul8_007,0.1127000004053115,resnet34,cifar,resnet34cifar,2,NO,NO,0.18783640134579846,0.18186417230530152,0.25994710333285326,0.2598368522072937,0.16842269530835408,0.010930190959894627,0.004112357617080156,0.010930190959894627,0.004112357617080156,0.33165784010607147,0.03723434430292064,0.6367919053369144,0.4807121661721068,0.14285714285714285
1071,mul8_439,0.0099999997764825,resnet34,cifar100,resnet34cifar100,2,NO,NO,1.0,0.5732229065294372,0.7607429967592189,0.7607965451055663,0.5595320118063015,0.04487078723754081,0.03207357994602311,0.04487078723754081,0.03207357994602311,0.7457084545146896,0.1074789655028275,0.9958357853668072,0.8954005934718101,0.14285714285714285
1072,ReFAM_new2_sta2_j3_k1,0.9876999855041504,vgg16,mnist,vgg16mnist,0,YES,NO,0.06066227494443319,0.0009609138155045474,0.03228619403378292,0.03238963531669866,0.001264417966598126,0.004587446044660296,0.003641771860727687,0.004587446044660296,0.003641771860727687,0.033373366321625166,0.03420606342893654,0.6204323452571734,0.017804154302670624,0.2857142857142857
1073,ReFAM_sta2_j1_k1_const1,0.9049999713897704,resnet18,cifar,resnet18cifar,0,YES,YES,0.013865662844441871,1.592234988408529e-05,0.007379701493436096,0.007437619961612285,2.0951416182239038e-05,1.0,1.0,1.0,1.0,0.006202373313371222,1.0,0.8908772137026079,0.002225519287833828,1.0
1074,mul8_198,0.1181000024080276,vgg16,mnist,vgg16mnist,2,NO,NO,0.3852596121090525,1.0,1.0,1.0,1.0,0.07289413822323643,0.036298316251187436,0.07289413822323643,0.036298316251187436,1.0,0.1230652442629118,1.0,1.0,0.44642857142857145
1075,ReFAM_new2_sta4_j3_k3,0.1027999967336654,resnet18,mnist,resnet18mnist,2,NO,NO,1.0,1.0,1.0,1.0,1.0,1.0,1.0,1.0,1.0,1.0,1.0,1.0,1.0,0.2857142857142857
1076,ReFAM_new_sta1_j7_k2,0.1134999990463256,resnet18,mnist,resnet18mnist,2,NO,NO,0.3119774139999421,0.22611010623391842,0.2398402985366731,0.23992322456813822,0.26065237843999944,0.005212596234283164,0.0008551315796404937,0.005212596234283164,0.0008551315796404937,0.38066894590981054,0.017020177591467966,0.30425034973294046,0.47477744807121663,0.05442171428571429
1077,ReFAM_new1_sta1_j6_k1,0.0957999974489212,resnet18,mnist,resnet18mnist,2,NO,YES,0.540760850933233,0.09369984459786514,0.309947462724316,0.30998080614203455,0.10700307272593122,1.0,1.0,1.0,1.0,0.31381800429525464,1.0,0.6124785934932364,0.142433234421365,1.0
1078,ReFAM_sta3_j1_k4_const1,0.1427000015974044,resnet34,cifar,resnet34cifar,2,NO,YES,0.07626114564443029,0.0021431482943978803,0.05237858627294641,0.052303262955854135,0.0014706738144592535,1.0,1.0,1.0,1.0,0.04603783547661287,1.0,1.0,0.025222551928783383,1.0
1079,mul8_160,0.1002999991178512,resnet18,cifar,resnet18cifar,2,NO,NO,0.30591118650549876,0.06765705009808168,0.21680350502759876,0.21689059500959693,0.06379536229376997,0.016201507948983406,0.010456485742831909,0.016201507948983406,0.010456485742831909,0.23062249310352867,0.059136197249541694,0.9520260075057678,0.3353115727002967,1.0
1080,mul8_212,0.1000000014901161,vgg16,cifar,vgg16cifar,2,NO,NO,0.8767865239290039,0.35858981667643236,0.5890226047341258,0.5890115163147793,0.3128137805972316,0.039414274021757394,0.028672368714475604,0.039414274021757394,0.028672368714475604,0.5687519547641299,0.10078942811247858,0.9957736784981948,0.7574183976261127,0.15178571428571427
1081,ReFAM_sta3_j4_k3_const0,0.1134999990463256,resnet18,mnist,resnet18mnist,2,YES,NO,0.7296805071887534,0.040270011209334315,0.3883567910920745,0.3884357005758158,0.05298927423730986,0.03340397891834563,0.022702250910003986,0.03340397891834563,0.022702250910003986,0.3230114866535978,0.08924732627505778,0.9783745919782361,0.2195845697329377,0.14285714285714285
1082,ReFAM_sta4_j1_k3_const1,0.2831999957561493,resnet34,cifar,resnet34cifar,2,NO,YES,0.05719585923332272,0.00030809747025705044,0.030671884332093773,0.030710172744721688,0.0003880595157906919,1.0,1.0,1.0,1.0,0.02599928430197783,1.0,0.986328343742173,0.01112759643916914,1.0
1083,mul8_250,0.1032000035047531,resnet34,cifar,resnet34cifar,2,NO,NO,0.3394920887068814,1.0,1.0,1.0,1.0,0.07523574124563884,0.03901647576922334,0.07523574124563884,0.03901647576922334,1.0,0.12745501991484684,1.0,1.0,0.4330357142857143
1084,mul8_218,0.1134999990463256,resnet34,mnist,resnet34mnist,2,NO,NO,0.15685531092774865,0.03145121869666013,0.09821705231166346,0.09812859884836853,0.0380892278010285,0.009138756240209442,0.004630353132468135,0.009138756240209442,0.004630353132468135,0.14779481952210485,0.03906683864495441,0.648024085247277,0.2195845697329377,0.14285714285714285
1085,ReFAM_sta1_j1_k9_const0,0.1000000014901161,vgg16,cifar,vgg16cifar,2,YES,NO,1.0,1.0,1.0,1.0,1.0,0.09841688845044058,0.05928326979840317,0.09841688845044058,0.05928326979840317,1.0,0.15944790789607255,0.9550081553445506,1.0,0.14285714285714285
1086,ReFAM_sta1_j5_k2_const1,0.1000000014901161,resnet34,cifar,resnet34cifar,2,NO,YES,0.19411927982218619,0.06542175120372964,0.23615044778995506,0.23608445297504801,0.030572306493123206,1.0,1.0,1.0,1.0,0.208275925844412,1.0,0.9107626112578372,0.1661721068249258,1.0
1087,mul8_494,0.1000000014901161,resnet18,cifar,resnet18cifar,2,NO,NO,0.8942269279755285,0.13433029489465773,0.4797832929993288,0.47984644913627644,0.17222845207470258,0.0312873215566601,0.0174871774160979,0.0312873215566601,0.0174871774160979,0.4462975915708826,0.07884950705528983,0.9894357234635678,0.4992581602373887,0.14285714285714285
1088,mul8_189,0.100100003182888,vgg16,cifar,vgg16cifar,2,NO,NO,0.49022701286111636,0.20555776634906886,0.38094826448460506,0.3809980806142035,0.17563329832997496,1.0,1.0,1.0,1.0,0.39355514572582595,1.0,0.9873536161469713,0.4970326409495549,1.0
1089,mul8_154,0.7440999746322632,resnet18,cifar,resnet18cifar,2,NO,NO,0.03645153117856172,0.0009722079586273661,0.019805923296740545,0.01991362763915547,0.001259713233908173,0.0018628030216797026,0.00041966416331432846,0.0018628030216797026,0.00041966416331432846,0.02760130673507776,0.011635406029988714,0.5591593377167886,0.03412462908011869,0.14285714285714285
1090,mul8_241,0.1036999970674514,resnet34,cifar,resnet34cifar,2,NO,NO,1.0,1.0,1.0,1.0,1.0,0.07716991256931306,0.052038356250976726,0.07716991256931306,0.052038356250976726,1.0,0.14344810495452726,1.0,1.0,0.42857142857142855
1091,ReFAM_sta4_j5_k2_const1,0.1000000014901161,resnet18,cifar,resnet18cifar,2,NO,YES,0.2703804254666165,0.02278806715410287,0.17278879199865607,0.17274472168905952,0.01872430928684323,1.0,1.0,1.0,1.0,0.1557371472667285,1.0,0.8948540895845762,0.0830860534124629,1.0
1092,ReFAM_sta4_j7_k3_const1,0.1027999967336654,resnet18,mnist,resnet18mnist,2,NO,YES,1.0,1.0,1.0,1.0,0.9949006582977522,1.0,1.0,1.0,1.0,1.0,1.0,0.9569507767431158,1.0,1.0
1093,ReFAM_new1_sta3_j6_k3,0.1000000014901161,vgg16,cifar,vgg16cifar,2,NO,YES,1.0,1.0,0.8908034794643129,0.8908349328214972,1.0,1.0,1.0,1.0,1.0,0.9430559865939896,1.0,0.7445463042340593,0.712166172106825,1.0
1094,ReFAM_new2_sta2_j1_k6,0.1000000014901161,resnet18,cifar,resnet18cifar,2,NO,NO,0.3535744025332677,0.06863169694036125,0.23470909984201832,0.23464491362763915,0.06608658965750089,0.027171448342900296,0.0411165525027963,0.027171448342900296,0.0411165525027963,0.24194933452771356,0.11640705708126571,0.8928656516435921,0.1884272997032641,0.2857142857142857
1095,ReFAM_new_sta2_j5_k3,0.1273999959230423,resnet18,cifar,resnet18cifar,2,NO,NO,0.27904646474439265,0.08626012661452628,0.23014002776952155,0.23008637236084453,0.07545605043687074,0.008428686805175375,0.0007796271485839408,0.008428686805175375,0.0007796271485839408,0.24797674764544964,0.01719782877411727,0.6335134771904889,0.22551928783382788,0.04444442857142857
1096,ReFAM_sta3_j7_k3_const1,0.1000000014901161,resnet34,cifar,resnet34cifar,2,NO,YES,0.5888573689248907,1.0,1.0,1.0,1.0,1.0,1.0,1.0,1.0,1.0,1.0,0.9642834598209286,1.0,1.0
1097,mul8_046,0.1046999990940094,resnet18,cifar,resnet18cifar,2,NO,NO,0.9097174731845534,0.37893838079891984,0.6207510630681392,0.6206813819577736,0.31285128296175246,0.04107742647709799,0.02989975469839492,0.04107742647709799,0.02989975469839492,0.58664585352985,0.10314666523351428,0.9942047164566912,0.7099406528189911,0.15178571428571427
1098,ReFAM_sta3_j1_k6_const0,0.1134999990463256,resnet34,mnist,resnet34mnist,2,YES,NO,0.7504790014554162,0.04157882836980613,0.39942634333222865,0.3994721689059501,0.054711480647489916,0.03504273967553621,0.025603025796176668,0.03504273967553621,0.025603025796176668,0.3313345641001964,0.09467016594710473,0.9823514678602046,0.22626112759643918,0.14285714285714285
1099,ReFAM_sta2_j3_k2_const1,0.1693000048398971,resnet18,mnist,resnet18mnist,2,NO,YES,0.05372944352221225,0.0023047601457213463,0.04704559702065511,0.04702495201535509,0.0013147013654354997,1.0,1.0,1.0,1.0,0.0420229708059854,1.0,0.9067857353758687,0.020771513353115726,1.0
1100,ReFAM_sta3_j5_k1_const0,0.9060999751091005,vgg16,mnist,vgg16mnist,2,YES,NO,0.27298023724994935,0.00817274316612743,0.14528787315202313,0.14539347408829176,0.010754100033641021,0.013879779643592119,0.006870903226146307,0.013879779643592119,0.006870903226146307,0.126735563440329,0.048080770080555106,0.8938603796867778,0.09495548961424333,0.14285714285714285
1101,mul8_044,0.1000000014901161,vgg16,cifar,vgg16cifar,2,NO,NO,0.03396004488620107,1.0,1.0,1.0,1.0,0.08037064540433304,0.045090192676772556,0.08037064540433304,0.045090192676772556,1.0,0.13681007147847585,1.0,1.0,0.42857142857142855
1102,mul8_407,0.9307000041007996,resnet34,cifar,resnet34cifar,0,NO,NO,0.0,0.0,0.0,0.0,0.0,0.0,0.0,0.0,0.0,0.0,0.0,0.0,0.0,0.0
1103,ReFAM_new_sta2_j1_k5,0.7075999975204468,vgg16,cifar,vgg16cifar,0,NO,NO,0.018198682483329957,0.002408852508088554,0.029057574630404627,0.029030710172744723,0.002245729922033747,0.0016252098137739014,0.00010535502007891092,0.0016252098137739014,0.00010535502007891092,0.0378971244065334,0.005919964410048787,0.3827992482014462,0.02373887240356083,0.040816285714285715
1104,mul8_057,0.0099999997764825,resnet34,cifar100,resnet34cifar100,2,NO,NO,1.0,1.0,1.0,1.0,1.0,0.07353735633741487,0.0565686221143699,0.07353735633741487,0.0565686221143699,1.0,0.14710936147089207,1.0,1.0,1.0
1105,ReFAM_new_sta2_j1_k1,0.9240999817848206,resnet18,cifar,resnet18cifar,0,NO,NO,0.0,0.0,0.0,0.0,0.0,0.0,0.0,0.0,0.0,0.0,0.0,0.0,0.0,0.0
1106,ReFAM_new1_sta1_j3_k2,0.1009000018239021,resnet34,mnist,resnet34mnist,2,NO,YES,0.15772191485552628,0.007036882531271495,0.09040134329459217,0.0904510556621881,0.00787354220128543,1.0,1.0,1.0,1.0,0.08854623596299646,1.0,0.7198603511787068,0.04154302670623145,1.0
1107,mul8_179,0.1134999990463256,resnet18,mnist,resnet18mnist,2,NO,NO,0.4094094232195541,0.09262294698494382,0.27810493265446773,0.2780710172744722,0.08511512632957693,0.022169343429689573,0.013357260629004589,0.022169343429689573,0.013357260629004589,0.28077607268900173,0.06763061094092426,0.9773798639350504,0.39762611275964393,0.14285714285714285
1108,ReFAM_new_sta2_j1_k1,0.7085999846458435,vgg16,cifar,vgg16cifar,0,NO,NO,0.0,0.0,0.0,0.0,0.0,0.0,0.0,0.0,0.0,0.0,0.0,0.0,0.0,0.0
1109,ReFAM_new_sta2_j7_k1,0.1200999990105629,resnet18,cifar,resnet18cifar,2,NO,NO,0.21838418979995947,0.08157019845616896,0.2067469496520456,0.20681381957773515,0.0713437460081335,0.007122375859807359,0.000637397871477411,0.007122375859807359,0.000637397871477411,0.23279662135441945,0.015397431074326867,0.5118074320540675,0.18991097922848665,0.040816285714285715
1110,mul8_407,0.7085000276565552,vgg16,cifar,vgg16cifar,0,NO,NO,0.0,0.0,0.0,0.0,0.0,0.0,0.0,0.0,0.0,0.0,0.0,0.0,0.0,0.0
1111,mul8_352,0.0099999997764825,resnet34,cifar100,resnet34cifar100,2,NO,NO,1.0,0.9986546409191654,1.0,1.0,1.0,0.05895021744747203,0.03992779669290592,0.05895021744747203,0.03992779669290592,1.0,0.12264500217958595,1.0,1.0,0.2380952857142857
1112,mul8_408,0.1000000014901161,vgg16,cifar,vgg16cifar,2,NO,NO,0.39100086313057925,1.0,1.0,1.0,1.0,0.0733919095447425,0.037053360561752964,0.0733919095447425,0.037053360561752964,1.0,0.12423639848802423,1.0,1.0,0.42857142857142855
1113,mul8_172,0.1134999990463256,resnet18,mnist,resnet18mnist,2,NO,NO,1.0,1.0,1.0,1.0,1.0,0.06366323556779356,0.04645454018679445,0.06366323556779356,0.04645454018679445,1.0,0.13231579513086472,1.0,1.0,0.14285714285714285
1114,ReFAM_new2_sta3_j4_k5,0.0957999974489212,resnet18,mnist,resnet18mnist,2,NO,NO,1.0,1.0,0.9387481159991073,0.9388195777351247,1.0,0.11177360167814883,0.24096800192448503,0.11177360167814883,0.24096800192448503,1.0,0.29153006932874725,0.8450311450673911,0.7477744807121661,0.2857142857142857
1115,mul8_285,0.981599986553192,vgg16,mnist,vgg16mnist,0,NO,NO,0.43156875603325323,0.15723599151657197,0.3197893905514848,0.31981765834932824,0.1459527747872971,0.021655310976083485,0.013877012061393882,0.021655310976083485,0.013877012061393882,0.34473920469890557,0.06872861467906344,0.9726882499913457,0.4473293768545994,0.3452381428571428
1116,ReFAM_new_sta2_j1_k4,0.6466000080108643,resnet34,cifar100,resnet34cifar100,1,NO,NO,0.012132454988886637,0.0004959811988892569,0.01130016791182402,0.011276391554702494,0.0005467664933711526,0.0007272339633618626,4.389792503287955e-05,0.0007272339633618626,4.389792503287955e-05,0.017542960565965833,0.0037650107785003255,0.25055947089020525,0.011869436201780416,0.031746
1117,ReFAM_new_sta2_j5_k1,0.7264000177383423,resnet34,mnist,resnet34mnist,2,NO,NO,0.024264909977773273,0.002340585432960538,0.027443264928715478,0.027351247600767757,0.0023580164223257175,0.0014779562286459716,9.130768406838946e-05,0.0014779562286459716,9.130768406838946e-05,0.0378971244065334,0.005533311836047366,0.3201588714062013,0.02373887240356083,0.031746
1118,mul8_210,0.099600002169609,resnet18,cifar,resnet18cifar,2,NO,NO,0.7478791896720834,0.17545454328331592,0.42786729224494624,0.4277831094049904,0.2005472696994567,1.0,1.0,1.0,1.0,0.43151036913101204,1.0,0.9761061640558024,0.4495548961424332,1.0
1119,ReFAM_sta1_j2_k3_const1,0.6180999875068665,vgg16,cifar,vgg16cifar,2,NO,YES,0.055462651377767486,0.0043372481084248335,0.062381539186701994,0.06238003838771593,0.0019891896529061364,1.0,1.0,1.0,1.0,0.05444242693087249,1.0,0.9704198220689122,0.04302670623145401,1.0
1120,ReFAM_new_sta1_j5_k3,0.6844000220298767,vgg16,cifar,vgg16cifar,1,NO,NO,0.17505399341107863,0.05775912032201361,0.1215344589700257,0.12164107485604606,0.0685047800220817,0.00435346642166561,0.0007111463855326486,0.00435346642166561,0.0007111463855326486,0.19467378708879565,0.015442217086759464,0.3281136413155253,0.26112759643916916,0.05793285714285714
1121,ReFAM_sta2_j4_k1_const0,0.1253000050783157,resnet34,mnist,resnet34mnist,2,YES,NO,0.1282573813110873,0.002136779354444246,0.06826223881428388,0.06837811900191938,0.002811680051656479,0.007073592463507309,0.0028322941231213885,0.007073592463507309,0.0028322941231213885,0.061131255853938346,0.030544060479031188,0.839174772800857,0.03560830860534125,0.14285714285714285
1122,mul8_389,0.0109000001102685,resnet34,cifar100,resnet34cifar100,2,NO,NO,1.0,0.9780770695615622,0.8582424136890039,0.8582053742802304,0.7579981017101447,0.04863885290360581,0.036524829544357096,0.04863885290360581,0.036524829544357096,0.8531113981722038,0.11491120426601698,0.9999837096738066,1.0,0.21651785714285715
1123,ReFAM_sta2_j3_k6_const1,0.1000000014901161,resnet34,cifar,resnet34cifar,2,NO,YES,0.4177030931888114,0.9776951761648791,0.8418021545422255,0.8416506717850288,0.4749633990781219,1.0,1.0,1.0,1.0,0.7674776374279731,1.0,1.0,0.7062314540059347,1.0
1124,ReFAM_sta3_j1_k4_const0,0.1143999993801117,resnet34,mnist,resnet34mnist,2,YES,NO,0.1386566284444187,0.0021431482943978803,0.07379701493436096,0.07389635316698658,0.0028200606181293746,0.008603042277136668,0.004760290990565458,0.008603042277136668,0.004760290990565458,0.06452796157980865,0.039506488000334405,0.9067857353758687,0.04821958456973294,0.14285714285714285
1125,ReFAM_sta3_j1_k5_const0,0.1134999990463256,resnet18,mnist,resnet18mnist,2,YES,NO,0.3284428886277168,0.009653521705347362,0.1748066791257675,0.17490403071017277,0.012702581738589252,0.017789678517418382,0.011409948674546052,0.017789678517418382,0.011409948674546052,0.14832065836487027,0.061941294494903355,0.9545113003956514,0.10756676557863501,0.14285714285714285
1126,ReFAM_new_sta2_j1_k6,0.6359999775886536,vgg16,cifar,vgg16cifar,2,NO,NO,0.05762916119721153,0.01669811662802843,0.08601964553286448,0.08613243761996162,0.014021146025573633,0.003941517741798517,0.0003230887282419935,0.003941517741798517,0.0003230887282419935,0.10055826281032638,0.010635931519201256,0.5241117190570345,0.08902077151335312,0.04444442857142857
1127,mul8_363,0.1115000024437904,resnet18,mnist,resnet18mnist,2,NO,NO,0.2035435975367678,1.0,1.0,1.0,1.0,0.046160837050808805,0.02557317520715431,0.046160837050808805,0.02557317520715431,1.0,0.09782160835527848,0.8983962173862579,1.0,0.14285714285714285
1128,ReFAM_new1_sta1_j2_k2,0.1272000074386596,resnet18,mnist,resnet18mnist,2,NO,YES,0.08319397706665123,0.0017323516673884798,0.04704559702065511,0.04702495201535509,0.0019683855503213575,1.0,1.0,1.0,1.0,0.045295728572609224,1.0,0.763609040316521,0.020771513353115726,1.0
1129,mul8_308,0.101000003516674,vgg16,mnist,vgg16mnist,2,NO,NO,1.0,0.9360060157312817,1.0,1.0,1.0,0.057348495935620365,0.03996818278393617,0.057348495935620365,0.03996818278393617,1.0,0.12217773478320584,0.999782116887163,1.0,0.2380952857142857
1130,ReFAM_new_sta2_j1_k1,0.991699993610382,resnet34,mnist,resnet34mnist,0,NO,NO,0.0,0.0,0.0,0.0,0.0,0.0,0.0,0.0,0.0,0.0,0.0,0.0,0.0,0.0
1131,ReFAM_sta3_j1_k7_const0,0.101000003516674,vgg16,mnist,vgg16mnist,2,YES,NO,1.0,0.18642205691284744,0.9077032836926398,0.9076295585412668,0.2453033709448911,0.066445695949352,0.053483475943059126,0.066445695949352,0.053483475943059126,0.7420724798800039,0.14136854111057368,0.9982599895334655,0.5111275964391692,0.14285714285714285
1132,ReFAM_new2_sta2_j2_k1,0.7075999975204468,vgg16,cifar,vgg16cifar,0,YES,NO,0.034664157111104675,0.00026749547805263293,0.01844925373359024,0.018474088291746644,0.0003519837918616159,0.0027671026456861925,0.001994721713494047,0.0027671026456861925,0.001994721713494047,0.01835934312686883,0.025260803879065822,0.6363408669304342,0.008902077151335312,0.2857142857142857
1133,ReFAM_sta1_j4_k6_const0,0.1000000014901161,resnet18,cifar,resnet18cifar,2,YES,NO,1.0,1.0,1.0,1.0,1.0,0.09637521297566069,0.056623055541410665,0.09637521297566069,0.056623055541410665,1.0,0.1559098129138974,0.9490428415215979,1.0,0.14285714285714285
1134,mul8_432,0.6661999821662903,resnet34,cifar,resnet34cifar,2,NO,NO,0.04316771161883825,0.0009236385626576312,0.0240272712145681,0.023992322456813823,0.001154486204351444,0.0025665486831193186,0.0008235250736168203,0.0025665486831193186,0.0008235250736168203,0.028555464291760712,0.016299122791303154,0.6768579626096288,0.03115727002967359,0.14285714285714285
1135,mul8_058,0.1072999984025955,resnet18,cifar,resnet18cifar,2,NO,NO,0.0914808805924404,1.0,1.0,1.0,1.0,0.05544232989500729,0.03172942021376533,0.05544232989500729,0.03172942021376533,1.0,0.11030197715316219,0.9820867500595615,0.9903560830860534,0.2857142857142857
1136,ReFAM_sta3_j6_k2_const0,0.1134999990463256,resnet34,mnist,resnet34mnist,2,YES,NO,1.0,0.1712990089929432,0.8339062687582788,0.8339731285988484,0.22540371585500046,0.057842653672215326,0.03942384851352846,0.057842653672215326,0.03942384851352846,0.6876047430839026,0.12162761326382544,0.9855209544502116,0.47477744807121663,0.14285714285714285
1137,ReFAM_sta2_j3_k4_const0,0.1252000033855438,vgg16,mnist,vgg16mnist,2,YES,NO,0.8336729785220675,0.05384222225052862,0.4437045522928452,0.44361804222648754,0.07084826139105042,0.03425678495736873,0.02148013267708862,0.03425678495736873,0.02148013267708862,0.3700394386440805,0.08727375599386133,0.9811083123425692,0.228486646884273,0.14285714285714285
1138,mul8_003,0.1015999987721443,resnet18,cifar,resnet18cifar,2,NO,NO,1.0,1.0,1.0,1.0,1.0,0.09031794126840442,0.05873015594298889,0.09031794126840442,0.05873015594298889,1.0,0.1555769035548151,1.0,1.0,1.0
1139,ReFAM_new2_sta1_j3_k5,0.1076000034809112,resnet18,mnist,resnet18mnist,2,NO,NO,0.3275762846999392,0.28763963900848344,0.33975453828764773,0.3397312859884837,0.2738034800676354,0.01965248153909808,0.028782991485558462,0.01965248153909808,0.028782991485558462,0.42640924294189536,0.0969370846097347,0.5722099252884915,0.37388724035608306,0.2857142857142857
1140,ReFAM_new1_sta3_j2_k1,0.2518999874591827,resnet18,mnist,resnet18mnist,2,YES,YES,0.046796612099991315,0.00026033042060479456,0.02490649254034682,0.02495201535508637,0.00034255565457960827,1.0,1.0,1.0,1.0,0.0219912627692432,1.0,0.8272431270095645,0.008902077151335312,1.0
1141,mul8_383,0.1000000014901161,vgg16,cifar,vgg16cifar,2,NO,NO,0.9893096294095868,0.3884135020253229,0.630812009366081,0.6307581573896353,0.36252633376355514,0.039950891381057944,0.028602132034423,0.039950891381057944,0.028602132034423,0.610448052044359,0.10082376405534357,0.9953236582371017,0.8553412462908012,0.15178571428571427
1142,mul8_329,0.1881999969482422,vgg16,mnist,vgg16mnist,2,NO,NO,0.7470125857443058,0.35312507961174944,0.5741478939114187,0.5741362763915547,0.253437377481466,0.04193926647839889,0.03214030479207309,0.04193926647839889,0.03214030479207309,0.5368512842316299,0.1067668679051492,0.9956810272679698,0.6461424332344213,0.14285714285714285
1143,ReFAM_new2_sta2_j3_k3,0.975600004196167,vgg16,mnist,vgg16mnist,0,YES,NO,0.23051664478884612,0.014399377117672535,0.12268753732837509,0.12260076775431861,0.018947413224407874,0.015271009834371333,0.018900690602156617,0.015271009834371333,0.018900690602156617,0.1280012245318838,0.07846285448128841,0.7685806442416752,0.08902077151335312,0.2857142857142857
1144,mul8_289,0.9921000003814696,resnet34,mnist,resnet34mnist,0,NO,NO,0.0,0.0,0.0,0.0,0.0,0.0,0.0,0.0,0.0,0.0,0.0,0.0,0.0,0.0
1145,ReFAM_sta4_j7_k1_const1,0.1000000014901161,resnet18,cifar,resnet18cifar,2,NO,YES,0.36050723395548867,0.09426031131378493,0.29345844219991973,0.293426103646833,0.06333663852868628,1.0,1.0,1.0,1.0,0.2720977124080293,1.0,0.7656595851261176,0.18991097922848665,1.0
1146,ReFAM_sta3_j1_k2_const1,0.8270000219345093,resnet18,cifar,resnet18cifar,2,NO,YES,0.027731325688883743,8.598068937406058e-05,0.015220634330211947,0.015115163147792706,9.611462173602159e-05,1.0,1.0,1.0,1.0,0.012911268763810336,1.0,0.9545113003956514,0.0051928783382789315,1.0
1147,mul8_117,0.1356000006198883,vgg16,mnist,vgg16mnist,2,NO,NO,0.32990528622225723,1.0,1.0,1.0,1.0,0.07343707935613143,0.03612974821906118,0.07343707935613143,0.03612974821906118,1.0,0.12306972286415506,1.0,1.0,0.42857142857142855
1148,ReFAM_new1_sta2_j1_k6,0.0979999974370002,vgg16,mnist,vgg16mnist,2,NO,YES,0.49223103097768645,0.08177718900466206,0.2968744359140671,0.29678502879078694,0.08359893496006097,1.0,1.0,1.0,1.0,0.2897940588780931,1.0,0.9980115620590158,0.1884272997032641,1.0
1149,ReFAM_sta2_j6_k4_const1,0.1000000014901161,resnet18,cifar,resnet18cifar,2,NO,YES,0.027731325688883743,1.0,1.0,1.0,1.0,1.0,1.0,1.0,1.0,1.0,1.0,0.9905536470985911,1.0,1.0
1150,mul8_459,0.9496999979019164,resnet34,mnist,resnet34mnist,1,YES,NO,0.04495507875346388,0.0013022460831019285,0.023926375935749842,0.023992322456813823,0.0017135598612884368,0.0021753781164911366,0.0005355546854011304,0.0021753781164911366,0.0005355546854011304,0.03251495584975532,0.013152158984372667,0.5249812152176082,0.03560830860534125,0.14285714285714285
1151,ReFAM_sta1_j2_k6_const0,0.5842999815940857,vgg16,mnist,vgg16mnist,2,YES,NO,1.0,0.3010788984281456,0.701071641876429,0.7010556621880999,0.39617451887319444,0.03845035024671751,0.02569257756324374,0.03845035024671751,0.02569257756324374,0.6616039780871356,0.09571666577094642,0.8844140267853688,0.5637982195845698,0.14285714285714285
1152,mul8_429,0.1315000057220459,vgg16,mnist,vgg16mnist,2,NO,NO,0.25526902294241,1.0,1.0,1.0,1.0,0.08217924465234602,0.04625963339964847,0.08217924465234602,0.04625963339964847,1.0,0.13888366385410508,1.0,1.0,0.7142857142857143
1153,ReFAM_new2_sta1_j5_k4,0.5760999917984009,vgg16,mnist,vgg16mnist,2,NO,NO,0.644753322266547,0.9801925967441979,0.6669405224692871,0.6669865642994242,0.8871573386834478,0.03157640834954929,0.036737295501516234,0.03157640834954929,0.036737295501516234,0.7919816230130547,0.11107528230116503,0.5950784888278907,0.7359050445103857,0.2857142857142857
1154,ReFAM_new_sta2_j1_k5,0.5752000212669373,resnet34,cifar100,resnet34cifar100,2,NO,NO,0.018198682483329957,0.002408852508088554,0.029057574630404627,0.029030710172744723,0.002245729922033747,0.0016252098137739014,0.00010535502007891092,0.0016252098137739014,0.00010535502007891092,0.0378971244065334,0.005919964410048787,0.3827992482014462,0.02373887240356083,0.040816285714285715
1155,ReFAM_sta4_j1_k8_const1,0.1009000018239021,resnet34,mnist,resnet34mnist,2,NO,YES,0.8871857710623353,0.4374426670955086,0.6785368414918935,0.6785028790786948,0.2832853949586267,1.0,1.0,1.0,1.0,0.609619352918024,1.0,1.0,0.4762611275964392,1.0
1156,ReFAM_sta3_j3_k3_const0,0.1062000021338462,vgg16,cifar,vgg16cifar,2,YES,NO,0.32151005720549586,0.009379657287341095,0.17111682837904946,0.17106525911708254,0.01234221738025474,0.017190726818401097,0.010437170655817441,0.017190726818401097,0.010437170655817441,0.1454459449236381,0.05927354102100165,0.9510312794625821,0.10682492581602374,0.14285714285714285
1157,ReFAM_sta1_j1_k8_const1,0.1000000014901161,resnet18,cifar,resnet18cifar,2,NO,YES,0.8926020456109455,1.0,1.0,1.0,0.502021954692714,1.0,1.0,1.0,1.0,0.8729180812050324,1.0,1.0,0.755192878338279,1.0
1158,mul8_346,0.7964000105857849,resnet34,mnist,resnet34mnist,2,NO,NO,0.06353290392161226,0.0026027623111609306,0.035432836023121375,0.03550863723608445,0.0032868423313990266,0.0028538286835529487,0.0006409097054800414,0.0028538286835529487,0.0006409097054800414,0.045963167313782166,0.014453939079080155,0.7042939263555078,0.05637982195845697,0.14285714285714285
1159,ReFAM_new1_sta2_j1_k4,0.3429000079631805,vgg16,cifar,vgg16cifar,2,YES,YES,0.18372003268885478,0.004951850813950526,0.09778104478802827,0.09788867562380038,0.006515890432676341,1.0,1.0,1.0,1.0,0.08941092652976798,1.0,0.9823514678602046,0.04599406528189911,1.0
1160,ReFAM_new1_sta3_j2_k4,0.1011999994516372,resnet18,mnist,resnet18mnist,2,NO,YES,0.32670968077216156,0.01737745363411714,0.175426459665843,0.17538387715930903,0.022202904979627708,1.0,1.0,1.0,1.0,0.16207752837250103,1.0,0.9843399058011888,0.09198813056379822,1.0
1161,ReFAM_sta3_j5_k2_const0,0.1134999990463256,resnet34,mnist,resnet34mnist,2,YES,NO,0.6950163500776488,0.03859498000152854,0.3699075373584843,0.3699616122840691,0.05078518525493832,0.031132840801709947,0.019594277817676115,0.031132840801709947,0.019594277817676115,0.30958655755864384,0.08294070929100757,0.9674366560847423,0.21364985163204747,0.14285714285714285
1162,ReFAM_sta4_j5_k3_const1,0.1017000004649162,resnet18,mnist,resnet18mnist,2,NO,YES,0.49223103097768645,0.09921534659771228,0.3413400228753035,0.34141074856046066,0.07160866582130489,1.0,1.0,1.0,1.0,0.3066136959790737,1.0,0.9565618452052479,0.18991097922848665,1.0
1163,ReFAM_new2_sta4_j2_k6,0.100100003182888,resnet34,cifar,resnet34cifar,2,NO,NO,1.0,1.0,1.0,1.0,1.0,1.0,1.0,1.0,1.0,1.0,1.0,1.0,1.0,0.2857142857142857
1164,ReFAM_sta3_j1_k5_const0,0.1049999967217445,vgg16,cifar,vgg16cifar,2,YES,NO,0.3284428886277168,0.009653521705347362,0.1748066791257675,0.17490403071017277,0.012702581738589252,0.017789678517418382,0.011409948674546052,0.017789678517418382,0.011409948674546052,0.14832065836487027,0.061941294494903355,0.9545113003956514,0.10756676557863501,0.14285714285714285
1165,ReFAM_new2_sta1_j4_k3,0.1015999987721443,resnet34,cifar,resnet34cifar,2,NO,NO,0.15598870699997106,0.06845018215168268,0.16281466419893387,0.16290786948176586,0.06592127398309464,0.011721566055428779,0.014054359678526716,0.011721566055428779,0.014054359678526716,0.20757109888307454,0.06747684563157234,0.49714104775305495,0.17804154302670624,0.2857142857142857
1166,ReFAM_sta4_j3_k2_const1,0.97680002450943,vgg16,mnist,vgg16mnist,0,NO,YES,0.09186001634442739,0.0012411471734644485,0.050735447767373154,0.05062380038387716,0.0014068875966373514,1.0,1.0,1.0,1.0,0.04472594801409444,1.0,0.9067857353758687,0.020771513353115726,1.0
1167,ReFAM_new1_sta2_j3_k5,0.1000000014901161,resnet34,cifar,resnet34cifar,2,NO,YES,0.6880835186554278,0.33767403128423307,0.5099633165370344,0.5098368522072937,0.28927731806141005,1.0,1.0,1.0,1.0,0.5161669092114209,1.0,0.9308974544329032,0.37388724035608306,1.0
1168,ReFAM_sta1_j1_k1_const1,0.7085999846458435,vgg16,cifar,vgg16cifar,0,NO,YES,0.012132454988886637,2.7864112297149264e-05,0.007379701493436096,0.007437619961612285,2.0951416182239038e-05,1.0,1.0,1.0,1.0,0.006202373313371222,1.0,0.8908772137026079,0.002225519287833828,1.0
1169,ReFAM_sta1_j5_k4_const0,0.1134999990463256,resnet18,mnist,resnet18mnist,2,YES,NO,1.0,1.0,1.0,1.0,1.0,0.05659867706656403,0.035873384336869166,0.05659867706656403,0.035873384336869166,1.0,0.11649065763780657,0.9033057144427995,1.0,0.14285714285714285
1170,ReFAM_sta4_j1_k5_const1,0.1115000024437904,resnet18,cifar,resnet18cifar,2,NO,YES,0.18891965625552049,0.005530628232237027,0.10645796127953279,0.10652591170825336,0.0057714839507012495,1.0,1.0,1.0,1.0,0.09285821408897116,1.0,1.0,0.04673590504451038,1.0
1171,mul8_418,0.6992999911308289,vgg16,cifar,vgg16cifar,0,NO,NO,0.045930008172213696,0.08887995025857896,0.2498090207050514,0.24976007677543188,0.04086339425820502,0.02248733890186768,0.016214137590144388,0.02248733890186768,0.016214137590144388,0.22682617573547875,0.07409397896848857,0.9577428938542708,0.18397626112759644,0.2857142857142857
1172,mul8_409,0.1134999990463256,resnet18,mnist,resnet18mnist,2,NO,NO,1.0,1.0,1.0,1.0,1.0,0.09031794126840442,0.05873015594298889,0.09031794126840442,0.05873015594298889,1.0,0.1555769035548151,1.0,1.0,1.0
1173,mul8_357,0.7084000110626221,vgg16,cifar,vgg16cifar,0,NO,NO,0.0,0.0,0.0,0.0,0.0,0.0,0.0,0.0,0.0,0.0,0.0,0.0,0.0,0.0
1174,ReFAM_sta2_j3_k1_const0,0.989300012588501,vgg16,mnist,vgg16mnist,0,YES,NO,0.050263027811101785,0.0004386607393065498,0.026751417913705847,0.02663147792706334,0.0005772115158206855,0.0032856520804311726,0.001215094564910106,0.0032856520804311726,0.001215094564910106,0.025248631596420507,0.019822289102667454,0.7477005186432601,0.01483679525222552,0.14285714285714285
1175,ReFAM_new_sta1_j1_k2,0.99099999666214,resnet18,mnist,resnet18mnist,0,NO,NO,0.002166509819444042,3.06007693679464e-05,0.00230615671669878,0.002399232245681382,3.5355514807528376e-05,0.0002104913210724397,1.4047336010521454e-05,0.0002104913210724397,1.4047336010521454e-05,0.004280044384787273,0.0021019568501698884,0.1749937384058694,0.004451038575667656,0.040816285714285715
1176,ReFAM_sta2_j4_k3_const0,0.1000000014901161,resnet18,cifar,resnet18cifar,2,YES,NO,0.8215405235331809,0.05313925050314626,0.43724731348608864,0.4371401151631478,0.06992325636660457,0.0333118325031122,0.019973555889960193,0.0333118325031122,0.019973555889960193,0.3653262571967011,0.08423427861676908,0.9781251463583994,0.22551928783382788,0.14285714285714285
1177,ReFAM_sta4_j1_k8_const1,0.0979999974370002,vgg16,mnist,vgg16mnist,2,NO,YES,0.8871857710623353,0.4374426670955086,0.6785368414918935,0.6785028790786948,0.2832853949586267,1.0,1.0,1.0,1.0,0.609619352918024,1.0,1.0,0.4762611275964392,1.0
1178,ReFAM_new2_sta2_j6_k1,0.1053000018000602,resnet18,cifar,resnet18cifar,2,NO,NO,0.21838418979995947,0.061342445163427,0.16950251867736033,0.16938579654510558,0.06197841388131424,0.01755027851705702,0.02128346997294132,0.01755027851705702,0.02128346997294132,0.20629634248166215,0.08344977696565808,0.43251325116221295,0.142433234421365,0.2857142857142857
1179,mul8_201,0.1134999990463256,resnet34,mnist,resnet34mnist,2,NO,NO,1.0,1.0,1.0,1.0,1.0,0.060498638581884735,0.04153797258311194,0.060498638581884735,0.04153797258311194,1.0,0.12521646572675757,1.0,1.0,1.0
1180,ReFAM_new1_sta3_j1_k2,0.2745999991893768,resnet34,cifar,resnet34cifar,2,YES,YES,0.05719585923332272,0.0002921751203729651,0.030441268660423893,0.03047024952015355,0.00038445848694408636,1.0,1.0,1.0,1.0,0.025822537527620672,1.0,0.9545113003956514,0.010385756676557863,1.0
1181,mul8_499,0.1045000031590461,resnet34,cifar,resnet34cifar,2,NO,NO,0.7732002749200435,0.4719808342929203,0.6457400975696901,0.6456333973128598,0.316201080628091,0.047836637053338314,0.03977854374779413,0.047836637053338314,0.03977854374779413,0.6022049239955709,0.11909645712784317,1.0,0.7054896142433235,0.42857142857142855
1182,mul8_181,0.1134999990463256,resnet34,mnist,resnet34mnist,2,NO,NO,0.4954807957068525,0.09212222582987287,0.29719716501977805,0.29726487523992323,0.09809476642790599,0.020738363804888096,0.011306349571468456,0.020738363804888096,0.011306349571468456,0.30070078631579444,0.06230107546144521,0.9708861326561987,0.3983679525222552,0.2857142857142857
1183,mul8_303,0.635699987411499,resnet18,cifar,resnet18cifar,2,YES,NO,0.045171729735408284,0.0013229451379512395,0.02404168377158478,0.023992322456813823,0.0017407967023253474,0.0021762815127189155,0.0005355546854011304,0.0021762815127189155,0.0005355546854011304,0.032743034279121126,0.013152158984372667,0.5249812152176082,0.04154302670623145,0.14285714285714285
1184,ReFAM_new_sta1_j3_k4,0.2189999967813491,resnet18,cifar,resnet18cifar,2,NO,NO,0.0922933183083162,0.014865454156370216,0.06287159933392586,0.06285988483685222,0.01766489908386369,0.003068836985764282,0.00044073516733011064,0.003068836985764282,0.00044073516733011064,0.09924719554985761,0.012095209090963377,0.36689072652818533,0.13649851632047477,0.05960485714285714
1185,mul8_440,0.1039000004529953,resnet34,cifar,resnet34cifar,2,NO,NO,1.0,0.6321583277711258,0.7183261514570379,0.7183301343570058,0.6797488926925509,1.0,1.0,1.0,1.0,0.758202960480589,1.0,0.9850699160437314,1.0,1.0
1186,mul8_414,0.9731000065803528,resnet18,mnist,resnet18mnist,0,NO,NO,0.022531702122218042,0.0003240198201411357,0.013836940300192679,0.013915547024952016,0.00036769735399829514,0.0015186090588960135,0.00041966416331432846,0.0015186090588960135,0.00041966416331432846,0.01624162474565717,0.011614505890853501,0.4295300851780431,0.011869436201780416,0.14285714285714285
1187,mul8_485,0.100100003182888,resnet34,cifar,resnet34cifar,2,NO,NO,1.0,0.43084286551346396,0.7489696608368895,0.7490403071017275,0.5251768937835817,0.037363564584699714,0.021394092744024176,0.037363564584699714,0.021394092744024176,0.7290376746114405,0.08798510715799908,0.9926978612837999,0.9465875370919882,0.14285714285714285
1188,ReFAM_sta1_j5_k1_const1,0.1032000035047531,resnet18,mnist,resnet18mnist,2,NO,YES,0.08319397706665123,0.013247395103558964,0.10331582090810533,0.10340690978886757,0.006704453178316493,1.0,1.0,1.0,1.0,0.093143825767061,1.0,0.8033808535723667,0.0712166172106825,1.0
1189,ReFAM_new2_sta3_j1_k2,0.7062000036239624,vgg16,cifar,vgg16cifar,0,YES,NO,0.03639736496665991,0.000285806180419331,0.01937171642026975,0.019433781190019195,0.00037607792047119075,0.002989338117719755,0.0024284332128188964,0.002989338117719755,0.0024284332128188964,0.019140938834504094,0.027867349802642973,0.6999749536234776,0.010385756676557863,0.2857142857142857
1190,ReFAM_sta3_j5_k4_const0,0.1134999990463256,resnet34,mnist,resnet34mnist,2,YES,NO,1.0,0.7866265297429496,1.0,1.0,1.0,0.11344398130331165,0.0866966460229358,0.11344398130331165,0.0866966460229358,1.0,0.19051297898640296,1.0,1.0,0.14285714285714285
1191,mul8_002,0.0099999997764825,resnet34,cifar100,resnet34cifar100,2,NO,NO,1.0,1.0,1.0,1.0,1.0,0.060498638581884735,0.04153797258311194,0.060498638581884735,0.04153797258311194,1.0,0.12521646572675757,1.0,1.0,1.0
1192,mul8_339,0.1035000011324882,resnet34,cifar,resnet34cifar,2,NO,NO,0.7467959347623614,1.0,1.0,1.0,1.0,1.0,1.0,1.0,1.0,1.0,1.0,0.9514039206742565,1.0,1.0
1193,ReFAM_new1_sta2_j1_k5,0.4772999882698059,vgg16,mnist,vgg16mnist,2,YES,YES,0.3241098689888287,0.018450022928183832,0.17250052240906874,0.17250479846449138,0.024277453501169485,1.0,1.0,1.0,1.0,0.1631814093469018,1.0,0.9912999476673271,0.09347181008902077,1.0
1194,ReFAM_sta4_j4_k4_const0,0.1000000014901161,resnet18,cifar,resnet18cifar,2,YES,NO,1.0,0.09997961939214838,0.6383441791822223,0.6384357005758158,0.13155813249151538,0.05404748611931696,0.04449844864732934,0.05404748611931696,0.04449844864732934,0.5261356178535616,0.12693923433833146,0.9963336584610937,0.3798219584569733,0.14285714285714285
1195,ReFAM_sta3_j8_k2_const1,0.1009000018239021,resnet34,mnist,resnet34mnist,2,NO,YES,0.6105224671193311,1.0,1.0,1.0,1.0,1.0,1.0,1.0,1.0,1.0,1.0,0.9096283972966204,1.0,1.0
1196,mul8_342,0.8738999962806702,resnet34,cifar,resnet34cifar,1,NO,NO,0.029730268972852705,0.0008993374901281432,0.016981781642366738,0.017034548944337813,0.0011366067183321104,0.0015420973608182601,0.0003213328112406783,0.0015420973608182601,0.0003213328112406783,0.025536216631916943,0.010174635591145507,0.4459354618002032,0.02967359050445104,0.14285714285714285
1197,ReFAM_new1_sta2_j5_k1,0.1931000053882599,vgg16,cifar,vgg16cifar,2,YES,YES,0.21838418979995947,0.015282271418745065,0.11623029852161851,0.11612284069097889,0.02010916925171303,1.0,1.0,1.0,1.0,0.126735563440329,1.0,0.5468550507138217,0.0712166172106825,1.0
1198,mul8_375,0.9873999953269958,vgg16,mnist,vgg16mnist,0,YES,NO,0.09705963991109309,0.003209945736631595,0.051657910454052665,0.051583493282149714,0.00422380550233939,0.004404056610421217,0.0015416951271547297,0.004404056610421217,0.0015416951271547297,0.057295065297137855,0.02241913139021754,0.44543860685130393,0.02373887240356083,0.14285714285714285
1199,ReFAM_new1_sta1_j5_k3,0.1027999967336654,resnet18,mnist,resnet18mnist,2,NO,YES,1.0,0.48535143810664155,0.7739461941241105,0.7739923224568139,0.5385844373763006,1.0,1.0,1.0,1.0,0.7468793159495415,1.0,0.7894607698400902,0.3560830860534125,1.0
1200,ReFAM_new2_sta4_j1_k6,0.1000000014901161,vgg16,cifar,vgg16cifar,2,NO,NO,1.0,1.0,1.0,1.0,1.0,1.0,1.0,1.0,1.0,1.0,1.0,1.0,1.0,0.2857142857142857
1201,ReFAM_new1_sta1_j1_k7,0.1027999967336654,resnet18,mnist,resnet18mnist,2,NO,YES,1.0,0.5146453774233817,0.8247897434488103,0.8248560460652592,0.5683642094367859,1.0,1.0,1.0,1.0,0.7839610539481563,1.0,0.9714145501120978,0.37833827893175076,1.0
1202,ReFAM_new_sta3_j6_k2,0.1234999969601631,resnet34,mnist,resnet34mnist,2,NO,NO,0.18783640134579846,0.05795326103737294,0.17067000959272638,0.17058541266794627,0.052702468742405834,0.008589491333719987,0.0018454687683822563,0.008589491333719987,0.0018454687683822563,0.19676568128666172,0.025214524999552138,0.5171822215525088,0.21364985163204747,0.06762471428571429
1203,ReFAM_new2_sta3_j3_k4,0.4196000099182129,vgg16,cifar,vgg16cifar,2,NO,NO,0.5199623566665702,0.07654192036277482,0.2840320284653388,0.2840690978886756,0.09568275146810319,0.03945312005955188,0.06985915789732451,0.03945312005955188,0.06985915789732451,0.2919730406678454,0.15241127890937103,0.8554559356857923,0.18397626112759644,0.2857142857142857
1204,mul8_471,0.0108000002801418,resnet34,cifar100,resnet34cifar100,2,NO,NO,0.8863191671345577,0.4824689827656485,0.6747967681866619,0.6746641074856046,0.348228472210455,0.04864427328097248,0.044654725260446386,0.04864427328097248,0.044654725260446386,0.6303197557149195,0.12563596137654287,1.0,0.7255192878338279,1.0
1205,ReFAM_sta3_j6_k4_const1,0.1009000018239021,resnet34,mnist,resnet34mnist,2,NO,YES,0.5567930235971189,1.0,1.0,1.0,1.0,1.0,1.0,1.0,1.0,1.0,1.0,0.9921388994662882,1.0,1.0
1206,ReFAM_new2_sta3_j2_k1,0.7422000169754028,resnet18,cifar,resnet18cifar,2,YES,NO,0.032930949255549444,0.0002730683005120628,0.017526791046910725,0.01751439539347409,0.00035931678752539953,0.002669535853086092,0.0019666270414730037,0.002669535853086092,0.0019666270414730037,0.017955792890688407,0.025075688361011088,0.6045238235839125,0.008902077151335312,0.2857142857142857
1207,mul8_267,0.1093000024557113,resnet34,mnist,resnet34mnist,2,NO,NO,1.0,1.0,1.0,1.0,1.0,0.09031794126840442,0.05873015594298889,0.09031794126840442,0.05873015594298889,1.0,0.1555769035548151,1.0,1.0,1.0
1208,mul8_306,0.1023000031709671,resnet34,cifar,resnet34cifar,2,NO,NO,0.8219738254970697,0.26567331438361397,0.5372103109248304,0.5371880998080615,0.22991543741139062,1.0,1.0,1.0,1.0,0.5057991817464039,1.0,0.993318929969924,0.5007418397626113,1.0
1209,mul8_101,0.1023999974131584,vgg16,cifar,vgg16cifar,2,NO,NO,0.2859792961666136,0.09001143224721678,0.2763640573823154,0.2763915547024952,0.05293541334225654,0.022225353995811853,0.012386238527277294,0.022225353995811853,0.012386238527277294,0.25347112417372053,0.06532487773418606,0.9205816053709205,0.26112759643916916,0.2857142857142857
1210,ReFAM_new1_sta1_j2_k2,0.6173999905586243,vgg16,cifar,vgg16cifar,2,NO,YES,0.08319397706665123,0.0017323516673884798,0.04704559702065511,0.04702495201535509,0.0019683855503213575,1.0,1.0,1.0,1.0,0.045295728572609224,1.0,0.763609040316521,0.020771513353115726,1.0
1211,ReFAM_sta1_j5_k1_const1,0.1009000018239021,resnet34,mnist,resnet34mnist,2,NO,YES,0.08319397706665123,0.013247395103558964,0.10331582090810533,0.10340690978886757,0.006704453178316493,1.0,1.0,1.0,1.0,0.093143825767061,1.0,0.8033808535723667,0.0712166172106825,1.0
1212,ReFAM_sta2_j3_k5_const1,0.1050999984145164,resnet34,cifar,resnet34cifar,2,NO,YES,0.19585248767774144,0.24491042085955214,0.42289328857180314,0.42298464491362764,0.11547715356544218,1.0,1.0,1.0,1.0,0.38305795356302386,1.0,1.0,0.3264094955489614,1.0
1213,mul8_201,0.101000003516674,vgg16,mnist,vgg16mnist,2,NO,NO,1.0,1.0,1.0,1.0,1.0,0.060498638581884735,0.04153797258311194,0.060498638581884735,0.04153797258311194,1.0,0.12521646572675757,1.0,1.0,1.0
1214,ReFAM_sta1_j5_k5_const0,0.1000000014901161,resnet18,cifar,resnet18cifar,2,YES,NO,1.0,1.0,1.0,1.0,1.0,0.09411581900998613,0.05391191969138003,0.09411581900998613,0.05391191969138003,1.0,0.1521642094074512,0.9438228101219942,1.0,0.14285714285714285
1215,ReFAM_new2_sta2_j5_k1,0.1410000026226043,resnet18,mnist,resnet18mnist,2,YES,NO,0.16985436984441293,0.012938501515807709,0.09040134329459217,0.0904510556621881,0.01702512078968744,0.010683563789711038,0.011431019678561834,0.010683563789711038,0.011431019678561834,0.10881753774104916,0.06087016236422373,0.4474270447922881,0.0712166172106825,0.2857142857142857
1216,ReFAM_sta3_j1_k5_const1,0.1105000004172325,resnet18,mnist,resnet18mnist,2,NO,YES,0.10832549097220212,0.009653521705347362,0.09623880156127328,0.09620921305182342,0.005392519846942458,1.0,1.0,1.0,1.0,0.08568643774715573,1.0,1.0,0.06083086053412463,1.0
1217,mul8_027,0.9921000003814696,resnet34,mnist,resnet34mnist,0,NO,NO,0.0,0.0,0.0,0.0,0.0,0.0,0.0,0.0,0.0,0.0,0.0,0.0,0.0,0.0
1218,ReFAM_sta3_j2_k6_const1,0.1000000014901161,resnet18,cifar,resnet18cifar,2,NO,YES,0.05719585923332272,0.1860805225078338,0.3634782233421789,0.3634836852207294,0.08334907430411266,1.0,1.0,1.0,1.0,0.3279362829367258,1.0,1.0,0.3219584569732938,1.0
1219,ReFAM_sta4_j5_k5_const1,0.1000000014901161,vgg16,cifar,vgg16cifar,2,NO,YES,1.0,1.0,1.0,1.0,1.0,1.0,1.0,1.0,1.0,1.0,1.0,1.0,1.0,1.0
1220,ReFAM_sta2_j1_k3_const0,0.4133999943733215,resnet34,cifar,resnet34cifar,2,YES,NO,0.05719585923332272,0.000499165668866074,0.030441268660423893,0.03047024952015355,0.0006568268973131939,0.0038846037794484584,0.001740113748303345,0.0038846037794484584,0.001740113748303345,0.02803347200712258,0.023717925750762852,0.8272431270095645,0.017062314540059347,0.14285714285714285
1221,ReFAM_new_sta2_j4_k4,0.1134999990463256,resnet18,mnist,resnet18mnist,2,NO,NO,0.28511269223883595,0.08703454990701348,0.23268400643639853,0.23272552783109407,0.07621903001406873,0.008627433975286692,0.0008112336546076141,0.008627433975286692,0.0008112336546076141,0.24991938401884056,0.017562088341902392,0.653352040057912,0.2314540059347181,0.046083
1222,ReFAM_sta1_j2_k8_const0,0.1134999990463256,resnet34,mnist,resnet34mnist,2,YES,NO,1.0,1.0,1.0,1.0,1.0,0.09825698731812374,0.05903392958421641,0.09825698731812374,0.05903392958421641,1.0,0.15913216650842274,0.9545113003956514,1.0,0.14285714285714285
1223,mul8_080,0.1256999969482422,resnet18,cifar,resnet18cifar,2,NO,NO,0.4800985759887998,0.29799493828497187,0.30046575657629554,0.30038387715930903,0.3613541828000585,1.0,1.0,1.0,1.0,0.45449111499076,1.0,0.6723832136333739,0.4280415430267062,1.0
1224,mul8_383,0.6730999946594238,vgg16,mnist,vgg16mnist,2,NO,NO,0.9893096294095868,0.3884135020253229,0.630812009366081,0.6307581573896353,0.36252633376355514,0.039950891381057944,0.028602132034423,0.039950891381057944,0.028602132034423,0.610448052044359,0.10082376405534357,0.9953236582371017,0.8553412462908012,0.15178571428571427
1225,ReFAM_new1_sta2_j3_k4,0.1000000014901161,resnet34,cifar,resnet34cifar,2,NO,YES,0.4644997052888027,0.08054161465365704,0.28302308305685775,0.2831094049904031,0.0826094329787118,1.0,1.0,1.0,1.0,0.28146943306326877,1.0,0.9018141314507147,0.18397626112759644,1.0
1226,ReFAM_sta1_j1_k6_const0,0.1115999966859817,resnet18,cifar,resnet18cifar,2,YES,NO,0.6534193615443231,0.07465910248898174,0.347768432878176,0.34764875239923226,0.09824014290770974,0.023957164564463642,0.014222927710652972,0.023957164564463642,0.014222927710652972,0.3286923251547612,0.0700333805079331,0.8789455679113154,0.27967359050445106,0.14285714285714285
1227,ReFAM_sta2_j1_k2_const1,0.7404999732971191,resnet34,cifar,resnet34cifar,2,YES,YES,0.029464533544438978,7.244669197258808e-05,0.015681865673551704,0.015595009596928982,9.532894362918763e-05,1.0,1.0,1.0,1.0,0.013191980885101902,1.0,0.9545113003956514,0.0051928783382789315,1.0
1228,mul8_093,0.5752999782562256,resnet18,cifar,resnet18cifar,2,NO,NO,0.04499569821276667,0.0028759981147937737,0.033296940089428406,0.033349328214971205,0.003125532483961148,0.00297940075921419,0.0010096522757562295,0.00297940075921419,0.0010096522757562295,0.04430672461003446,0.018069663149471824,0.5943942951277671,0.05341246290801187,0.2689075714285714
1229,mul8_204,0.1081999987363815,resnet34,cifar,resnet34cifar,2,NO,NO,0.6998368378923275,1.0,0.5938317495657562,0.5938099808061421,1.0,0.03448624759922452,0.020322983373221915,0.03448624759922452,0.020322983373221915,0.8374286287854824,0.08520986725425915,0.9642987320017349,1.0,0.32722828571428575
1230,mul8_094,0.1093000024557113,resnet34,cifar,resnet34cifar,2,NO,NO,0.30591118650549876,0.06765705009808168,0.21680350502759876,0.21689059500959693,0.06379536229376997,0.016201507948983406,0.010456485742831909,0.016201507948983406,0.010456485742831909,0.23062249310352867,0.059136197249541694,0.9520260075057678,0.3353115727002967,1.0
1231,ReFAM_sta4_j1_k6_const1,0.1000000014901161,resnet18,cifar,resnet18cifar,2,NO,YES,0.3275762846999392,0.02361841770055792,0.19570622621577557,0.19577735124760076,0.021347110477892204,1.0,1.0,1.0,1.0,0.17304826946719992,1.0,1.0,0.09421364985163205,1.0
1232,ReFAM_new2_sta1_j5_k2,0.101000003516674,resnet34,cifar,resnet34cifar,2,NO,NO,0.14558945986663965,0.06408427381346649,0.15312880598879897,0.15307101727447217,0.06285005826348067,0.010522759261166428,0.011906873185918248,0.010522759261166428,0.011906873185918248,0.20024019792975098,0.06207789183282277,0.4295300851780431,0.1661721068249258,0.2857142857142857
1233,mul8_061,0.1134999990463256,resnet18,mnist,resnet18mnist,2,NO,NO,1.0,1.0,1.0,1.0,1.0,0.08982649372049283,0.05875298286400598,0.08982649372049283,0.05875298286400598,1.0,0.15540597027403066,1.0,1.0,1.0
1234,ReFAM_sta2_j2_k4_const0,0.1134999990463256,resnet18,mnist,resnet18mnist,2,YES,NO,0.33970873968882587,0.010145721346139148,0.18080268658918433,0.1809021113243762,0.013350242391322716,0.01726480530907895,0.009963073065462343,0.01726480530907895,0.009963073065462343,0.15306767923740722,0.05800758973624025,0.9535165723524657,0.08753709198813056,0.14285714285714285
1235,mul8_078,0.155699998140335,vgg16,mnist,vgg16mnist,2,NO,NO,0.6380371418262705,0.15451285918273763,0.38402081058109866,0.3841170825335893,0.16372869250907332,0.02738193966397274,0.019150030816343377,0.02738193966397274,0.019150030816343377,0.38851802507289446,0.08116643676513619,0.9804251367878328,0.4317507418397626,0.7142857142857143
1236,ReFAM_new_sta3_j2_k7,0.0099999997764825,resnet34,cifar100,resnet34cifar100,2,NO,NO,0.5801913296471145,0.2780475676254044,0.43344215490353566,0.43354126679462573,0.25197166655466635,0.018510588707185794,0.0044881238553616054,0.018510588707185794,0.0044881238553616054,0.4596376608834779,0.040715710336014524,0.6890685802369835,0.5133531157270029,0.06800742857142857
1237,mul8_103,0.1185000017285347,resnet18,cifar,resnet18cifar,2,NO,NO,0.09267246099313463,1.0,0.40756241626068224,0.4076295585412668,1.0,1.0,1.0,1.0,1.0,0.8408971170788536,1.0,0.751957384506678,1.0,1.0
1238,mul8_034,0.1000000014901161,vgg16,cifar,vgg16cifar,2,NO,NO,0.7227747554060677,1.0,1.0,1.0,1.0,1.0,1.0,1.0,1.0,1.0,1.0,0.9527244552413107,1.0,1.0
1239,ReFAM_sta2_j7_k2_const1,0.1027999967336654,resnet18,mnist,resnet18mnist,2,NO,YES,0.49916386239990734,0.9118283952818893,0.8144480733060582,0.814299424184261,0.47011264663284386,1.0,1.0,1.0,1.0,0.7500122116716056,1.0,0.9163552838691155,0.6646884272997032,1.0
1240,ReFAM_new2_sta2_j6_k3,0.1026000007987022,resnet18,mnist,resnet18mnist,2,NO,NO,0.7643446642998581,1.0,0.7984635217960517,0.7984644913627639,0.9558774699486614,0.06171099631956376,0.09880018191300134,0.06171099631956376,0.09880018191300134,0.8723565324433262,0.1842548801824881,0.6765474282665668,0.712166172106825,0.2857142857142857
1241,ReFAM_new2_sta3_j1_k1,0.8920000195503235,resnet34,mnist,resnet34mnist,2,YES,NO,0.013865662844441871,6.368939953634117e-05,0.007379701493436096,0.007437619961612285,8.380566472895615e-05,0.0011988067942623499,0.0007743593975799951,0.0011988067942623499,0.0007743593975799951,0.008120812372828586,0.01571242602843613,0.5090726935443474,0.004451038575667656,0.2857142857142857
1242,mul8_325,0.1134999990463256,resnet18,mnist,resnet18mnist,2,NO,NO,0.4965369709770393,0.1689863496802792,0.3529820591486617,0.35292706333973134,0.1549503179605265,0.02416946267799164,0.015975332877965525,0.02416946267799164,0.015975332877965525,0.3671471815411856,0.07394693156100153,0.9830662059219408,0.46958456973293766,0.7142857142857143
1243,mul8_315,0.0100999996066093,resnet34,cifar100,resnet34cifar100,2,NO,NO,0.787309668385965,0.466251335490281,0.6411325108350991,0.6410748560460653,0.32363960502182443,0.04710940308997645,0.04429827410917941,0.04710940308997645,0.04429827410917941,0.6022553731889685,0.12478502714032352,1.0,0.7047477744807121,1.0
1244,mul8_373,0.1134999990463256,resnet34,mnist,resnet34mnist,2,NO,NO,1.0,0.3054859063765827,0.6138106346162493,0.6137236084452975,0.3082963537020369,0.03762012911338887,0.02584183050835553,0.03762012911338887,0.02584183050835553,0.5809910584739663,0.09573905877716271,0.9953542025987143,0.650593471810089,0.235955
1245,ReFAM_new1_sta3_j2_k3,0.1048000007867813,resnet18,mnist,resnet18mnist,2,NO,YES,0.18198682483329956,0.004521151249586019,0.09726215952677104,0.09716890595009597,0.005852708551806751,1.0,1.0,1.0,1.0,0.08746382641650943,1.0,0.9664429461869437,0.04451038575667656,1.0
1246,ReFAM_new1_sta4_j2_k3,0.101000003516674,vgg16,mnist,vgg16mnist,2,NO,YES,1.0,1.0,1.0,1.0,1.0,1.0,1.0,1.0,1.0,1.0,1.0,1.0,1.0,1.0
1247,ReFAM_sta3_j4_k6_const1,0.1000000014901161,vgg16,cifar,vgg16cifar,2,NO,YES,0.5082632036415723,1.0,1.0,1.0,1.0,1.0,1.0,1.0,1.0,1.0,1.0,1.0,1.0,1.0
1248,ReFAM_new_sta2_j5_k4,0.70169997215271,vgg16,mnist,vgg16mnist,2,NO,NO,0.5823578394665586,0.3601890301378239,0.483638899221291,0.4836852207293666,0.3042637264363282,0.015367673230743655,0.00169094807226652,0.015367673230743655,0.00169094807226652,0.5088250424544566,0.026419268733989,0.7175461067138543,0.5103857566765578,0.046083
1249,ReFAM_sta1_j8_k2_const0,0.1134999990463256,resnet18,mnist,resnet18mnist,2,YES,NO,1.0,1.0,1.0,1.0,1.0,0.07445972388597694,0.03618769348010458,0.07445972388597694,0.03618769348010458,1.0,0.12356162256737309,0.8690033782063944,1.0,0.14285714285714285
1250,mul8_084,0.100100003182888,vgg16,cifar,vgg16cifar,2,NO,NO,0.3996330493925207,0.17536930768348918,0.3545042554163098,0.35460652591170827,0.1317394958612436,0.026694455134633137,0.016791834283577084,0.026694455134633137,0.016791834283577084,0.35387782284885794,0.07625415763482082,0.989932578412467,0.5682492581602374,0.2857142857142857
1251,ReFAM_new_sta1_j6_k2,0.1196999996900558,resnet34,mnist,resnet34mnist,2,NO,NO,0.15598870699997106,0.05367424145925152,0.11346291046157997,0.11348368522072937,0.06326384873307989,0.0038032981189483742,0.0005917440294432163,0.0038032981189483742,0.0005917440294432163,0.18597271018867897,0.014061315036754387,0.2863533901186954,0.23738872403560832,0.05442171428571429
1252,mul8_115,0.1076999977231025,resnet34,mnist,resnet34mnist,2,NO,NO,1.0,1.0,1.0,1.0,1.0,0.09031794126840442,0.05873015594298889,0.09031794126840442,0.05873015594298889,1.0,0.1555769035548151,1.0,1.0,1.0
1253,ReFAM_new_sta3_j1_k4,0.9178000092506408,resnet18,cifar,resnet18cifar,0,NO,NO,0.0028164627652772552,0.00043417013986192136,0.009166972948877649,0.009117082533589253,0.00047061709627710564,0.0007651766049285684,0.00012115827309074755,0.0007651766049285684,0.00012115827309074755,0.015841945430041124,0.006243170133104029,0.21078765763435955,0.01483679525222552,0.063492
1254,mul8_196,0.0997999981045723,resnet34,cifar,resnet34cifar,2,NO,NO,0.16140498154858116,0.01457550566835656,0.10613996256247915,0.10604606525911708,0.014395032763134821,0.009185732844053936,0.004423154926312943,0.009185732844053936,0.004423154926312943,0.11115864072207512,0.03822635447830267,0.9292816577035934,0.16765578635014836,0.2857142857142857
1255,mul8_121,0.2840000092983246,vgg16,mnist,vgg16mnist,2,NO,NO,0.0075286250889837585,1.0,1.0,1.0,1.0,0.05697539329354776,0.03491992140515502,0.05697539329354776,0.03491992140515502,1.0,0.11531054621020763,0.9835009540022277,1.0,0.32034628571428575
1256,ReFAM_new1_sta4_j3_k1,0.1000000014901161,resnet34,cifar,resnet34cifar,2,NO,YES,1.0,1.0,1.0,1.0,1.0,1.0,1.0,1.0,1.0,1.0,1.0,1.0,1.0,1.0
1257,mul8_460,0.1424999982118606,resnet18,cifar,resnet18cifar,2,NO,NO,0.11089822311599977,0.006773516712098439,0.07085846576773441,0.07077735124760078,0.007020533885918374,0.006373460386978808,0.0021773370816308255,0.006373460386978808,0.0021773370816308255,0.0759698370181921,0.02681189277631477,0.8458863871925455,0.0897626112759644,0.14285714285714285
1258,ReFAM_new_sta3_j2_k4,0.9718000292778016,resnet18,mnist,resnet18mnist,0,NO,NO,0.01689877659166353,0.002369992026087178,0.02656404360293676,0.02663147792706334,0.002349428939666606,0.0019450120784075652,0.00034240381525646045,0.0019450120784075652,0.00034240381525646045,0.037508424429245416,0.010555316696822583,0.33606739307946215,0.03857566765578635,0.063492
1259,ReFAM_sta2_j4_k3_const1,0.1427000015974044,vgg16,cifar,vgg16cifar,2,NO,YES,0.010399247133331404,0.05313925050314626,0.19381805948151576,0.19385796545105569,0.023714960925095344,1.0,1.0,1.0,1.0,0.17488575756198743,1.0,0.9644545082459596,0.13649851632047477,1.0
1260,mul8_017,0.0097000002861022,resnet34,cifar100,resnet34cifar100,2,NO,NO,0.9651259652832505,1.0,1.0,1.0,1.0,0.08996561673957074,0.058724888191984945,0.08996561673957074,0.058724888191984945,1.0,0.1554335883150308,1.0,1.0,1.0
1261,mul8_016,0.9890999794006348,vgg16,mnist,vgg16mnist,0,NO,NO,0.003791392184027074,0.04238785478816906,0.04796805970733462,0.047984644913627646,0.0529484189757545,0.0029423615138752623,0.002045643306532187,0.0029423615138752623,0.002045643306532187,0.1561600277432937,0.02559445967168867,0.05170244090175101,0.18991097922848665,0.14174971428571428
1262,ReFAM_new_sta1_j4_k2,0.9896000027656556,vgg16,mnist,vgg16mnist,0,NO,NO,0.038997176749992764,0.00335464009120322,0.028365727615394992,0.02831094049904031,0.003953990550007776,0.0016107554741294423,0.0001826153681367789,0.0016107554741294423,0.0001826153681367789,0.046493177547169744,0.007712151340893212,0.2863533901186954,0.05934718100890208,0.05442171428571429
1263,ReFAM_sta4_j3_k5_const0,0.1134999990463256,resnet34,mnist,resnet34mnist,2,YES,NO,1.0,0.100469231651084,0.6448014179889788,0.6446737044145874,0.13220238853911923,0.05498882498866237,0.04634216149871028,0.05498882498866237,0.04634216149871028,0.5306218875616193,0.1294957692146922,0.9978252414531785,0.3798219584569733,0.14285714285714285
1264,mul8_243,0.1000000014901161,vgg16,cifar,vgg16cifar,2,NO,NO,0.9025679907803881,0.4901862098947851,0.6794718053929029,0.6794625719769674,0.36072538770755674,0.045626026483963814,0.03405425432350664,0.045626026483963814,0.03405425432350664,0.6373176194458958,0.11057442539546049,0.9945773576683656,0.7826409495548962,0.14732142857142858
1265,ReFAM_sta4_j3_k1_const1,0.6906999945640564,vgg16,cifar,vgg16cifar,0,NO,YES,0.043330196388880846,0.0002794372404656969,0.023522798510327556,0.023512476007677544,0.00034124619106821834,1.0,1.0,1.0,1.0,0.02114185827829482,1.0,0.7954260836630428,0.008902077151335312,1.0
1266,ReFAM_sta1_j1_k2_const1,0.7057999968528748,vgg16,cifar,vgg16cifar,0,NO,YES,0.019065286411107572,0.00020619443099890455,0.015451250001881824,0.015355086372360844,0.00010416782652135297,1.0,1.0,1.0,1.0,0.013191980885101902,1.0,0.9545113003956514,0.00741839762611276,1.0
1267,mul8_440,0.0093000000342726,resnet34,cifar100,resnet34cifar100,2,NO,NO,1.0,0.6321583277711258,0.7183261514570379,0.7183301343570058,0.6797488926925509,1.0,1.0,1.0,1.0,0.758202960480589,1.0,0.9850699160437314,1.0,1.0
1268,ReFAM_sta1_j6_k3_const1,0.1000000014901161,resnet18,cifar,resnet18cifar,2,NO,YES,0.8319397706665123,1.0,0.9632816605650804,0.963291746641075,0.4731730030155558,1.0,1.0,1.0,1.0,0.840389650220613,1.0,0.968431384127928,0.712166172106825,1.0
1269,ReFAM_new_sta3_j1_k5,0.8791000247001648,resnet34,cifar,resnet34cifar,1,NO,NO,0.01689877659166353,0.002369992026087178,0.02656404360293676,0.02663147792706334,0.002349428939666606,0.0019450120784075652,0.00034240381525646045,0.0019450120784075652,0.00034240381525646045,0.037508424429245416,0.010555316696822583,0.33606739307946215,0.03857566765578635,0.063492
1270,ReFAM_new1_sta4_j2_k4,0.1000000014901161,resnet34,cifar,resnet34cifar,2,NO,YES,1.0,1.0,1.0,1.0,1.0,1.0,1.0,1.0,1.0,1.0,1.0,1.0,1.0,1.0
1271,ReFAM_new_sta2_j7_k2,0.1120999976992607,resnet18,cifar,resnet18cifar,2,NO,NO,0.5216955645221254,0.3522461658981479,0.4620240856335838,0.46209213051823417,0.2956201731279181,0.014018902662670042,0.001508332704129741,0.014018902662670042,0.001508332704129741,0.4940883883132317,0.02475994697336128,0.6462840747807425,0.47477744807121663,0.04444442857142857
1272,ReFAM_sta1_j5_k4_const1,0.0979999974370002,vgg16,mnist,vgg16mnist,2,NO,YES,0.859671096355396,1.0,0.983748801425782,0.9836852207293667,0.48686802305133053,1.0,1.0,1.0,1.0,0.856556455214942,1.0,0.9932883856083112,0.7359050445103857,1.0
1273,mul8_302,0.5981000065803528,vgg16,cifar,vgg16cifar,2,NO,NO,0.11812513831431988,0.012228048047283011,0.08527847628292348,0.08517274472168906,0.012003292237354588,0.007309378878957552,0.003021933159263428,0.007309378878957552,0.003021933159263428,0.09571564102759904,0.031552492192305166,0.9116952324324105,0.1446587537091988,0.14285714285714285
1274,mul8_351,0.7008000016212463,resnet34,cifar100,resnet34cifar100,0,NO,NO,0.0,0.0,0.0,0.0,0.0,0.0,0.0,0.0,0.0,0.0,0.0,0.0,0.0,0.0
1275,ReFAM_sta3_j3_k3_const1,0.1186000034213066,resnet18,mnist,resnet18mnist,2,NO,YES,0.09445982812776024,0.009379657287341095,0.09178503732461143,0.09189059500959693,0.005082551673108913,1.0,1.0,1.0,1.0,0.08219467520552402,1.0,0.9624660703049752,0.06231454005934718,1.0
1276,ReFAM_new1_sta2_j1_k7,0.1000000014901161,vgg16,cifar,vgg16cifar,2,NO,YES,0.7158148443443116,0.3401451799862431,0.5224778217093048,0.522552783109405,0.29019935926500046,1.0,1.0,1.0,1.0,0.5232447791858944,1.0,1.0,0.37833827893175076,1.0
1277,ReFAM_new2_sta4_j2_k7,0.1000000014901161,resnet18,cifar,resnet18cifar,2,NO,NO,1.0,1.0,1.0,1.0,1.0,1.0,1.0,1.0,1.0,1.0,1.0,1.0,1.0,0.2857142857142857
1278,ReFAM_new2_sta4_j3_k1,0.0998999997973442,resnet34,cifar,resnet34cifar,2,NO,NO,1.0,1.0,1.0,1.0,1.0,1.0,1.0,1.0,1.0,1.0,1.0,1.0,1.0,0.2857142857142857
1279,mul8_046,0.1134999990463256,resnet18,mnist,resnet18mnist,2,NO,NO,0.9097174731845534,0.37893838079891984,0.6207510630681392,0.6206813819577736,0.31285128296175246,0.04107742647709799,0.02989975469839492,0.04107742647709799,0.02989975469839492,0.58664585352985,0.10314666523351428,0.9942047164566912,0.7099406528189911,0.15178571428571427
1280,mul8_135,0.0100999996066093,resnet34,cifar100,resnet34cifar100,2,NO,NO,0.8206739196054033,0.2675780752426566,0.537224273320056,0.5371880998080615,0.23165872049369943,1.0,1.0,1.0,1.0,0.5065599692258025,1.0,0.9959294547424195,0.4992581602373887,1.0
1281,mul8_480,0.1134999990463256,resnet34,mnist,resnet34mnist,2,NO,NO,0.4602750111408868,0.0316568626856546,0.24506878752596659,0.2449616122840691,0.04159697351760885,0.019488063425642358,0.009977120401472864,0.019488063425642358,0.009977120401472864,0.224740518321515,0.058521882445674564,0.9425796546043589,0.24629080118694363,0.14285714285714285
1282,ReFAM_sta4_j4_k3_const0,0.100100003182888,vgg16,cifar,vgg16cifar,2,YES,NO,0.533828019511012,0.02314472779150638,0.2841185074972897,0.2840690978886756,0.030454978562502667,0.027911329853451062,0.019980579557965453,0.027911329853451062,0.019980579557965453,0.23824125519996933,0.08289443041149389,0.9746451254253302,0.1661721068249258,0.14285714285714285
1283,ReFAM_sta3_j8_k2_const1,0.099600002169609,resnet34,cifar,resnet34cifar,2,NO,YES,0.6105224671193311,1.0,1.0,1.0,1.0,1.0,1.0,1.0,1.0,1.0,1.0,0.9096283972966204,1.0,1.0
1284,ReFAM_new2_sta4_j4_k2,0.100100003182888,resnet34,cifar,resnet34cifar,2,NO,NO,1.0,1.0,1.0,1.0,1.0,1.0,1.0,1.0,1.0,1.0,1.0,1.0,1.0,0.2857142857142857
1285,ReFAM_new1_sta2_j4_k5,0.1009000018239021,resnet34,mnist,resnet34mnist,2,NO,YES,1.0,1.0,0.9922311336381584,0.9920825335892515,1.0,1.0,1.0,1.0,1.0,1.0,1.0,0.8910329899468324,0.7477744807121661,1.0
1286,mul8_316,0.835099995136261,resnet18,cifar,resnet18cifar,2,NO,NO,0.027551910944508085,0.0008266599750337553,0.01660793334441076,0.016554702495201537,0.0010129191110379502,0.0015420973608182601,0.0003213328112406783,0.0015420973608182601,0.0003213328112406783,0.024315986071713175,0.010173889157604964,0.4664429461869437,0.02967359050445104,0.14285714285714285
1287,mul8_483,0.1000000014901161,vgg16,cifar,vgg16cifar,2,NO,NO,1.0,0.5131080745420732,0.5665010915021291,0.5664587332053742,0.6312796628695232,0.03234158495447786,0.020946333908688806,0.03234158495447786,0.020946333908688806,0.6698487519538979,0.08579432471650454,0.978498805715461,0.973293768545994,0.42857142857142855
1288,mul8_330,0.101400002837181,resnet34,cifar,resnet34cifar,2,NO,NO,0.5303616037999016,0.08571160166101954,0.29984902016308607,0.29990403071017274,0.10018833115874236,0.02000570946415956,0.009820843788355812,0.02000570946415956,0.009820843788355812,0.30362530199237175,0.05822032329529508,0.9643302945087346,0.38427299703264095,0.17857142857142858
1289,mul8_144,0.1134999990463256,resnet18,mnist,resnet18mnist,2,NO,NO,0.5315531842005958,0.09982101475046494,0.32411478857051906,0.32413627639155473,0.10055574308740772,0.025678134378382088,0.01805082677352007,0.025678134378382088,0.01805082677352007,0.3170137551050844,0.07859795895212673,0.9761367084174152,0.4043026706231454,0.42857142857142855
1290,ReFAM_sta3_j1_k9_const0,0.1000000014901161,vgg16,cifar,vgg16cifar,2,YES,NO,1.0,1.0,1.0,1.0,1.0,0.19122278293014758,0.14733372782935297,0.19122278293014758,0.14733372782935297,1.0,0.26779348273947085,1.0,1.0,0.14285714285714285
1291,ReFAM_new2_sta3_j5_k2,0.8657000064849854,vgg16,mnist,vgg16mnist,2,NO,NO,0.4541004581554713,0.07494650090438948,0.24920906204318727,0.2492802303262956,0.09407144025009156,0.034345317787691045,0.055569505340621564,0.034345317787691045,0.055569505340621564,0.2730386249197322,0.13578596466085044,0.617822838630065,0.1661721068249258,0.2857142857142857
1292,ReFAM_new1_sta3_j5_k3,0.1000000014901161,resnet34,cifar,resnet34cifar,2,NO,YES,0.8527382649331751,0.25757266960487096,0.49817309216783723,0.49808061420345495,0.2869813661198078,1.0,1.0,1.0,1.0,0.5089474366316024,1.0,0.7967934529179028,0.3560830860534125,1.0
1293,ReFAM_new_sta3_j5_k4,0.0099999997764825,resnet34,cifar100,resnet34cifar100,2,NO,NO,0.5749917060804488,0.27699311000433086,0.4313107605877537,0.43138195777351246,0.2507585772614395,0.018291063423835567,0.004396816171293215,0.018291063423835567,0.004396816171293215,0.45797870072789465,0.04029397538560757,0.6760658454984738,0.5103857566765578,0.06762471428571429
1294,ReFAM_new1_sta3_j2_k5,0.1000000014901161,vgg16,cifar,vgg16cifar,2,NO,YES,0.5719585923332272,0.06613188800855986,0.3108447015912909,0.31094049904030713,0.08214780948734508,1.0,1.0,1.0,1.0,0.2965054284693685,1.0,0.9932883856083112,0.18694362017804153,1.0
1295,ReFAM_sta1_j2_k1_const0,0.8521000146865845,resnet34,cifar,resnet34cifar,2,YES,NO,0.027731325688883743,0.0001846992586553894,0.014759402986872191,0.01487523992322457,0.00024303642771397285,0.0018817743424630556,0.0005970117804471619,0.0018817743424630556,0.0005970117804471619,0.014949552065328449,0.013853806512483354,0.6840664319502168,0.011869436201780416,0.14285714285714285
1296,ReFAM_new2_sta2_j3_k4,0.6007000207901001,vgg16,cifar,vgg16cifar,2,NO,NO,0.33970873968882587,0.06882276513897027,0.22854013062484907,0.2286468330134357,0.06650391977667787,0.026032265699671344,0.03814905277057364,0.026032265699671344,0.03814905277057364,0.2391315344465276,0.11210461415357421,0.8190399296257909,0.18397626112759644,0.2857142857142857
1297,ReFAM_sta3_j4_k1_const0,0.1476999968290329,resnet18,mnist,resnet18mnist,2,YES,NO,0.11785813417775591,0.001846992586553894,0.06272746269420681,0.06261996161228407,0.0024303642771397287,0.006964281519946085,0.003076366586304199,0.006964281519946085,0.003076366586304199,0.05639272664420592,0.031768211485522176,0.8431516486828253,0.04154302670623145,0.14285714285714285
1298,ReFAM_new_sta2_j5_k1,0.855400025844574,resnet18,cifar,resnet18cifar,1,NO,NO,0.024264909977773273,0.002340585432960538,0.027443264928715478,0.027351247600767757,0.0023580164223257175,0.0014779562286459716,9.130768406838946e-05,0.0014779562286459716,9.130768406838946e-05,0.0378971244065334,0.005533311836047366,0.3201588714062013,0.02373887240356083,0.031746
1299,mul8_335,0.1134999990463256,resnet18,mnist,resnet18mnist,2,NO,NO,1.0,1.0,1.0,1.0,1.0,0.0649984551924505,0.04460731550141088,0.0649984551924505,0.04460731550141088,1.0,0.13053107253542573,1.0,1.0,0.42857142857142855
1300,ReFAM_sta4_j3_k1_const1,0.2795999944210052,resnet18,mnist,resnet18mnist,2,NO,YES,0.043330196388880846,0.0002794372404656969,0.023522798510327556,0.023512476007677544,0.00034124619106821834,1.0,1.0,1.0,1.0,0.02114185827829482,1.0,0.7954260836630428,0.008902077151335312,1.0
1301,ReFAM_sta2_j1_k1_const1,0.7088000178337097,vgg16,cifar,vgg16cifar,0,YES,YES,0.013865662844441871,1.592234988408529e-05,0.007379701493436096,0.007437619961612285,2.0951416182239038e-05,1.0,1.0,1.0,1.0,0.006202373313371222,1.0,0.8908772137026079,0.002225519287833828,1.0
1302,mul8_439,0.1004000008106231,resnet34,cifar,resnet34cifar,2,NO,NO,1.0,0.5732229065294372,0.7607429967592189,0.7607965451055663,0.5595320118063015,0.04487078723754081,0.03207357994602311,0.04487078723754081,0.03207357994602311,0.7457084545146896,0.1074789655028275,0.9958357853668072,0.8954005934718101,0.14285714285714285
1303,mul8_384,0.1062999963760376,resnet34,mnist,resnet34mnist,2,NO,NO,0.0915892060834126,1.0,1.0,1.0,1.0,0.055548027253657394,0.03179263322581268,0.055548027253657394,0.03179263322581268,1.0,0.11042961728859509,0.9835783330516465,0.9903560830860534,0.2857142857142857
1304,ReFAM_new_sta3_j3_k1,0.7080000042915344,vgg16,cifar,vgg16cifar,0,NO,NO,0.003466415711110468,6.050492955952411e-05,0.0025367723883686576,0.00263915547024952,7.588341467533027e-05,0.00024120679281691587,3.687425702761882e-05,0.00024120679281691587,3.687425702761882e-05,0.006052896226962023,0.003419412049228785,0.1034058999488891,0.005934718100890208,0.063492
1305,mul8_432,0.9297999739646912,resnet34,mnist,resnet34mnist,1,NO,NO,0.04316771161883825,0.0009236385626576312,0.0240272712145681,0.023992322456813823,0.001154486204351444,0.0025665486831193186,0.0008235250736168203,0.0025665486831193186,0.0008235250736168203,0.028555464291760712,0.016299122791303154,0.6768579626096288,0.03115727002967359,0.14285714285714285
1306,ReFAM_new1_sta1_j5_k4,0.1027999967336654,resnet18,mnist,resnet18mnist,2,NO,YES,1.0,1.0,1.0,1.0,1.0,1.0,1.0,1.0,1.0,1.0,1.0,0.8525969834388472,0.7359050445103857,1.0
1307,mul8_080,0.1134999990463256,resnet34,mnist,resnet34mnist,2,NO,NO,0.4800985759887998,0.29799493828497187,0.30046575657629554,0.30038387715930903,0.3613541828000585,1.0,1.0,1.0,1.0,0.45449111499076,1.0,0.6723832136333739,0.4280415430267062,1.0
1308,mul8_358,0.1101000010967254,resnet18,mnist,resnet18mnist,2,NO,NO,0.25451074450560457,1.0,1.0,1.0,1.0,0.08236624767149622,0.04616656979857876,0.08236624767149622,0.04616656979857876,1.0,0.1388545529460239,1.0,1.0,0.42857142857142855
1309,ReFAM_sta1_j3_k4_const1,0.5110999941825867,vgg16,mnist,vgg16mnist,2,NO,YES,0.214917774088849,0.07358673222428859,0.2542537780160405,0.2543186180422265,0.03335345967771798,1.0,1.0,1.0,1.0,0.22219983013480202,1.0,0.9912999476673271,0.18397626112759644,1.0
1310,ReFAM_new1_sta3_j2_k5,0.0979999974370002,vgg16,mnist,vgg16mnist,2,NO,YES,0.5719585923332272,0.06613188800855986,0.3108447015912909,0.31094049904030713,0.08214780948734508,1.0,1.0,1.0,1.0,0.2965054284693685,1.0,0.9932883856083112,0.18694362017804153,1.0
1311,ReFAM_sta2_j4_k6_const0,0.1000000014901161,vgg16,cifar,vgg16cifar,2,YES,NO,1.0,1.0,1.0,1.0,1.0,0.17491919120742516,0.11941464750844157,0.17491919120742516,0.11941464750844157,1.0,0.24244385326908033,1.0,1.0,0.14285714285714285
1312,ReFAM_new2_sta3_j7_k1,0.3221000134944916,vgg16,cifar,vgg16cifar,2,NO,NO,0.6092225612276647,0.2707816520393346,0.37313615676186257,0.3730806142034549,0.31433383508943,0.048658727620616946,0.08311808717425545,0.048658727620616946,0.08311808717425545,0.46081585541190245,0.1673033744767501,0.42586374363913665,0.28486646884273,0.2857142857142857
1313,ReFAM_new_sta3_j2_k2,0.9884999990463256,vgg16,mnist,vgg16mnist,0,NO,NO,0.003466415711110468,6.050492955952411e-05,0.0025367723883686576,0.00263915547024952,7.588341467533027e-05,0.00024120679281691587,3.687425702761882e-05,0.00024120679281691587,3.687425702761882e-05,0.006052896226962023,0.003419412049228785,0.1034058999488891,0.005934718100890208,0.063492
1314,mul8_110,0.1002999991178512,resnet18,cifar,resnet18cifar,2,NO,NO,1.0,0.3549409738618704,0.6995351437472866,0.6996161228406911,0.42401948808989537,1.0,1.0,1.0,1.0,0.6698766117542115,1.0,0.9988657860387833,0.6862017804154302,1.0
1315,ReFAM_new2_sta4_j7_k1,0.1000000014901161,resnet34,cifar,resnet34cifar,2,NO,NO,1.0,1.0,1.0,1.0,1.0,1.0,1.0,1.0,1.0,1.0,1.0,1.0,1.0,0.2857142857142857
1316,ReFAM_new_sta2_j5_k2,0.5803999900817871,resnet34,mnist,resnet34mnist,2,NO,NO,0.05156293370276821,0.016364145339209744,0.08371348881616571,0.08373320537428024,0.013832583279933483,0.0037644520811538893,0.00029850589022358096,0.0037644520811538893,0.00029850589022358096,0.09909017964262896,0.010217928736497017,0.4859557025304986,0.0830860534124629,0.040816285714285715
1317,mul8_222,0.1000000014901161,vgg16,cifar,vgg16cifar,2,NO,NO,1.0,1.0,1.0,1.0,1.0,0.06420256311577746,0.04275306714802205,0.06420256311577746,0.04275306714802205,1.0,0.12798274842801097,1.0,1.0,0.2857142857142857
1318,mul8_478,0.1134999990463256,resnet34,mnist,resnet34mnist,2,NO,NO,1.0,0.2686244836318243,0.5906072996937218,0.5906909788867564,0.27277248593520115,0.03619276307349851,0.024586349852415177,0.03619276307349851,0.024586349852415177,0.5540576669010541,0.09324895648591032,0.9945315411259467,0.766320474777448,0.14285714285714285
1319,mul8_317,0.9889000058174132,vgg16,mnist,vgg16mnist,0,NO,NO,0.1370046664403005,0.013788244796576057,0.09708919777301862,0.09716890595009597,0.013084374233249247,0.008541611333647715,0.004240539558176165,0.008541611333647715,0.004240539558176165,0.10389088720576269,0.03735153436878594,0.963770314545836,0.14614243323442136,0.42857142857142855
1320,mul8_493,0.1334999948740005,vgg16,mnist,vgg16mnist,2,NO,NO,1.0,0.364189764845999,0.6526431404538144,0.652591170825336,0.39527512395478853,0.03815222949155053,0.024612688607434905,0.03815222949155053,0.024612688607434905,0.634069007561394,0.09382744247983137,0.9857072750560489,0.7344213649851632,0.14285714285714285
1321,ReFAM_new_sta3_j4_k2,0.8841999769210815,resnet34,cifar,resnet34cifar,1,NO,NO,0.016032172663885912,0.002352079382467582,0.02629018657036609,0.026391554702495202,0.002333725869999151,0.0019106830217519744,0.00033538014725119976,0.0019106830217519744,0.00033538014725119976,0.03731255855562516,0.010435887330335656,0.32463362038245613,0.03560830860534125,0.063492
1322,ReFAM_sta2_j1_k6_const0,0.1000000014901161,resnet18,cifar,resnet18cifar,2,YES,NO,0.8406058099442885,0.05441224237637887,0.4473944030395633,0.44745681381957775,0.07159832209037457,0.03485573665638601,0.02259865180692639,0.03485573665638601,0.02259865180692639,0.37286282584417896,0.08944289186268012,0.9823514678602046,0.23071216617210683,0.14285714285714285
1323,ReFAM_sta1_j3_k7_const0,0.1030000001192092,resnet34,cifar,resnet34cifar,2,YES,NO,1.0,1.0,1.0,1.0,1.0,0.09772308014750654,0.05828590894165615,0.09772308014750654,0.05828590894165615,1.0,0.1581588171715543,0.9530197174035663,1.0,0.14285714285714285
1324,ReFAM_sta4_j3_k7_const0,0.1134999990463256,resnet18,mnist,resnet18mnist,2,YES,NO,1.0,1.0,1.0,1.0,1.0,0.1638372296812637,0.13522492418828347,0.1638372296812637,0.13522492418828347,1.0,0.24745242232612577,1.0,1.0,0.14285714285714285
1325,ReFAM_new2_sta2_j6_k3,0.1028999984264373,resnet34,mnist,resnet34mnist,2,NO,NO,0.7643446642998581,1.0,0.7984635217960517,0.7984644913627639,0.9558774699486614,0.06171099631956376,0.09880018191300134,0.06171099631956376,0.09880018191300134,0.8723565324433262,0.1842548801824881,0.6765474282665668,0.712166172106825,0.2857142857142857
1326,ReFAM_new2_sta3_j2_k4,0.1134999990463256,resnet18,mnist,resnet18mnist,2,NO,NO,0.2920455236610569,0.019329533729905993,0.15710692632510437,0.15714971209213052,0.024791446565785673,0.02233285814691752,0.03362054282418179,0.02233285814691752,0.03362054282418179,0.1553131163417438,0.10492168419292619,0.9003225484586297,0.09198813056379822,0.2857142857142857
1327,ReFAM_new1_sta4_j1_k1,0.1009000018239021,resnet34,mnist,resnet34mnist,2,NO,YES,1.0,1.0,1.0,1.0,1.0,1.0,1.0,1.0,1.0,1.0,1.0,1.0,1.0,1.0
1328,ReFAM_sta1_j6_k4_const1,0.1000000014901161,resnet18,cifar,resnet18cifar,2,NO,YES,1.0,1.0,1.0,1.0,1.0,1.0,1.0,1.0,1.0,1.0,1.0,0.9975136889647295,1.0,1.0
1329,mul8_188,0.0099999997764825,resnet34,cifar100,resnet34cifar100,2,NO,NO,1.0,0.6018670024966244,0.8512826209003951,0.8512476007677543,0.6005663528091374,0.0480832642235219,0.034872511646119514,0.0480832642235219,0.034872511646119514,0.8078185362463622,0.11244424141452142,0.996085230986644,0.9673590504451038,0.6190475714285714
1330,ReFAM_new_sta3_j6_k3,0.5360000133514404,vgg16,mnist,vgg16mnist,2,NO,NO,0.560042788326285,0.2740254203245612,0.42518323208432085,0.42514395393474086,0.24739749134080688,0.017792388706101718,0.004231759973169588,0.017792388706101718,0.004231759973169588,0.45326655333062404,0.03948558786119919,0.6504778156301607,0.49851632047477745,0.06762471428571429
1331,mul8_345,0.0097000002861022,resnet34,cifar100,resnet34cifar100,2,NO,NO,1.0,0.4939655831401421,0.7352839490695511,0.7353646833013436,0.46129068232770726,0.046711908749753825,0.035165749785339144,0.046711908749753825,0.035165749785339144,0.7018790847906173,0.11246364868657553,1.0,0.9562314540059347,0.2857142857142857
1332,ReFAM_sta1_j1_k3_const1,0.4244999885559082,resnet34,cifar,resnet34cifar,2,NO,YES,0.032930949255549444,0.0010086808651568033,0.03165200093669075,0.03166986564299425,0.00047209023225171123,1.0,1.0,1.0,1.0,0.027305205674339684,1.0,0.986328343742173,0.019287833827893175,1.0
1333,mul8_473,0.989300012588501,vgg16,mnist,vgg16mnist,0,NO,NO,0.025537736229904504,0.0007687694188979186,0.015393596083964355,0.015355086372360844,0.0009472945489156869,0.0014364000021681509,0.00031430914323541753,0.0014364000021681509,0.00031430914323541753,0.023273660855098424,0.010061924126523472,0.45488394160732576,0.026706231454005934,0.14285714285714285
1334,mul8_488,0.1142999976873397,resnet18,mnist,resnet18mnist,2,NO,NO,0.5976858999055409,1.0,1.0,1.0,1.0,0.08769176843425172,0.05915333194030585,0.08769176843425172,0.05915333194030585,1.0,0.1549819960230021,1.0,1.0,1.0
1335,mul8_171,0.70169997215271,vgg16,cifar,vgg16cifar,0,NO,NO,0.026512665648654322,0.0008126414032048506,0.01575393214848585,0.015834932821497123,0.0010089025066610867,0.0014571781154070612,0.0003213328112406783,0.0014571781154070612,0.0003213328112406783,0.023971590539793888,0.010167917689280617,0.443947023859219,0.02967359050445104,0.14285714285714285
1336,ReFAM_new_sta2_j3_k1,0.9886000156402588,vgg16,mnist,vgg16mnist,0,YES,NO,0.006066227494443318,7.94127200468754e-05,0.0032286194033782916,0.0031190019193857964,0.00010449518820891721,0.00023578641545024363,1.4047336010521454e-05,0.00023578641545024363,1.4047336010521454e-05,0.007161882485407868,0.0021303213247105333,0.11135965171282598,0.005934718100890208,0.031746
1337,mul8_301,0.1134999990463256,resnet18,mnist,resnet18mnist,2,NO,NO,0.6400411668756719,1.0,0.5890050373547207,0.5890115163147793,1.0,0.034138440051529724,0.020270305863182462,0.034138440051529724,0.020270305863182462,0.8379130217088343,0.0850157945337179,0.9642681876401222,1.0,0.32722828571428575
1338,ReFAM_new2_sta3_j3_k3,0.0979000031948089,resnet18,cifar,resnet18cifar,2,NO,NO,0.2816462765277255,0.01950945628359616,0.15162980412294477,0.15163147792706333,0.02502946202851441,0.021455660409744393,0.031220204283383936,0.021455660409744393,0.031220204283383936,0.1526962278655991,0.10109770516472295,0.8018892705802818,0.08902077151335312,0.2857142857142857
1339,mul8_405,0.1134999990463256,resnet18,mnist,resnet18mnist,2,NO,NO,0.6543401316840026,0.12678621321937178,0.3780705203684337,0.3781190019193858,0.14017460974843687,0.026076532114832497,0.015239603654414463,0.026076532114832497,0.015239603654414463,0.3717640718093228,0.07279817034210542,0.9767272327419265,0.4992581602373887,0.2380952857142857
1340,mul8_091,0.9800999760627748,resnet34,mnist,resnet34mnist,0,NO,NO,0.03141439238193861,0.000900794499783456,0.017325004179124956,0.01727447216890595,0.0011599381315869873,0.0015339667947682518,0.00031782097723804793,0.0015339667947682518,0.00031782097723804793,0.02585798487362807,0.010108203006037155,0.4528955036663415,0.02967359050445104,0.14285714285714285
1341,mul8_061,0.1000000014901161,vgg16,cifar,vgg16cifar,2,NO,NO,1.0,1.0,1.0,1.0,1.0,0.08982649372049283,0.05875298286400598,0.08982649372049283,0.05875298286400598,1.0,0.15540597027403066,1.0,1.0,1.0
1342,mul8_368,0.3328000009059906,resnet18,mnist,resnet18mnist,2,NO,NO,0.028922906089577965,0.009937956449188597,0.07756253714019269,0.07749520153550864,0.00596247136183334,0.007355452086574267,0.004215956720157752,0.007355452086574267,0.004215956720157752,0.07644852101044594,0.037079832560028184,0.7926913451533225,0.08011869436201781,0.2857142857142857
1343,mul8_048,0.0108000002801418,resnet34,cifar100,resnet34cifar100,2,NO,NO,0.8148785093048061,0.3521875820701602,0.5672886532455086,0.5671785028790788,0.29880684050340844,0.03867168232252329,0.028370350990249395,0.03867168232252329,0.028370350990249395,0.5512076434363727,0.10011465219182744,0.9958052410051945,0.706973293768546,0.15178571428571427
1344,mul8_114,0.0476000010967254,resnet34,cifar100,resnet34cifar100,2,YES,NO,0.07821100448192993,0.002011577433571956,0.04162612873641298,0.04150671785028791,0.0026469331662967365,0.003847564534109531,0.0012168504819114211,0.003847564534109531,0.0012168504819114211,0.045713392780693626,0.01991036826045156,0.6920212018595407,0.04896142433234421,0.14285714285714285
1345,ReFAM_new2_sta2_j7_k1,0.0974999964237213,resnet34,mnist,resnet34mnist,2,NO,NO,0.21838418979995947,0.2690208391715283,0.3323171828762942,0.3322936660268714,0.2346683666218013,0.028827373628418675,0.03863368586293663,0.028827373628418675,0.03863368586293663,0.4025244205753677,0.11325262893892979,0.43549539900099576,0.28486646884273,0.2857142857142857
1346,ReFAM_sta3_j4_k3_const0,0.1611000001430511,vgg16,mnist,vgg16mnist,2,YES,NO,0.7296805071887534,0.040270011209334315,0.3883567910920745,0.3884357005758158,0.05298927423730986,0.03340397891834563,0.022702250910003986,0.03340397891834563,0.022702250910003986,0.3230114866535978,0.08924732627505778,0.9783745919782361,0.2195845697329377,0.14285714285714285
1347,ReFAM_new1_sta3_j2_k5,0.0952999964356422,resnet18,mnist,resnet18mnist,2,NO,YES,0.5719585923332272,0.06613188800855986,0.3108447015912909,0.31094049904030713,0.08214780948734508,1.0,1.0,1.0,1.0,0.2965054284693685,1.0,0.9932883856083112,0.18694362017804153,1.0
1348,mul8_041,0.7001000046730042,resnet34,cifar100,resnet34cifar100,0,NO,NO,0.0,0.0,0.0,0.0,0.0,0.0,0.0,0.0,0.0,0.0,0.0,0.0,0.0,0.0
1349,mul8_142,0.9914000034332277,resnet18,mnist,resnet18mnist,0,NO,NO,0.0,0.0,0.0,0.0,0.0,0.0,0.0,0.0,0.0,0.0,0.0,0.0,0.0,0.0
1350,ReFAM_sta2_j7_k2_const0,0.101000003516674,vgg16,mnist,vgg16mnist,2,YES,NO,1.0,0.9118283952818893,1.0,1.0,1.0,0.09571121674824334,0.054301733265672,0.09571121674824334,0.054301733265672,1.0,0.15324429874061735,0.9912378407987147,0.9970326409495549,0.14285714285714285
1351,ReFAM_sta2_j2_k7_const1,0.1000000014901161,vgg16,cifar,vgg16cifar,2,NO,YES,0.4090370539110352,0.9788360125340738,0.8417237784225144,0.8416506717850288,0.4741285444609092,1.0,1.0,1.0,1.0,0.7671935470487344,1.0,1.0,0.7062314540059347,1.0
1352,mul8_473,0.968500018119812,resnet18,mnist,resnet18mnist,0,NO,NO,0.025537736229904504,0.0007687694188979186,0.015393596083964355,0.015355086372360844,0.0009472945489156869,0.0014364000021681509,0.00031430914323541753,0.0014364000021681509,0.00031430914323541753,0.023273660855098424,0.010061924126523472,0.45488394160732576,0.026706231454005934,0.14285714285714285
1353,mul8_462,0.0109999999403953,resnet34,cifar100,resnet34cifar100,2,NO,NO,0.6913332833845939,0.13546873357450387,0.39517245093081504,0.3951535508637236,0.15267951745656114,0.024594058905047636,0.011129001954335622,0.024594058905047636,0.011129001954335622,0.3883199422174965,0.06280417166777139,0.9666139946119746,0.5044510385756676,0.14285714285714285
1354,ReFAM_sta4_j4_k3_const0,0.100100003182888,resnet34,cifar,resnet34cifar,2,YES,NO,0.533828019511012,0.02314472779150638,0.2841185074972897,0.2840690978886756,0.030454978562502667,0.027911329853451062,0.019980579557965453,0.027911329853451062,0.019980579557965453,0.23824125519996933,0.08289443041149389,0.9746451254253302,0.1661721068249258,0.14285714285714285
1355,ReFAM_sta1_j5_k4_const0,0.1000000014901161,vgg16,cifar,vgg16cifar,2,YES,NO,1.0,1.0,1.0,1.0,1.0,0.05659867706656403,0.035873384336869166,0.05659867706656403,0.035873384336869166,1.0,0.11649065763780657,0.9033057144427995,1.0,0.14285714285714285
1356,ReFAM_sta4_j8_k1_const1,0.0979999974370002,vgg16,mnist,vgg16mnist,2,NO,YES,0.5596094863623962,0.4011984230249917,0.5698513246962685,0.5698176583493282,0.23735538574717346,1.0,1.0,1.0,1.0,0.5277625657667712,1.0,0.7660485166639855,0.47477744807121663,1.0
1357,mul8_031,0.0099999997764825,resnet34,cifar100,resnet34cifar100,2,NO,NO,1.0,1.0,0.7306458509591355,0.7305662188099808,1.0,0.028770459666068615,0.023209710923384076,0.028770459666068615,0.023209710923384076,1.0,0.08904802851973272,0.7945565875024689,0.8100890207715133,0.8401544285714285
1358,mul8_214,0.1550000011920929,vgg16,mnist,vgg16mnist,2,NO,NO,0.5117296193526828,0.46431278939189363,0.5861248173486981,0.5861324376199616,0.279357617295283,0.042672824215355204,0.03069869693399332,0.042672824215355204,0.03069869693399332,0.5540937991022382,0.104805986994142,1.0,0.650593471810089,0.2857142857142857
1359,ReFAM_sta3_j2_k6_const1,0.0979999974370002,vgg16,mnist,vgg16mnist,2,NO,YES,0.05719585923332272,0.1860805225078338,0.3634782233421789,0.3634836852207294,0.08334907430411266,1.0,1.0,1.0,1.0,0.3279362829367258,1.0,1.0,0.3219584569732938,1.0
1360,ReFAM_sta4_j1_k9_const1,0.0979999974370002,vgg16,mnist,vgg16mnist,2,NO,YES,1.0,1.0,1.0,1.0,1.0,1.0,1.0,1.0,1.0,1.0,1.0,1.0,1.0,1.0
1361,mul8_368,0.1000000014901161,resnet18,cifar,resnet18cifar,2,NO,NO,0.028922906089577965,0.009937956449188597,0.07756253714019269,0.07749520153550864,0.00596247136183334,0.007355452086574267,0.004215956720157752,0.007355452086574267,0.004215956720157752,0.07644852101044594,0.037079832560028184,0.7926913451533225,0.08011869436201781,0.2857142857142857
1362,mul8_110,0.1134999990463256,resnet18,mnist,resnet18mnist,2,NO,NO,1.0,0.3549409738618704,0.6995351437472866,0.6996161228406911,0.42401948808989537,1.0,1.0,1.0,1.0,0.6698766117542115,1.0,0.9988657860387833,0.6862017804154302,1.0
1363,mul8_143,0.100500002503395,vgg16,cifar,vgg16cifar,2,NO,NO,0.4864258869817726,0.07012510490917892,0.2793751231856672,0.2792706333973129,0.07869952053766333,0.020811538899338167,0.012421356867303597,0.020811538899338167,0.012421356867303597,0.27642643294217933,0.06509199046953655,0.9738682804949816,0.28857566765578635,0.4375
1364,mul8_255,0.5300999879837036,vgg16,mnist,vgg16mnist,2,NO,NO,0.7685422788082388,0.2262242820421369,0.4716799896353569,0.4716890595009597,0.22976074296523172,0.030305329857064647,0.020071887242033844,0.030305329857064647,0.020071887242033844,0.46923727048246117,0.08364235681911826,0.9844641195384136,0.5756676557863502,0.36153842857142854
1365,mul8_198,0.0087999999523162,resnet34,cifar100,resnet34cifar100,2,NO,NO,0.3852596121090525,1.0,1.0,1.0,1.0,0.07289413822323643,0.036298316251187436,0.07289413822323643,0.036298316251187436,1.0,0.1230652442629118,1.0,1.0,0.44642857142857145
1366,mul8_491,0.0966000035405159,resnet34,mnist,resnet34mnist,2,NO,NO,0.47143253671102364,1.0,0.5470924396758847,0.5470249520153551,1.0,0.018531366820424704,0.00845122852732997,0.018531366820424704,0.00845122852732997,0.8543363279758339,0.05399998805706335,0.7108650366837783,1.0,0.14285714285714285
1367,mul8_251,0.1027999967336654,resnet34,mnist,resnet34mnist,2,NO,NO,0.3442584103096583,1.0,1.0,1.0,1.0,1.0,1.0,1.0,1.0,1.0,1.0,1.0,1.0,1.0
1368,mul8_186,0.1134999990463256,resnet34,mnist,resnet34mnist,2,NO,NO,0.5976994397253085,0.15187035352711895,0.38230853534208414,0.3821976967370442,0.14448415649113777,0.02699528607848345,0.01672862127152974,0.02699528607848345,0.01672862127152974,0.37659908168391937,0.07619295008449628,0.9922936575651257,0.5044510385756676,0.28968257142857146
1369,mul8_372,0.1134999990463256,resnet18,mnist,resnet18mnist,2,NO,NO,1.0,0.776625920974193,0.9454194178070839,0.9452975047984645,0.7372008300748149,0.05257585366426543,0.03845107049479986,0.05257585366426543,0.03845107049479986,0.8962876299056917,0.11869189014886869,0.9989126207265893,1.0,0.14285714285714285
1370,ReFAM_sta2_j7_k3_const1,0.1027999967336654,resnet18,mnist,resnet18mnist,2,NO,YES,0.055462651377767486,1.0,1.0,1.0,1.0,1.0,1.0,1.0,1.0,1.0,1.0,0.9617197697362392,1.0,1.0
1371,mul8_260,0.101000003516674,vgg16,mnist,vgg16mnist,2,NO,NO,1.0,1.0,1.0,1.0,1.0,0.06340938122778775,0.04257571953088922,0.06340938122778775,0.04257571953088922,1.0,0.12749234159187403,1.0,1.0,0.2857142857142857
1372,mul8_057,0.1134999990463256,resnet18,mnist,resnet18mnist,2,NO,NO,1.0,1.0,1.0,1.0,1.0,0.07353735633741487,0.0565686221143699,0.07353735633741487,0.0565686221143699,1.0,0.14710936147089207,1.0,1.0,1.0
1373,ReFAM_sta2_j7_k3_const1,0.1000000014901161,vgg16,cifar,vgg16cifar,2,NO,YES,0.055462651377767486,1.0,1.0,1.0,1.0,1.0,1.0,1.0,1.0,1.0,1.0,0.9617197697362392,1.0,1.0
1374,mul8_441,0.1004000008106231,resnet18,cifar,resnet18cifar,2,NO,NO,0.9142671438053859,0.46781794544366034,0.6658943058784135,0.6657869481765836,0.3611921511176692,0.04494486572821866,0.03382774103033698,0.04494486572821866,0.03382774103033698,0.6297195979042555,0.11005863981894508,0.9946862992247841,0.7796735905044511,0.14732142857142858
1375,ReFAM_new2_sta1_j2_k3,0.8245999813079834,resnet34,cifar,resnet34cifar,2,NO,NO,0.041596988533325614,0.004203500369398518,0.04070366604973347,0.0407869481765835,0.004094937917191732,0.004505236987932433,0.004129916787093308,0.004505236987932433,0.004129916787093308,0.051786761575647544,0.03639236726918782,0.5011189417804105,0.04451038575667656,0.2857142857142857
1376,ReFAM_sta2_j1_k9_const1,0.1027999967336654,resnet18,mnist,resnet18mnist,2,NO,YES,0.039863780677770376,1.0,1.0,1.0,1.0,1.0,1.0,1.0,1.0,1.0,1.0,1.0,1.0,1.0
1377,ReFAM_new2_sta1_j3_k4,0.0131999999284744,resnet34,cifar100,resnet34cifar100,2,NO,NO,0.16118833056663676,0.07073901994751994,0.16754228546816635,0.16746641074856047,0.06758545479247378,0.012428925301779508,0.015474896532590697,0.012428925301779508,0.015474896532590697,0.211314571418077,0.07082310719382788,0.5428781748318533,0.18397626112759644,0.2857142857142857
1378,mul8_165,0.7002000212669373,vgg16,cifar,vgg16cifar,0,YES,NO,0.030981090418049806,0.0008777070924515322,0.016489020524396276,0.016554702495201537,0.0011549304414190389,0.0014463373606737166,0.0003107973092327872,0.0014463373606737166,0.0003107973092327872,0.025519257668745018,0.010001463009739465,0.4046730836976597,0.02967359050445104,0.14285714285714285
1379,mul8_364,0.9301999807357788,resnet34,cifar,resnet34cifar,0,NO,NO,0.0,0.0,0.0,0.0,0.0,0.0,0.0,0.0,0.0,0.0,0.0,0.0,0.0,0.0
1380,ReFAM_sta3_j2_k4_const1,0.1000000014901161,resnet34,cifar,resnet34cifar,2,NO,YES,0.10312586740553642,0.009562764311008077,0.0946028730240591,0.09452975047984645,0.005274033018067782,1.0,1.0,1.0,1.0,0.08439395902620837,1.0,0.9942831136514969,0.06083086053412463,1.0
1381,mul8_161,0.1062000021338462,resnet34,cifar,resnet34cifar,2,NO,NO,0.33088021564100706,1.0,1.0,1.0,1.0,0.07519508841538881,0.038923412168153634,0.07519508841538881,0.038923412168153634,1.0,0.12732066187754906,1.0,1.0,0.42857142857142855
1382,ReFAM_sta3_j1_k9_const0,0.1134999990463256,resnet18,mnist,resnet18mnist,2,YES,NO,1.0,1.0,1.0,1.0,1.0,0.19122278293014758,0.14733372782935297,0.19122278293014758,0.14733372782935297,1.0,0.26779348273947085,1.0,1.0,0.14285714285714285
1383,ReFAM_sta3_j4_k2_const1,0.9419999718666076,vgg16,mnist,vgg16mnist,1,NO,YES,0.08059416528331838,0.009016627709983951,0.08705741605537894,0.08709213051823417,0.004799298348348947,1.0,1.0,1.0,1.0,0.07859447274934046,1.0,0.8998256935097305,0.05934718100890208,1.0
1384,mul8_324,0.1134999990463256,resnet18,mnist,resnet18mnist,2,NO,NO,0.9641239492921341,0.25038409539398265,0.5654502589079713,0.5654990403071017,0.260001467200187,0.03418632005160199,0.022756684337044756,0.03418632005160199,0.022756684337044756,0.5345507176390317,0.08954589969127509,0.9929462887582495,0.6461424332344213,0.14285714285714285
1385,ReFAM_sta1_j5_k1_const1,0.4912000000476837,vgg16,cifar,vgg16cifar,2,NO,YES,0.08319397706665123,0.013247395103558964,0.10331582090810533,0.10340690978886757,0.006704453178316493,1.0,1.0,1.0,1.0,0.093143825767061,1.0,0.8033808535723667,0.0712166172106825,1.0
1386,ReFAM_new2_sta3_j5_k1,0.1032000035047531,resnet18,mnist,resnet18mnist,2,NO,NO,0.21578437801662662,0.017543046072911624,0.11657622202912332,0.11660268714011517,0.02259124097030634,0.016342437760516883,0.020358101713248217,0.016342437760516883,0.020358101713248217,0.1311119341945453,0.08150009255775903,0.5125527144774166,0.0712166172106825,0.2857142857142857
1387,ReFAM_sta2_j4_k3_const0,0.1307000070810318,vgg16,mnist,vgg16mnist,2,YES,NO,0.8215405235331809,0.05313925050314626,0.43724731348608864,0.4371401151631478,0.06992325636660457,0.0333118325031122,0.019973555889960193,0.0333118325031122,0.019973555889960193,0.3653262571967011,0.08423427861676908,0.9781251463583994,0.22551928783382788,0.14285714285714285
1388,mul8_006,0.7078999876976013,vgg16,cifar,vgg16cifar,0,NO,NO,0.00032497647291660636,0.0034646753496548033,0.0009801166045969815,0.0009596928982725527,0.004557845545997958,0.0001273788681167983,0.00043195558232353475,0.0001273788681167983,0.00043195558232353475,0.04464395758544091,0.0117093029505025,0.00026369965525597193,0.7596439169139466,0.2851572857142857
1389,mul8_208,0.1134999990463256,resnet34,mnist,resnet34mnist,2,NO,NO,0.4961036690131505,0.16909635694087077,0.3528106729611782,0.35268714011516317,0.1550939944256601,0.024136940413791604,0.01595952962495369,0.024136940413791604,0.01595952962495369,0.36714406314923437,0.07390513128273112,0.9830662059219408,0.46958456973293766,0.7142857142857143
1390,mul8_113,0.1063999980688095,resnet34,cifar,resnet34cifar,2,NO,NO,0.3884010513472464,1.0,1.0,1.0,1.0,0.07342714199762587,0.03736240195398444,0.07342714199762587,0.03736240195398444,1.0,0.12464395120116085,1.0,1.0,0.44642857142857145
1391,ReFAM_new2_sta3_j5_k4,0.0957999974489212,resnet18,mnist,resnet18mnist,2,NO,NO,1.0,1.0,0.9174143657224791,0.9174664107485605,1.0,0.10847259186184541,0.22875384326333664,0.10847259186184541,0.22875384326333664,1.0,0.2839328687530977,0.7541942499221119,0.7359050445103857,0.2857142857142857
1392,ReFAM_new2_sta2_j7_k2,0.0983999967575073,resnet18,cifar,resnet18cifar,2,NO,NO,0.6551525693998784,1.0,0.7545456525898074,0.7545585412667946,0.9532214741048254,0.055640173668890826,0.08319183568831069,0.055640173668890826,0.08319183568831069,0.8503748278702458,0.16885073120629632,0.5740120426236385,0.6646884272997032,0.2857142857142857
1393,ReFAM_new1_sta1_j1_k6,0.1000000014901161,vgg16,cifar,vgg16cifar,2,NO,YES,0.7244808836220877,0.12771953736020178,0.41287411876401575,0.4129078694817659,0.14123959545848513,1.0,1.0,1.0,1.0,0.3917771831857313,1.0,0.9604766142186039,0.1884272997032641,1.0
1394,mul8_188,0.1000000014901161,resnet18,cifar,resnet18cifar,2,NO,NO,1.0,0.6018670024966244,0.8512826209003951,0.8512476007677543,0.6005663528091374,0.0480832642235219,0.034872511646119514,0.0480832642235219,0.034872511646119514,0.8078185362463622,0.11244424141452142,0.996085230986644,0.9673590504451038,0.6190475714285714
1395,mul8_308,0.1000000014901161,vgg16,cifar,vgg16cifar,2,NO,NO,1.0,0.9360060157312817,1.0,1.0,1.0,0.057348495935620365,0.03996818278393617,0.057348495935620365,0.03996818278393617,1.0,0.12217773478320584,0.999782116887163,1.0,0.2380952857142857
1396,ReFAM_sta3_j5_k4_const1,0.1000000014901161,resnet18,cifar,resnet18cifar,2,NO,YES,0.27947976670828145,0.7866265297429496,0.7498144263363953,0.7497600767754319,0.37018155127996294,1.0,1.0,1.0,1.0,0.6814819212485357,1.0,0.9921857341540943,0.6765578635014837,1.0
1397,ReFAM_new2_sta4_j4_k5,0.100100003182888,resnet34,cifar,resnet34cifar,2,NO,NO,1.0,1.0,1.0,1.0,1.0,1.0,1.0,1.0,1.0,1.0,1.0,1.0,1.0,0.2857142857142857
1398,mul8_355,0.0099999997764825,resnet34,cifar100,resnet34cifar100,2,NO,NO,1.0,1.0,1.0,1.0,1.0,0.06340938122778775,0.04257571953088922,0.06340938122778775,0.04257571953088922,1.0,0.12749234159187403,1.0,1.0,0.2857142857142857
1399,mul8_454,0.1134999990463256,resnet18,mnist,resnet18mnist,2,NO,NO,1.0,0.2568716601533641,0.5823487126509249,0.5822936660268714,0.303317276782602,0.03778545062307238,0.02653892955787766,0.03778545062307238,0.02653892955787766,0.5613553104207734,0.0969303667078698,0.9925115406779627,0.5593471810089021,1.0
1400,ReFAM_sta3_j1_k1_const1,0.9025999903678894,resnet34,cifar,resnet34cifar,1,YES,YES,0.013865662844441871,1.592234988408529e-05,0.007379701493436096,0.007437619961612285,2.0951416182239038e-05,1.0,1.0,1.0,1.0,0.006202373313371222,1.0,0.8908772137026079,0.002225519287833828,1.0
1401,mul8_130,0.2888999879360199,resnet34,cifar,resnet34cifar,2,NO,NO,0.06105495744901921,0.004830115927445036,0.05803992796348666,0.058061420345489445,0.003508595137275775,0.005801610574794883,0.002877947965155583,0.005801610574794883,0.002877947965155583,0.057851882332168134,0.030596310826869217,0.8947919827159639,0.07344213649851632,0.7142857142857143
1402,mul8_186,0.0115999998524785,resnet34,cifar100,resnet34cifar100,2,NO,NO,0.5976994397253085,0.15187035352711895,0.38230853534208414,0.3821976967370442,0.14448415649113777,0.02699528607848345,0.01672862127152974,0.02699528607848345,0.01672862127152974,0.37659908168391937,0.07619295008449628,0.9922936575651257,0.5044510385756676,0.28968257142857146
1403,ReFAM_sta2_j1_k8_const0,0.1129999980330467,resnet34,cifar,resnet34cifar,2,YES,NO,1.0,0.9791823236440527,1.0,1.0,1.0,0.11313592318963914,0.07930950319840281,0.11313592318963914,0.07930950319840281,1.0,0.18412873291413626,1.0,1.0,0.14285714285714285
1404,mul8_420,0.1000000014901161,vgg16,cifar,vgg16cifar,2,NO,NO,1.0,1.0,1.0,1.0,1.0,0.061211418205602136,0.046199932221603755,0.061211418205602136,0.046199932221603755,1.0,0.13121555209210392,1.0,1.0,0.14285714285714285
1405,mul8_230,0.1005999967455864,resnet34,cifar,resnet34cifar,2,NO,NO,0.7257807895137542,0.172646388097725,0.420588711111224,0.4205854126679463,0.19309836759997648,1.0,1.0,1.0,1.0,0.42381728806667274,1.0,0.9760124946801904,0.4495548961424332,1.0
1406,mul8_193,0.1097000017762184,resnet18,cifar,resnet18cifar,2,NO,NO,0.24264909977773275,0.01392250273864418,0.14031522365410407,0.14035508637236085,0.014614385927891119,0.012390079263985025,0.006078984658553159,0.012390079263985025,0.006078984658553159,0.1303271605423348,0.0450972752190036,0.9013172765018154,0.12166172106824925,0.2857142857142857
1407,ReFAM_new2_sta2_j1_k3,0.2992999851703644,resnet18,cifar,resnet18cifar,2,YES,NO,0.07452793778887505,0.0010373410949481568,0.03966589552721901,0.039587332053742805,0.0013649847642728734,0.005786252838922645,0.005473193293099422,0.005786252838922645,0.005473193293099422,0.037993678158708875,0.04194881854499203,0.7954260836630428,0.02225519287833828,0.2857142857142857
1408,ReFAM_new2_sta1_j2_k2,0.7078999876976013,vgg16,cifar,vgg16cifar,0,NO,NO,0.020798494266662807,0.0009553409930451175,0.01914110074859987,0.019193857965451058,0.0009568904651384818,0.0024454935885969715,0.0018840989424111902,0.0024454935885969715,0.0018840989424111902,0.024809490546547425,0.024535270477657755,0.43748485508736706,0.020771513353115726,0.2857142857142857
1409,mul8_334,0.1000000014901161,vgg16,cifar,vgg16cifar,2,NO,NO,1.0,0.74585919388327,0.8851968619501972,0.8850767754318618,0.8606227605057118,0.048418424224027805,0.03330798959794769,0.048418424224027805,0.03330798959794769,0.8932834653013617,0.11031466652335142,0.9995021269057137,1.0,0.14285714285714285
1410,mul8_387,0.1553999930620193,vgg16,mnist,vgg16mnist,2,NO,NO,0.31051502333823305,1.0,1.0,1.0,1.0,0.07454735332007147,0.03765388417620276,0.07454735332007147,0.03765388417620276,1.0,0.1254672673963801,1.0,1.0,0.42857142857142855
1411,mul8_348,0.9323999881744384,resnet34,cifar,resnet34cifar,0,YES,NO,0.001733207855555234,0.0002030099610220875,0.000922462686679512,0.0009596928982725527,0.00026713055632354775,7.407849067785432e-05,2.2826921017097364e-05,7.407849067785432e-05,2.2826921017097364e-05,0.010827749830438113,0.00268417501179365,0.003976875881968441,0.04747774480712166,0.07087485714285714
1412,mul8_019,0.1000000014901161,vgg16,cifar,vgg16cifar,2,NO,NO,1.0,1.0,1.0,1.0,1.0,0.0793371601197542,0.058824975461059914,0.0793371601197542,0.058824975461059914,1.0,0.15153421949923265,1.0,1.0,1.0
1413,ReFAM_sta2_j1_k8_const1,0.1000000014901161,vgg16,cifar,vgg16cifar,2,NO,YES,0.4038374303443695,0.9791823236440527,0.8415388800015965,0.8414107485604607,0.47349345638428175,1.0,1.0,1.0,1.0,0.766903376887966,1.0,1.0,0.7054896142433235,1.0
1414,ReFAM_new2_sta1_j4_k5,0.5673999786376953,vgg16,mnist,vgg16mnist,2,NO,NO,0.6551525693998784,0.990774590477161,0.6755309562389901,0.6756238003838771,0.8915984128187224,0.03272010797391714,0.039227185809381164,0.03272010797391714,0.039227185809381164,0.7971092041019446,0.11479625350077331,0.6313692630052802,0.7477744807121661,0.2857142857142857
1415,mul8_146,0.1134999990463256,resnet18,mnist,resnet18mnist,2,NO,NO,0.8005253782845736,0.4558731851450844,0.6410815023383765,0.6410748560460653,0.31738179777084674,0.04745992082635459,0.040245617670143966,0.04745992082635459,0.040245617670143966,0.5999504917380628,0.1196144820049802,1.0,0.701780415430267,0.42857142857142855
1416,mul8_192,0.1070000007748603,resnet34,cifar100,resnet34cifar100,2,NO,NO,0.055462651377767486,0.001630448628130334,0.036206660452170844,0.036228406909788874,0.0016042892251696681,0.003929773590837394,0.0014942853681192197,0.003929773590837394,0.0014942853681192197,0.037508424429245416,0.02201381797770254,0.7556552885525841,0.037091988130563795,0.2857142857142857
1417,ReFAM_sta3_j2_k1_const1,0.8651000261306763,resnet18,cifar,resnet18cifar,1,NO,YES,0.022531702122218042,7.563116194940513e-05,0.01245324627017341,0.012476007677543186,8.563891364490207e-05,1.0,1.0,1.0,1.0,0.0109956313846216,1.0,0.8272431270095645,0.004451038575667656,1.0
1418,mul8_249,0.1000000014901161,vgg16,cifar,vgg16cifar,2,NO,NO,0.2803463706360591,1.0,1.0,1.0,1.0,0.0738038582246096,0.03664598781744784,0.0738038582246096,0.03664598781744784,1.0,0.12388184255626616,1.0,1.0,0.4330357142857143
1419,mul8_341,0.101000003516674,vgg16,mnist,vgg16mnist,2,NO,NO,1.0,1.0,1.0,1.0,1.0,0.083453033333514,0.05798037938342731,0.083453033333514,0.05798037938342731,1.0,0.1521574915055863,1.0,1.0,1.0
1420,ReFAM_sta1_j2_k4_const0,0.1084999963641166,resnet34,cifar,resnet34cifar,2,YES,NO,0.318910245422163,0.018196061447532674,0.1697331343490302,0.1696257197696737,0.023943278413062773,0.01406858945519787,0.007208039290398822,0.01406858945519787,0.007208039290398822,0.16115942722275345,0.04921833479634307,0.8650254841790388,0.13649851632047477,0.14285714285714285
1421,mul8_477,0.0118000004440546,resnet34,cifar100,resnet34cifar100,2,NO,NO,0.2001313480375591,1.0,1.0,1.0,1.0,0.04596208988069749,0.025327346826970184,0.04596208988069749,0.025327346826970184,1.0,0.09736031242722272,0.8972620034250411,1.0,0.14285714285714285
1422,mul8_129,0.1000000014901161,vgg16,cifar,vgg16cifar,2,NO,NO,0.8765292534877568,0.3585349743204341,0.5889343213651598,0.5890115163147793,0.3127123371084981,0.03941337062552961,0.028672368714475604,0.03941337062552961,0.028672368714475604,0.568663757327886,0.10078868167893804,0.9958357853668072,0.7574183976261127,0.15178571428571427
1423,ReFAM_new_sta3_j6_k1,0.6984999775886536,vgg16,cifar,vgg16cifar,0,NO,NO,0.027839651179855943,0.01117589427559677,0.06189148272932887,0.06190019193857965,0.010260357602238607,0.0037310264207260774,0.0007269496385444853,0.0037310264207260774,0.0007269496385444853,0.0809143398060115,0.01549819960230021,0.357071732415102,0.0712166172106825,0.063492
1424,ReFAM_new_sta1_j1_k5,0.9560999870300292,resnet18,mnist,resnet18mnist,1,NO,NO,0.04463010228054727,0.0036374110768603676,0.030700713135977883,0.030710172744721688,0.004320557466155676,0.0018456384933519072,0.00022651329316965844,0.0018456384933519072,0.00022651329316965844,0.04894993172413463,0.008625785994518192,0.34004426896143064,0.06676557863501484,0.05924957142857142
1425,mul8_075,0.0111999996006488,resnet34,cifar100,resnet34cifar100,2,NO,NO,1.0,1.0,1.0,1.0,1.0,0.09031794126840442,0.05873015594298889,0.09031794126840442,0.05873015594298889,1.0,0.1555769035548151,1.0,1.0,1.0
1426,ReFAM_sta2_j5_k1_const0,0.0996999964118003,resnet34,cifar,resnet34cifar,2,YES,NO,0.28424608831105835,0.008699971976664203,0.15128388061543996,0.1513915547024952,0.01144785380197541,0.013540102661947323,0.006033330816518964,0.013540102661947323,0.006033330816518964,0.1316139601084961,0.04516370780411195,0.8849118998796552,0.0712166172106825,0.14285714285714285
1427,ReFAM_new2_sta2_j1_k8,0.0096000004559755,resnet34,cifar100,resnet34cifar100,2,NO,NO,0.8995348770331664,1.0,0.8490827614040077,0.8490882917466411,0.9472720245006999,0.07078922501251203,0.1242978526890991,0.07078922501251203,0.1242978526890991,0.8956159385657728,0.20702931393800422,0.9337553885344612,0.7581602373887241,0.2857142857142857
1428,mul8_025,0.1010999977588653,resnet18,cifar,resnet18cifar,2,NO,NO,0.30054907816879045,1.0,1.0,1.0,1.0,0.07397821369657089,0.037973461070442124,0.07397821369657089,0.037973461070442124,1.0,0.1256396935442456,1.0,1.0,1.0
1429,ReFAM_sta2_j3_k4_const0,0.1134999990463256,resnet18,mnist,resnet18mnist,2,YES,NO,0.8336729785220675,0.05384222225052862,0.4437045522928452,0.44361804222648754,0.07084826139105042,0.03425678495736873,0.02148013267708862,0.03425678495736873,0.02148013267708862,0.3700394386440805,0.08727375599386133,0.9811083123425692,0.228486646884273,0.14285714285714285
1430,ReFAM_sta4_j4_k2_const0,0.1134999990463256,resnet34,mnist,resnet34mnist,2,YES,NO,0.22878343693329087,0.005311695921330854,0.12176507464169557,0.12164107485604606,0.006989392438394943,0.01352745511475842,0.007998201940990653,0.01352745511475842,0.007998201940990653,0.1050487066159438,0.05160169709129778,0.9236889850923152,0.0712166172106825,0.14285714285714285
1431,mul8_126,0.1134999990463256,resnet18,mnist,resnet18mnist,2,NO,NO,0.553814076061799,0.10864468582019209,0.33999168499513927,0.33997120921305185,0.10761154338595087,0.024879532113025706,0.014992019357229023,0.024879532113025706,0.014992019357229023,0.3305404894108816,0.07196888267856183,0.9769451158547636,0.39243323442136496,0.14285714285714285
1432,ReFAM_new_sta3_j4_k5,0.4859000146389007,vgg16,mnist,vgg16mnist,2,NO,NO,0.5793247257193369,0.27787441207041497,0.4330917260882691,0.43306142034548945,0.25176723371466897,0.018468129084480193,0.004467052851345823,0.018468129084480193,0.004467052851345823,0.45936258189903567,0.04062613831114933,0.6865211804784876,0.5103857566765578,0.06800742857142857
1433,ReFAM_new_sta1_j7_k1,0.9890000224113464,vgg16,mnist,vgg16mnist,0,NO,NO,0.11785813417775591,0.042786538608514,0.09593611941466924,0.09596928982725529,0.04981408711489154,0.002922486796864131,0.0004073727443051222,0.002922486796864131,0.0004073727443051222,0.16349543574748418,0.011633166729367084,0.23067407333497592,0.18991097922848665,0.04664728571428572
1434,ReFAM_new1_sta4_j4_k3,0.1000000014901161,resnet34,cifar,resnet34cifar,2,NO,YES,1.0,1.0,1.0,1.0,1.0,1.0,1.0,1.0,1.0,1.0,1.0,1.0,1.0,1.0
1435,mul8_036,0.1000000014901161,vgg16,cifar,vgg16cifar,2,NO,NO,0.46666621510824674,0.4637403809135608,0.5804745083118906,0.5803742802303263,0.27134405233795145,0.04257887100766622,0.030703964684997274,0.04257887100766622,0.030703964684997274,0.547694295775454,0.10478583328854732,1.0,0.6491097922848664,0.2857142857142857
1436,ReFAM_new1_sta1_j4_k2,0.5414000153541565,vgg16,mnist,vgg16mnist,2,NO,YES,0.31544382971105256,0.02814753012508598,0.18080268658918433,0.1809021113243762,0.03149416880514172,1.0,1.0,1.0,1.0,0.17709247463293043,1.0,0.7198603511787068,0.0830860534124629,1.0
1437,ReFAM_new2_sta4_j2_k5,0.1020999997854232,resnet34,mnist,resnet34mnist,2,NO,NO,1.0,1.0,1.0,1.0,1.0,1.0,1.0,1.0,1.0,1.0,1.0,1.0,1.0,0.2857142857142857
1438,mul8_436,0.1119000017642974,vgg16,cifar,vgg16cifar,2,NO,NO,0.2038685740096844,1.0,1.0,1.0,1.0,0.0461825185602755,0.025599513962174036,0.0461825185602755,0.025599513962174036,1.0,0.09787087296895434,0.8998409656905367,1.0,0.14285714285714285
1439,mul8_069,0.9861999750137328,vgg16,mnist,vgg16mnist,0,NO,NO,1.0,1.0,0.9993272959306645,0.9992802303262956,0.9731112683855482,0.05683446348201428,0.06664582978491773,0.05683446348201428,0.06664582978491773,0.981268496283709,0.1528158458883455,1.0,1.0,0.8571428571428571
1440,mul8_499,0.0966000035405159,resnet18,cifar,resnet18cifar,2,NO,NO,0.7732002749200435,0.4719808342929203,0.6457400975696901,0.6456333973128598,0.316201080628091,0.047836637053338314,0.03977854374779413,0.047836637053338314,0.03977854374779413,0.6022049239955709,0.11909645712784317,1.0,0.7054896142433235,0.42857142857142855
1441,mul8_465,0.1134999990463256,resnet34,mnist,resnet34mnist,2,NO,NO,1.0,0.5183351829796449,0.577167066316861,0.5772552783109406,0.6397082353893617,0.03287549212509508,0.02133790339998209,0.03287549212509508,0.02133790339998209,0.6774563939512627,0.08665197685458877,0.978498805715461,0.973293768545994,0.42857142857142855
1442,ReFAM_new2_sta2_j1_k8,0.864300012588501,vgg16,mnist,vgg16mnist,2,NO,NO,0.8995348770331664,1.0,0.8490827614040077,0.8490882917466411,0.9472720245006999,0.07078922501251203,0.1242978526890991,0.07078922501251203,0.1242978526890991,0.8956159385657728,0.20702931393800422,0.9337553885344612,0.7581602373887241,0.2857142857142857
1443,ReFAM_new2_sta4_j3_k6,0.1027999967336654,resnet18,mnist,resnet18mnist,2,NO,NO,1.0,1.0,1.0,1.0,1.0,1.0,1.0,1.0,1.0,1.0,1.0,1.0,1.0,0.2857142857142857
1444,ReFAM_sta1_j3_k2_const1,0.1705999970436096,resnet18,cifar,resnet18cifar,2,NO,YES,0.048529819955546546,0.004088859450233103,0.059037611947488765,0.059021113243762004,0.0019107691558202004,1.0,1.0,1.0,1.0,0.052068981461103,1.0,0.9107626112578372,0.04154302670623145,1.0
1445,ReFAM_new_sta2_j1_k3,0.1134999990463256,resnet18,mnist,resnet18mnist,2,YES,NO,0.006066227494443318,7.94127200468754e-05,0.0032286194033782916,0.0031190019193857964,0.00010449518820891721,0.00023578641545024363,1.4047336010521454e-05,0.00023578641545024363,1.4047336010521454e-05,0.007161882485407868,0.0021303213247105333,0.11135965171282598,0.005934718100890208,0.031746
1446,mul8_007,0.0108000002801418,resnet34,cifar100,resnet34cifar100,2,NO,NO,0.18783640134579846,0.18186417230530152,0.25994710333285326,0.2598368522072937,0.16842269530835408,0.010930190959894627,0.004112357617080156,0.010930190959894627,0.004112357617080156,0.33165784010607147,0.03723434430292064,0.6367919053369144,0.4807121661721068,0.14285714285714285
1447,ReFAM_sta1_j7_k2_const0,0.1010999977588653,vgg16,mnist,vgg16mnist,2,YES,NO,1.0,0.9684864851094184,1.0,1.0,1.0,0.04667125591950378,0.02617018698760147,0.04667125591950378,0.02617018698760147,1.0,0.09894946943503938,0.8451400866238096,0.9970326409495549,0.14285714285714285
1448,ReFAM_new2_sta3_j3_k1,0.0326999984681606,resnet34,cifar100,resnet34cifar100,2,YES,NO,0.06586189851109889,0.0011177489618627876,0.03505358209382145,0.03502879078694818,0.0014707894159931806,0.005113222649227506,0.0044372022623234645,0.005113222649227506,0.0044372022623234645,0.03611505002844057,0.03776057994900366,0.6045238235839125,0.017804154302670624,0.2857142857142857
1449,mul8_238,0.1134999990463256,resnet18,mnist,resnet18mnist,2,NO,NO,0.7111703880522745,1.0,1.0,1.0,1.0,0.0493949955462566,0.027006003480227497,0.0493949955462566,0.027006003480227497,1.0,0.10116786991753401,0.9049367833529156,1.0,0.5714285714285714
1450,mul8_051,0.1099999994039535,resnet34,cifar,resnet34cifar,2,NO,NO,0.5511600980665644,0.1516778972307849,0.3793346300256026,0.3793186180422265,0.12837408007065937,0.0262165585301382,0.015675071070740627,0.0262165585301382,0.015675071070740627,0.365465380247335,0.07377823758083875,0.9855514988118244,0.4072700296735905,0.2380952857142857
1451,ReFAM_sta4_j2_k8_const0,0.1000000014901161,vgg16,cifar,vgg16cifar,2,YES,NO,1.0,1.0,1.0,1.0,1.0,0.1642762802479642,0.1362240409620318,0.1642762802479642,0.1362240409620318,1.0,0.24829066719215587,1.0,1.0,0.14285714285714285
1452,ReFAM_sta3_j3_k2_const0,0.1163000017404556,resnet34,cifar,resnet34cifar,2,YES,NO,0.13172379702219777,0.002012585025348381,0.0701071641876429,0.07005758157389635,0.0026482590054350144,0.00800409057811938,0.004007002597001245,0.00800409057811938,0.004007002597001245,0.061668287883090964,0.03626472713375492,0.8928656516435921,0.04747774480712166,0.14285714285714285
1453,mul8_111,0.2206999957561493,resnet18,cifar,resnet18cifar,2,NO,NO,0.060838306467074804,0.0046889372404656975,0.05735709156400051,0.05734165067178503,0.003410621990835325,0.005756440763405948,0.0028656565461463767,0.005756440763405948,0.0028656565461463767,0.05711042780009177,0.030531371108841954,0.8991425179549939,0.07270029673590504,0.7142857142857143
1454,mul8_253,0.0109000001102685,resnet34,cifar100,resnet34cifar100,2,NO,NO,0.025727307572313715,1.0,1.0,1.0,1.0,0.08033360615899413,0.045116531431792284,0.08033360615899413,0.045116531431792284,1.0,0.13682723944990835,1.0,1.0,0.42857142857142855
1455,ReFAM_sta3_j2_k8_const1,0.1000000014901161,resnet34,cifar,resnet34cifar,2,NO,YES,0.4857315015193543,1.0,1.0,1.0,1.0,1.0,1.0,1.0,1.0,1.0,1.0,1.0,1.0,1.0
1456,mul8_491,0.2047999948263168,vgg16,mnist,vgg16mnist,2,NO,NO,0.47143253671102364,1.0,0.5470924396758847,0.5470249520153551,1.0,0.018531366820424704,0.00845122852732997,0.018531366820424704,0.00845122852732997,0.8543363279758339,0.05399998805706335,0.7108650366837783,1.0,0.14285714285714285
1457,mul8_429,0.1000000014901161,vgg16,cifar,vgg16cifar,2,NO,NO,0.25526902294241,1.0,1.0,1.0,1.0,0.08217924465234602,0.04625963339964847,0.08217924465234602,0.04625963339964847,1.0,0.13888366385410508,1.0,1.0,0.7142857142857143
1458,ReFAM_sta2_j1_k2_const1,0.9871000051498412,vgg16,mnist,vgg16mnist,0,YES,YES,0.029464533544438978,7.244669197258808e-05,0.015681865673551704,0.015595009596928982,9.532894362918763e-05,1.0,1.0,1.0,1.0,0.013191980885101902,1.0,0.9545113003956514,0.0051928783382789315,1.0
1459,ReFAM_sta3_j3_k3_const1,0.0967999994754791,resnet34,mnist,resnet34mnist,2,NO,YES,0.09445982812776024,0.009379657287341095,0.09178503732461143,0.09189059500959693,0.005082551673108913,1.0,1.0,1.0,1.0,0.08219467520552402,1.0,0.9624660703049752,0.06231454005934718,1.0
1460,ReFAM_sta3_j5_k5_const0,0.1134999990463256,resnet34,mnist,resnet34mnist,2,YES,NO,1.0,1.0,1.0,1.0,1.0,0.18731288405632132,0.13950760575449123,0.18731288405632132,0.13950760575449123,1.0,0.26118903877274385,1.0,1.0,0.14285714285714285
1461,mul8_119,0.5782999992370605,vgg16,cifar,vgg16cifar,2,NO,NO,0.060838306467074804,0.004952054072300207,0.059004281525693654,0.059021113243762004,0.003520884115012369,0.005902790952306099,0.002895507135168735,0.005902790952306099,0.002895507135168735,0.058420542218575455,0.030701557956085822,0.9050457249093342,0.07270029673590504,0.7142857142857143
1462,ReFAM_new2_sta2_j4_k2,0.0099999997764825,resnet34,cifar100,resnet34cifar100,2,YES,NO,0.20625173481107284,0.014100036939851731,0.10977305971486191,0.1098848368522073,0.01855352660018178,0.01338200832208605,0.01572599266377877,0.01338200832208605,0.01572599266377877,0.12081556430784832,0.07150161528218174,0.6134723033910351,0.0830860534124629,0.2857142857142857
1463,ReFAM_new_sta2_j2_k1,0.7089999914169312,vgg16,cifar,vgg16cifar,0,NO,NO,0.0,0.0,0.0,0.0,0.0,0.0,0.0,0.0,0.0,0.0,0.0,0.0,0.0,0.0
1464,ReFAM_sta2_j1_k3_const0,0.9890999794006348,vgg16,mnist,vgg16mnist,0,YES,NO,0.05719585923332272,0.000499165668866074,0.030441268660423893,0.03047024952015355,0.0006568268973131939,0.0038846037794484584,0.001740113748303345,0.0038846037794484584,0.001740113748303345,0.02803347200712258,0.023717925750762852,0.8272431270095645,0.017062314540059347,0.14285714285714285
1465,ReFAM_sta2_j3_k4_const0,0.100500002503395,resnet34,cifar,resnet34cifar,2,YES,NO,0.8336729785220675,0.05384222225052862,0.4437045522928452,0.44361804222648754,0.07084826139105042,0.03425678495736873,0.02148013267708862,0.03425678495736873,0.02148013267708862,0.3700394386440805,0.08727375599386133,0.9811083123425692,0.228486646884273,0.14285714285714285
1466,ReFAM_new2_sta4_j4_k4,0.1000000014901161,vgg16,cifar,vgg16cifar,2,NO,NO,1.0,1.0,1.0,1.0,1.0,1.0,1.0,1.0,1.0,1.0,1.0,1.0,1.0,0.2857142857142857
1467,ReFAM_new2_sta3_j5_k4,0.1000000014901161,resnet34,cifar,resnet34cifar,2,NO,NO,1.0,1.0,0.9174143657224791,0.9174664107485605,1.0,0.10847259186184541,0.22875384326333664,0.10847259186184541,0.22875384326333664,1.0,0.2839328687530977,0.7541942499221119,0.7359050445103857,0.2857142857142857
1468,mul8_110,0.1134999990463256,resnet34,mnist,resnet34mnist,2,NO,NO,1.0,0.3549409738618704,0.6995351437472866,0.6996161228406911,0.42401948808989537,1.0,1.0,1.0,1.0,0.6698766117542115,1.0,0.9988657860387833,0.6862017804154302,1.0
1469,mul8_312,0.9672999978065492,vgg16,mnist,vgg16mnist,0,NO,NO,0.24226996402574574,1.0,1.0,1.0,1.0,0.04514180610587442,0.02566799472522533,0.04514180610587442,0.02566799472522533,1.0,0.09764992864095352,0.8665486296781235,1.0,0.14285714285714285
1470,ReFAM_new1_sta2_j3_k6,0.1000000014901161,resnet34,cifar,resnet34cifar,2,NO,YES,1.0,1.0,1.0,1.0,1.0,1.0,1.0,1.0,1.0,1.0,1.0,0.9519170659493493,0.7537091988130564,1.0
1471,mul8_292,0.1686999946832656,vgg16,mnist,vgg16mnist,2,NO,NO,1.0,0.26155904325784013,0.6023666695309748,0.6024472168905951,0.2806506629920133,0.03665710873457677,0.02460390902242833,0.03665710873457677,0.02460390902242833,0.5638919598567996,0.09340272179526223,0.9941273374072724,0.766320474777448,0.14285714285714285
1472,mul8_106,0.1026000007987022,resnet18,cifar,resnet18cifar,2,NO,NO,1.0,1.0,1.0,1.0,1.0,0.08818321598216335,0.0448759708026121,0.08818321598216335,0.0448759708026121,1.0,0.13981595934624366,1.0,1.0,0.36160714285714285
1473,ReFAM_new2_sta1_j4_k1,0.7063999772071838,vgg16,cifar,vgg16cifar,0,NO,NO,0.03119774139999421,0.0035124703844292156,0.03320865672046243,0.033109404990403074,0.0036036435833451145,0.0033705713258423715,0.002588221659938578,0.0033705713258423715,0.002588221659938578,0.046571914236999225,0.028790688092295014,0.3261252033745411,0.03560830860534125,0.2857142857142857
1474,ReFAM_sta2_j1_k7_const0,0.1134999990463256,resnet18,mnist,resnet18mnist,2,YES,NO,1.0,0.24609185922095125,1.0,1.0,0.32381985065864105,0.06594160085425146,0.04618764080259455,0.06594160085425146,0.04618764080259455,0.8492247827844429,0.13275544448624474,0.9982599895334655,0.5155786350148368,0.14285714285714285
1475,ReFAM_new1_sta4_j3_k4,0.101000003516674,vgg16,mnist,vgg16mnist,2,NO,YES,1.0,1.0,1.0,1.0,1.0,1.0,1.0,1.0,1.0,1.0,1.0,1.0,1.0,1.0
1476,mul8_492,0.1000000014901161,resnet18,cifar,resnet18cifar,2,NO,NO,1.0,0.2686244836318243,0.5906072996937218,0.5906909788867564,0.27277248593520115,0.03619276307349851,0.024586349852415177,0.03619276307349851,0.024586349852415177,0.5540576669010541,0.09324895648591032,0.9945315411259467,0.766320474777448,0.14285714285714285
1477,mul8_332,0.2177000045776367,vgg16,mnist,vgg16mnist,2,NO,NO,1.0,0.3139761699997452,0.6260998153628206,0.6259596928982726,0.32695755144018157,1.0,1.0,1.0,1.0,0.5949029331342947,1.0,0.9963020959540939,0.7655786350148368,1.0
1478,mul8_113,0.1128999963402748,resnet18,mnist,resnet18mnist,2,NO,NO,0.3884010513472464,1.0,1.0,1.0,1.0,0.07342714199762587,0.03736240195398444,0.07342714199762587,0.03736240195398444,1.0,0.12464395120116085,1.0,1.0,0.44642857142857145
1479,mul8_081,0.1124999970197677,resnet18,mnist,resnet18mnist,2,NO,NO,0.03396004488620107,1.0,1.0,1.0,1.0,0.08111414049979493,0.0463913271747471,0.08111414049979493,0.0463913271747471,1.0,0.13860897631118516,1.0,1.0,0.42857142857142855
1480,mul8_083,0.2775000035762787,resnet18,cifar,resnet18cifar,2,NO,NO,0.06759510636665413,0.002183750286602298,0.043701669781441875,0.043666026871401156,0.0021156838281064043,0.004583832459749181,0.0018542483533888323,0.004583832459749181,0.0018542483533888323,0.044190288402232845,0.024554677749711876,0.7556552885525841,0.037091988130563795,0.14285714285714285
1481,ReFAM_new_sta3_j2_k3,0.9890999794006348,vgg16,mnist,vgg16mnist,0,NO,NO,0.0028164627652772552,0.00043417013986192136,0.009166972948877649,0.009117082533589253,0.00047061709627710564,0.0007651766049285684,0.00012115827309074755,0.0007651766049285684,0.00012115827309074755,0.015841945430041124,0.006243170133104029,0.21078765763435955,0.01483679525222552,0.063492
1482,mul8_390,0.1134999990463256,resnet18,mnist,resnet18mnist,2,NO,NO,0.4376891497395984,0.07716117459811989,0.2516899811608029,0.251679462571977,0.09035203662278506,0.01776438342304058,0.009081602730802121,0.01776438342304058,0.009081602730802121,0.2712800711212085,0.05564960618166401,0.9588608174892943,0.34124629080118696,0.16071428571428573
1483,mul8_199,0.1134999990463256,resnet18,mnist,resnet18mnist,2,NO,NO,0.9919026678166201,0.2406092655720582,0.5756971183357865,0.5755758157389635,0.2516922927449769,0.03575461590302583,0.024020944577991688,0.03575461590302583,0.024020944577991688,0.5370336316595868,0.0921673742856631,0.9951373376312644,0.6454005934718101,0.14285714285714285
1484,mul8_035,0.5065000057220459,vgg16,cifar,vgg16cifar,2,NO,NO,0.10399247133331403,0.03960206863169694,0.1056652189857049,0.10556621880998081,0.042136454717500584,0.00989128529794911,0.006351151793757013,0.00989128529794911,0.006351151793757013,0.15630073435234026,0.045630228766951504,0.744841566396315,0.20771513353115728,0.2857142857142857
1485,mul8_448,0.1000000014901161,vgg16,cifar,vgg16cifar,2,NO,NO,0.3325050980055901,1.0,1.0,1.0,1.0,0.07524296841546108,0.039046326358245696,0.07524296841546108,0.039046326358245696,1.0,0.12749458089249566,1.0,1.0,0.42857142857142855
1486,ReFAM_sta4_j4_k1_const0,0.1933999955654144,resnet34,cifar,resnet34cifar,2,YES,NO,0.09012680848887217,0.0012100985911904821,0.04796805970733462,0.047984644913627646,0.0015923076298501669,0.005883819631522746,0.002726939103042477,0.005883819631522746,0.002726939103042477,0.04398252824542385,0.02981180917575823,0.7755406861078135,0.02967359050445104,0.14285714285714285
1487,mul8_274,0.1134999990463256,resnet18,mnist,resnet18mnist,2,NO,NO,0.76469672041231,0.34451610585178205,0.5506354528121371,0.5506238003838773,0.28398939904809745,0.037852301943928,0.02804023859400214,0.037852301943928,0.02804023859400214,0.5360340652270525,0.09937642942023014,0.9965820859355433,0.7136498516320475,0.15178571428571427
1488,ReFAM_sta3_j3_k2_const0,0.9865000247955322,vgg16,mnist,vgg16mnist,0,YES,NO,0.13172379702219777,0.002012585025348381,0.0701071641876429,0.07005758157389635,0.0026482590054350144,0.00800409057811938,0.004007002597001245,0.00800409057811938,0.004007002597001245,0.061668287883090964,0.03626472713375492,0.8928656516435921,0.04747774480712166,0.14285714285714285
1489,ReFAM_new1_sta4_j1_k7,0.1000000014901161,resnet34,cifar,resnet34cifar,2,NO,YES,1.0,1.0,1.0,1.0,1.0,1.0,1.0,1.0,1.0,1.0,1.0,1.0,1.0,1.0
1490,mul8_347,0.1000000014901161,vgg16,cifar,vgg16cifar,2,NO,NO,1.0,1.0,1.0,1.0,1.0,0.09031794126840442,0.05873015594298889,0.09031794126840442,0.05873015594298889,1.0,0.1555769035548151,1.0,1.0,1.0
1491,ReFAM_sta1_j7_k1_const1,0.1234999969601631,vgg16,mnist,vgg16mnist,2,NO,YES,0.3327759082666049,0.21195832165694342,0.4132632836324213,0.413147792706334,0.10727125085306388,1.0,1.0,1.0,1.0,0.372575303068244,1.0,0.8033808535723667,0.28486646884273,1.0
1492,ReFAM_new_sta3_j6_k3,0.1112999990582466,resnet34,cifar,resnet34cifar,2,NO,NO,0.560042788326285,0.2740254203245612,0.42518323208432085,0.42514395393474086,0.24739749134080688,0.017792388706101718,0.004231759973169588,0.017792388706101718,0.004231759973169588,0.45326655333062404,0.03948558786119919,0.6504778156301607,0.49851632047477745,0.06762471428571429
1493,ReFAM_new1_sta2_j1_k4,0.1036000028252601,resnet18,mnist,resnet18mnist,2,YES,YES,0.18372003268885478,0.004951850813950526,0.09778104478802827,0.09788867562380038,0.006515890432676341,1.0,1.0,1.0,1.0,0.08941092652976798,1.0,0.9823514678602046,0.04599406528189911,1.0
1494,ReFAM_sta3_j2_k8_const1,0.1009000018239021,resnet34,mnist,resnet34mnist,2,NO,YES,0.4857315015193543,1.0,1.0,1.0,1.0,1.0,1.0,1.0,1.0,1.0,1.0,1.0,1.0,1.0
1495,ReFAM_sta3_j4_k6_const0,0.101000003516674,vgg16,mnist,vgg16mnist,2,YES,NO,1.0,1.0,1.0,1.0,1.0,0.189584022172957,0.14382716157772654,0.189584022172957,0.14382716157772654,1.0,0.26490553137110884,1.0,1.0,0.14285714285714285
1496,ReFAM_new1_sta4_j3_k1,0.1000000014901161,resnet18,cifar,resnet18cifar,2,NO,YES,1.0,1.0,1.0,1.0,1.0,1.0,1.0,1.0,1.0,1.0,1.0,1.0,1.0,1.0
1497,ReFAM_sta1_j4_k6_const1,0.1000000014901161,vgg16,cifar,vgg16cifar,2,NO,YES,1.0,1.0,1.0,1.0,1.0,1.0,1.0,1.0,1.0,1.0,1.0,1.0,1.0,1.0
1498,ReFAM_new2_sta3_j7_k2,0.1000000014901161,resnet34,cifar,resnet34cifar,2,NO,NO,1.0,1.0,0.8060738389611577,0.8061420345489444,1.0,0.09221055636560083,0.176933220720523,0.09221055636560083,0.176933220720523,0.9534877412506916,0.2488915461922932,0.5330439085379636,0.6646884272997032,0.2857142857142857
1499,mul8_003,0.1134999990463256,resnet18,mnist,resnet18mnist,2,NO,NO,1.0,1.0,1.0,1.0,1.0,0.09031794126840442,0.05873015594298889,0.09031794126840442,0.05873015594298889,1.0,0.1555769035548151,1.0,1.0,1.0
1500,ReFAM_new1_sta3_j3_k1,0.1199000030755996,resnet34,mnist,resnet34mnist,2,YES,YES,0.07972756135554075,0.0010158459226046416,0.04243328358725755,0.04246641074856046,0.0013367003524268506,1.0,1.0,1.0,1.0,0.03941360490903541,1.0,0.7556552885525841,0.017804154302670624,1.0
1501,ReFAM_sta3_j1_k1_const0,0.9890000224113464,vgg16,mnist,vgg16mnist,0,YES,NO,0.006932831422220936,1.592234988408529e-05,0.003689850746718048,0.003598848368522073,2.0951416182239038e-05,0.0005989516990172855,0.00019315087014467003,0.0005989516990172855,0.00019315087014467003,0.004060406186414293,0.007856213014218065,0.5090726935443474,0.002225519287833828,0.14285714285714285
1502,ReFAM_new1_sta4_j3_k3,0.1009000018239021,resnet34,mnist,resnet34mnist,2,NO,YES,1.0,1.0,1.0,1.0,1.0,1.0,1.0,1.0,1.0,1.0,1.0,1.0,1.0,1.0
1503,mul8_412,0.101000003516674,vgg16,mnist,vgg16mnist,2,NO,NO,1.0,0.636128138842891,0.8840640519419996,0.8841170825335892,0.6452874341982127,0.04977442196192365,0.03656345971838604,0.04977442196192365,0.03656345971838604,0.8382946674071078,0.1152963639729373,0.9957278619557759,0.9918397626112759,0.6190475714285714
1504,ReFAM_new1_sta1_j6_k2,0.1009000018239021,resnet34,mnist,resnet34mnist,2,NO,YES,1.0,0.4503604820013757,0.7232107463567373,0.7231285988483686,0.5039067008822675,1.0,1.0,1.0,1.0,0.7083698985317217,1.0,0.7198603511787068,0.3323442136498516,1.0
1505,ReFAM_sta3_j2_k5_const1,0.1009000018239021,resnet34,mnist,resnet34mnist,2,NO,YES,0.12479096559997684,0.041417216518482666,0.18046036806585905,0.1804222648752399,0.019838195199993684,1.0,1.0,1.0,1.0,0.16186263814242868,1.0,1.0,0.13204747774480713,1.0
1506,ReFAM_new1_sta3_j7_k1,0.1000000014901161,resnet18,cifar,resnet18cifar,2,NO,YES,0.6230882240721066,0.22335215620462132,0.3772295849340029,0.3771593090211133,0.2541009974480674,1.0,1.0,1.0,1.0,0.4332114925444351,1.0,0.4890009753832808,0.28486646884273,1.0
1507,ReFAM_sta2_j5_k5_const1,0.0979999974370002,vgg16,mnist,vgg16mnist,2,NO,YES,0.006932831422220936,1.0,1.0,1.0,1.0,1.0,1.0,1.0,1.0,1.0,1.0,1.0,1.0,1.0
1508,mul8_171,0.9704999923706056,resnet18,mnist,resnet18mnist,0,NO,NO,0.026512665648654322,0.0008126414032048506,0.01575393214848585,0.015834932821497123,0.0010089025066610867,0.0014571781154070612,0.0003213328112406783,0.0014571781154070612,0.0003213328112406783,0.023971590539793888,0.010167917689280617,0.443947023859219,0.02967359050445104,0.14285714285714285
1509,mul8_278,0.1075000017881393,resnet18,mnist,resnet18mnist,2,NO,NO,0.3121669853423513,1.0,1.0,1.0,1.0,0.07445249671615471,0.03750463123109097,0.07445249671615471,0.03750463123109097,1.0,0.12523885873297383,1.0,1.0,0.4330357142857143
1510,ReFAM_sta2_j4_k5_const0,0.101000003516674,vgg16,mnist,vgg16mnist,2,YES,NO,1.0,0.9755655618678827,1.0,1.0,1.0,0.1115920190363653,0.07610671058800393,0.1115920190363653,0.07610671058800393,1.0,0.18069513862763714,1.0,1.0,0.14285714285714285
1511,ReFAM_sta3_j6_k4_const1,0.1000000014901161,resnet18,cifar,resnet18cifar,2,NO,YES,0.5567930235971189,1.0,1.0,1.0,1.0,1.0,1.0,1.0,1.0,1.0,1.0,0.9921388994662882,1.0,1.0
1512,mul8_125,0.54830002784729,resnet34,cifar100,resnet34cifar100,2,NO,NO,0.024373235468745477,0.0007692454207321733,0.015076501380343645,0.015115163147792706,0.0009395472348066162,0.0014490475493570527,0.0003213328112406783,0.0014490475493570527,0.0003213328112406783,0.023088446780373865,0.010165678388658986,0.44245544086713406,0.026706231454005934,0.14285714285714285
1513,ReFAM_sta3_j5_k4_const0,0.101000003516674,vgg16,mnist,vgg16mnist,2,YES,NO,1.0,0.7866265297429496,1.0,1.0,1.0,0.11344398130331165,0.0866966460229358,0.11344398130331165,0.0866966460229358,1.0,0.19051297898640296,1.0,1.0,0.14285714285714285
1514,ReFAM_new1_sta1_j6_k2,0.1027999967336654,resnet18,mnist,resnet18mnist,2,NO,YES,1.0,0.4503604820013757,0.7232107463567373,0.7231285988483686,0.5039067008822675,1.0,1.0,1.0,1.0,0.7083698985317217,1.0,0.7198603511787068,0.3323442136498516,1.0
1515,ReFAM_new_sta3_j7_k1,0.4620000123977661,vgg16,cifar,vgg16cifar,2,NO,NO,0.14688936575830608,0.05567841749675184,0.15612680972050738,0.15619001919385797,0.05078040571731203,0.00753522793590223,0.0016277350602191736,0.00753522793590223,0.0016277350602191736,0.1879324354582398,0.023563414007870393,0.4305869200898411,0.18991097922848665,0.063492
1516,ReFAM_sta3_j7_k2_const0,0.1006999984383583,resnet18,cifar,resnet18cifar,2,YES,NO,1.0,0.730200508164981,1.0,1.0,0.9608339757901153,0.09956420165971955,0.06617348811156394,0.09956420165971955,0.06617348811156394,1.0,0.16662859855609896,0.9944073273887218,0.9970326409495549,0.14285714285714285
1517,ReFAM_new2_sta3_j3_k6,0.1009000018239021,resnet34,mnist,resnet34mnist,2,NO,NO,1.0,1.0,0.949292477023078,0.9491362763915548,1.0,0.11354335488836731,0.24795479567271816,0.11354335488836731,0.24795479567271816,1.0,0.295768318971952,0.9201305669644403,0.7537091988130564,0.2857142857142857
1518,mul8_242,0.1005999967455864,resnet34,cifar,resnet34cifar,2,NO,NO,1.0,0.8283234322854304,0.8914029879643858,0.8913147792706334,0.8802246447496306,0.04646347478711468,0.032407204176273,0.04646347478711468,0.032407204176273,0.9013649539937436,0.10842842896639855,0.9977936789461788,1.0,0.15178571428571427
1519,mul8_337,0.1134999990463256,resnet18,mnist,resnet18mnist,2,NO,NO,1.0,1.0,1.0,1.0,1.0,0.0876836378682017,0.061139274068793326,0.0876836378682017,0.061139274068793326,1.0,0.1569996058830906,1.0,1.0,1.0
1520,ReFAM_new1_sta1_j2_k7,0.1000000014901161,resnet34,cifar,resnet34cifar,2,NO,YES,1.0,1.0,1.0,1.0,1.0,1.0,1.0,1.0,1.0,1.0,1.0,0.9415859447065603,0.7566765578635015,1.0
1521,mul8_289,0.7091000080108643,vgg16,cifar,vgg16cifar,0,NO,NO,0.0,0.0,0.0,0.0,0.0,0.0,0.0,0.0,0.0,0.0,0.0,0.0,0.0,0.0
1522,mul8_431,0.1758999973535537,vgg16,cifar,vgg16cifar,2,NO,NO,0.7723878302713363,0.39848730379843583,0.5359656836796042,0.5359884836852207,0.3787535746098022,0.03435615854242439,0.02466009836647041,0.03435615854242439,0.02466009836647041,0.5658461981641338,0.09290186488955769,0.987291509278359,0.7255192878338279,0.3392857142857143
1523,mul8_006,0.9290000200271606,resnet34,cifar,resnet34cifar,0,NO,NO,0.00032497647291660636,0.0034646753496548033,0.0009801166045969815,0.0009596928982725527,0.004557845545997958,0.0001273788681167983,0.00043195558232353475,0.0001273788681167983,0.00043195558232353475,0.04464395758544091,0.0117093029505025,0.00026369965525597193,0.7596439169139466,0.2851572857142857
1524,ReFAM_new1_sta1_j5_k4,0.1000000014901161,resnet34,cifar,resnet34cifar,2,NO,YES,1.0,1.0,1.0,1.0,1.0,1.0,1.0,1.0,1.0,1.0,1.0,0.8525969834388472,0.7359050445103857,1.0
1525,ReFAM_sta3_j3_k5_const1,0.1000000014901161,vgg16,cifar,vgg16cifar,2,NO,YES,0.048529819955546546,0.1853743662904746,0.3623422622014435,0.3622840690978887,0.08311540002510029,1.0,1.0,1.0,1.0,0.327102900808589,1.0,1.0,0.32344213649851633,1.0
1526,ReFAM_new_sta1_j2_k4,0.8766999840736389,resnet34,cifar,resnet34cifar,1,NO,NO,0.04463010228054727,0.0036374110768603676,0.030700713135977883,0.030710172744721688,0.004320557466155676,0.0018456384933519072,0.00022651329316965844,0.0018456384933519072,0.00022651329316965844,0.04894993172413463,0.008625785994518192,0.34004426896143064,0.06676557863501484,0.05924957142857142
1527,mul8_022,0.0094999996945261,resnet34,cifar100,resnet34cifar100,2,NO,NO,1.0,0.8930129544238657,0.8664674452291101,0.8663627639155471,0.7641286192857913,0.05266167630590441,0.03848443291782484,0.05266167630590441,0.03848443291782484,0.8591355304817413,0.11876280133522031,1.0,1.0,0.14285714285714285
1528,ReFAM_new_sta1_j3_k5,0.1266999989748001,resnet34,cifar,resnet34cifar,2,NO,NO,0.1893529582194093,0.060228228976129214,0.12781873602302987,0.12787907869481768,0.071641726720251,0.004902731328155066,0.0008305487416220811,0.004902731328155066,0.0008305487416220811,0.20028136232766885,0.016727575643574997,0.39572460389053715,0.2789317507418398,0.060421
1529,ReFAM_new_sta3_j1_k3,0.6924999952316284,resnet34,cifar100,resnet34cifar100,0,NO,NO,0.003466415711110468,6.050492955952411e-05,0.0025367723883686576,0.00263915547024952,7.588341467533027e-05,0.00024120679281691587,3.687425702761882e-05,0.00024120679281691587,3.687425702761882e-05,0.006052896226962023,0.003419412049228785,0.1034058999488891,0.005934718100890208,0.063492
1530,mul8_195,0.0105999996885657,resnet34,cifar100,resnet34cifar100,2,NO,NO,1.0,1.0,1.0,1.0,1.0,0.07571454124636157,0.04996813010642613,0.07571454124636157,0.04996813010642613,1.0,0.14060046099735465,1.0,1.0,0.42857142857142855
1531,ReFAM_new_sta1_j1_k3,0.6796000003814697,resnet34,cifar100,resnet34cifar100,1,NO,NO,0.008232737313887361,0.00018265921076096093,0.006341930970921644,0.006238003838771593,0.00021447374753878412,0.0005140324536060866,4.389792503287955e-05,0.0005140324536060866,4.389792503287955e-05,0.01074282508158053,0.003750828541230003,0.2465825950082368,0.013353115727002967,0.052478142857142855
1532,ReFAM_new2_sta4_j1_k1,0.1000000014901161,resnet18,cifar,resnet18cifar,2,NO,NO,1.0,1.0,1.0,1.0,1.0,1.0,1.0,1.0,1.0,1.0,1.0,1.0,1.0,0.2857142857142857
1533,mul8_254,0.1000000014901161,vgg16,cifar,vgg16cifar,2,NO,NO,0.255810650397271,1.0,1.0,1.0,1.0,0.08253427936986306,0.04657218662588257,0.08253427936986306,0.04657218662588257,1.0,0.13938452075980964,1.0,1.0,0.42857142857142855
1534,ReFAM_sta3_j2_k2_const1,0.2648999989032745,resnet18,mnist,resnet18mnist,2,NO,YES,0.043330196388880846,0.00041318497949201336,0.026059570898696212,0.026151631477927068,0.0003623940309674491,1.0,1.0,1.0,1.0,0.02288923242511855,1.0,0.9226942570491296,0.010385756676557863,1.0
1535,mul8_311,0.1134999990463256,resnet18,mnist,resnet18mnist,2,NO,NO,1.0,1.0,1.0,1.0,1.0,0.09031794126840442,0.05873015594298889,0.09031794126840442,0.05873015594298889,1.0,0.1555769035548151,1.0,1.0,1.0
1536,ReFAM_new2_sta3_j1_k4,0.1155000030994415,resnet18,mnist,resnet18mnist,2,NO,NO,0.15772191485552628,0.004807753547499554,0.08437651071714197,0.08445297504798464,0.006236679055126254,0.01224553586754043,0.015387100682524938,0.01224553586754043,0.015387100682524938,0.0809822325043858,0.07060365573290817,0.9067857353758687,0.04599406528189911,0.2857142857142857
1537,ReFAM_sta1_j3_k1_const0,0.3923999965190887,resnet34,cifar,resnet34cifar,2,YES,NO,0.06239548279998842,0.0008279621939724352,0.03320865672046243,0.033109404990403074,0.00108947364147643,0.003606357741292615,0.0011817321418851174,0.003606357741292615,0.0011817321418851174,0.03270804981941898,0.01959835904050447,0.7477005186432601,0.026706231454005934,0.14285714285714285
1538,mul8_174,0.9300000071525574,resnet34,cifar,resnet34cifar,0,NO,NO,0.005199623566665702,6.926222199577102e-05,0.0055347761200770715,0.005518234165067179,6.285424854671712e-05,0.0008654535862120053,0.00037401032128013377,0.0008654535862120053,0.00037401032128013377,0.006630616233039964,0.01090688689441847,0.3818045201582605,0.002967359050445104,0.2857142857142857
1539,mul8_239,0.1071000024676323,resnet18,mnist,resnet18mnist,2,NO,NO,0.005145464287595311,1.0,1.0,1.0,1.0,1.0,1.0,1.0,1.0,1.0,1.0,0.7912934315368497,1.0,1.0
1540,ReFAM_new1_sta4_j1_k5,0.1000000014901161,resnet34,cifar,resnet34cifar,2,NO,YES,1.0,1.0,1.0,1.0,1.0,1.0,1.0,1.0,1.0,1.0,1.0,1.0,1.0,1.0
1541,ReFAM_sta4_j3_k5_const0,0.100100003182888,resnet34,cifar,resnet34cifar,2,YES,NO,1.0,0.100469231651084,0.6448014179889788,0.6446737044145874,0.13220238853911923,0.05498882498866237,0.04634216149871028,0.05498882498866237,0.04634216149871028,0.5306218875616193,0.1294957692146922,0.9978252414531785,0.3798219584569733,0.14285714285714285
1542,ReFAM_new2_sta2_j5_k4,0.097800001502037,resnet18,cifar,resnet18cifar,2,NO,NO,0.8250069392442914,1.0,0.8221592820601317,0.8222168905950096,0.9529852067444573,0.06552784538192882,0.10930583333187008,0.06552784538192882,0.10930583333187008,0.8834077020637656,0.19394508040582098,0.7595232228781341,0.7359050445103857,0.2857142857142857
1543,mul8_108,0.0266999993473291,resnet34,cifar100,resnet34cifar100,2,NO,NO,0.08590211434095628,0.019928459761037375,0.10726241146978002,0.10724568138195778,0.014632314255851857,0.009884961524354658,0.00531691667998237,0.009884961524354658,0.00531691667998237,0.11220023235863887,0.04187566805801878,0.9292816577035934,0.19881305637982197,0.21428571428571427
1544,mul8_265,0.1023999974131584,resnet34,cifar,resnet34cifar,2,NO,NO,0.3012531903936941,0.022189159783965556,0.16933496255495187,0.16938579654510558,0.025545179109743132,0.014450726059548264,0.007176432784375149,0.014450726059548264,0.007176432784375149,0.1630950878183161,0.04919071675534297,0.9301511538641671,0.19881305637982197,0.14285714285714285
1545,ReFAM_sta4_j1_k7_const1,0.1000000014901161,resnet18,cifar,resnet18cifar,2,NO,YES,0.5494268902110091,0.10106472753674878,0.3614531299365591,0.3613243761996161,0.07741691104303383,1.0,1.0,1.0,1.0,0.3227363129263445,1.0,1.0,0.1913946587537092,1.0
1546,ReFAM_new2_sta3_j5_k3,0.1002999991178512,resnet34,mnist,resnet34mnist,2,NO,NO,0.8250069392442914,0.3146893231090617,0.4876080126319236,0.4875239923224568,0.35873501641153904,0.06495689896597266,0.1280239085658899,0.06495689896597266,0.1280239085658899,0.5336581483233842,0.20857517780046933,0.6952212328111604,0.3560830860534125,0.2857142857142857
1547,ReFAM_sta3_j4_k1_const1,0.2149000018835067,resnet18,mnist,resnet18mnist,2,NO,YES,0.048529819955546546,0.001846992586553894,0.04104958955723828,0.04102687140115163,0.001177207696739556,1.0,1.0,1.0,1.0,0.03770327520131907,1.0,0.7815059999307661,0.02373887240356083,1.0
1548,mul8_139,0.0104999998584389,resnet34,cifar100,resnet34cifar100,2,NO,NO,0.41694481475200595,0.03335189635187119,0.22746182340203117,0.227447216890595,0.040814703250803164,0.01921162417994207,0.010012238741499166,0.01921162417994207,0.010012238741499166,0.2137489879471417,0.05855621838853956,0.9460596755374281,0.24629080118694363,0.14285714285714285
1549,mul8_201,0.0099999997764825,resnet34,cifar100,resnet34cifar100,2,NO,NO,1.0,1.0,1.0,1.0,1.0,0.060498638581884735,0.04153797258311194,0.060498638581884735,0.04153797258311194,1.0,0.12521646572675757,1.0,1.0,1.0
1550,mul8_469,0.2721000015735626,resnet34,mnist,resnet34mnist,2,NO,NO,0.10886711842706313,0.017177898695641097,0.1018726723130042,0.10196737044145873,0.013960441895161203,0.009622976618298832,0.005181711070881102,0.009622976618298832,0.005181711070881102,0.10811347684301222,0.04131808220323295,0.9256774230332995,0.19881305637982197,0.21428571428571427
1551,ReFAM_new1_sta1_j6_k1,0.1001999974250793,vgg16,mnist,vgg16mnist,2,NO,YES,0.540760850933233,0.09369984459786514,0.309947462724316,0.30998080614203455,0.10700307272593122,1.0,1.0,1.0,1.0,0.31381800429525464,1.0,0.6124785934932364,0.142433234421365,1.0
1552,ReFAM_new1_sta1_j2_k3,0.3601000010967254,vgg16,cifar,vgg16cifar,2,NO,YES,0.17332078555552338,0.00750261126538099,0.09858819963887283,0.0986084452975048,0.008382383346184673,1.0,1.0,1.0,1.0,0.09431647648757237,1.0,0.8192893752456275,0.04451038575667656,1.0
1553,ReFAM_new1_sta3_j7_k2,0.1000000014901161,vgg16,cifar,vgg16cifar,2,NO,YES,1.0,1.0,0.8163074112364339,0.8162188099808062,1.0,1.0,1.0,1.0,1.0,0.8973977395431824,1.0,0.6154139066442132,0.6646884272997032,1.0
1554,mul8_174,0.9890999794006348,vgg16,mnist,vgg16mnist,0,NO,NO,0.005199623566665702,6.926222199577102e-05,0.0055347761200770715,0.005518234165067179,6.285424854671712e-05,0.0008654535862120053,0.00037401032128013377,0.0008654535862120053,0.00037401032128013377,0.006630616233039964,0.01090688689441847,0.3818045201582605,0.002967359050445104,0.2857142857142857
1555,mul8_362,0.9889000058174132,vgg16,mnist,vgg16mnist,0,NO,NO,0.04458948282124448,0.004386647377270527,0.05364877311429513,0.053742802303262956,0.0029222298471582716,0.005379724536422226,0.0026970885140201193,0.005379724536422226,0.0026970885140201193,0.053165253234310456,0.029587879113595242,0.8962835657080489,0.06676557863501484,0.7142857142857143
1556,ReFAM_new1_sta1_j7_k2,0.0979999974370002,vgg16,mnist,vgg16mnist,2,NO,YES,1.0,1.0,1.0,1.0,1.0,1.0,1.0,1.0,1.0,1.0,1.0,0.7357688728519678,0.6646884272997032,1.0
1557,mul8_061,0.1102999970316886,resnet34,mnist,resnet34mnist,2,NO,NO,1.0,1.0,1.0,1.0,1.0,0.08982649372049283,0.05875298286400598,0.08982649372049283,0.05875298286400598,1.0,0.15540597027403066,1.0,1.0,1.0
1558,mul8_299,0.699999988079071,resnet34,cifar100,resnet34cifar100,0,NO,NO,0.0,0.0,0.0,0.0,0.0,0.0,0.0,0.0,0.0,0.0,0.0,0.0,0.0,0.0
1559,mul8_442,0.1167000010609626,resnet34,cifar,resnet34cifar,2,NO,NO,0.13703174607983568,0.029475550505693834,0.08670293578399248,0.08661228406909789,0.036079118108781005,1.0,1.0,1.0,1.0,0.1407786406522903,1.0,0.8823013751071599,0.2344213649851632,1.0
1560,mul8_105,0.0085000004619359,resnet34,cifar100,resnet34cifar100,2,NO,NO,0.32838872934864644,1.0,1.0,1.0,1.0,0.07523483784941108,0.03907090919626411,0.07523483784941108,0.03907090919626411,1.0,0.12752070606641466,1.0,1.0,0.42857142857142855
1561,mul8_345,0.1134999990463256,resnet18,mnist,resnet18mnist,2,NO,NO,1.0,0.4939655831401421,0.7352839490695511,0.7353646833013436,0.46129068232770726,0.046711908749753825,0.035165749785339144,0.046711908749753825,0.035165749785339144,0.7018790847906173,0.11246364868657553,1.0,0.9562314540059347,0.2857142857142857
1562,ReFAM_sta1_j2_k1_const1,0.600600004196167,resnet34,mnist,resnet34mnist,2,NO,YES,0.013865662844441871,0.0001846992586553894,0.013145093285183046,0.013195777351247601,9.735861626212527e-05,1.0,1.0,1.0,1.0,0.011642979235984173,1.0,0.8272431270095645,0.00741839762611276,1.0
1563,ReFAM_sta4_j4_k3_const0,0.1134999990463256,resnet18,mnist,resnet18mnist,2,YES,NO,0.533828019511012,0.02314472779150638,0.2841185074972897,0.2840690978886756,0.030454978562502667,0.027911329853451062,0.019980579557965453,0.027911329853451062,0.019980579557965453,0.23824125519996933,0.08289443041149389,0.9746451254253302,0.1661721068249258,0.14285714285714285
1564,mul8_039,0.1652999967336654,resnet34,cifar,resnet34cifar,2,NO,NO,0.14103978924580715,0.07776006720505438,0.2389826960464194,0.23896353166986564,0.0389471879919908,1.0,1.0,1.0,1.0,0.21855062669676084,1.0,0.9463081030118777,0.14910979228486648,1.0
1565,mul8_235,0.9236999750137328,resnet18,cifar,resnet18cifar,0,NO,NO,0.0,0.0,0.0,0.0,0.0,0.0,0.0,0.0,0.0,0.0,0.0,0.0,0.0,0.0
1566,ReFAM_new2_sta3_j4_k2,0.1008000001311302,resnet34,mnist,resnet34mnist,2,NO,NO,0.25911457440550745,0.019273805505311697,0.1396377891961111,0.13963531669865645,0.02477045014596148,0.019665129086286984,0.02696210555519462,0.019665129086286984,0.02696210555519462,0.14602416029927076,0.09391178946991276,0.6726326592532108,0.0830860534124629,0.2857142857142857
1567,ReFAM_sta1_j4_k2_const1,0.1000000014901161,resnet34,cifar,resnet34cifar,2,NO,YES,0.09705963991109309,0.01635543780093241,0.11807522389497753,0.11804222648752401,0.0076430766232808015,1.0,1.0,1.0,1.0,0.104137962922206,1.0,0.9107626112578372,0.0830860534124629,1.0
1568,ReFAM_new_sta3_j4_k4,0.9843999743461608,vgg16,mnist,vgg16mnist,0,NO,NO,0.20711833873885044,0.05960352552671133,0.177992057168245,0.17802303262955857,0.054386829603867926,0.009228192466759535,0.002024572302516405,0.009228192466759535,0.002024572302516405,0.202057061868049,0.026471519081827034,0.5785794428301184,0.22551928783382788,0.06762471428571429
1569,mul8_085,0.0099999997764825,resnet34,cifar100,resnet34cifar100,2,NO,NO,0.49673330876291655,0.2918734246809161,0.4898530211420478,0.4899232245681382,0.17470242881976722,0.03512585212849185,0.02863900629145062,0.03512585212849185,0.02863900629145062,0.4533409399719592,0.0996481312289879,0.9966289206233494,0.49554896142433236,0.4017857142857143
1570,mul8_058,0.1030000001192092,resnet34,cifar,resnet34cifar,2,NO,NO,0.0914808805924404,1.0,1.0,1.0,1.0,0.05544232989500729,0.03172942021376533,0.05544232989500729,0.03172942021376533,1.0,0.11030197715316219,0.9820867500595615,0.9903560830860534,0.2857142857142857
1571,ReFAM_new_sta3_j1_k5,0.5929999947547913,resnet34,cifar100,resnet34cifar100,2,NO,NO,0.01689877659166353,0.002369992026087178,0.02656404360293676,0.02663147792706334,0.002349428939666606,0.0019450120784075652,0.00034240381525646045,0.0019450120784075652,0.00034240381525646045,0.037508424429245416,0.010555316696822583,0.33606739307946215,0.03857566765578635,0.063492
1572,mul8_131,0.1058999970555305,resnet18,mnist,resnet18mnist,2,NO,NO,0.30834851351878906,1.0,1.0,1.0,1.0,0.07438203181038797,0.037353622368977865,0.07438203181038797,0.037353622368977865,1.0,0.12501791440497304,1.0,1.0,0.4330357142857143
1573,ReFAM_new1_sta4_j5_k4,0.1009000018239021,resnet34,mnist,resnet34mnist,2,NO,YES,1.0,1.0,1.0,1.0,1.0,1.0,1.0,1.0,1.0,1.0,1.0,1.0,1.0,1.0
1574,mul8_021,0.9914000034332277,resnet18,mnist,resnet18mnist,0,NO,NO,0.0,0.0,0.0,0.0,0.0,0.0,0.0,0.0,0.0,0.0,0.0,0.0,0.0,0.0
1575,mul8_423,0.0996999964118003,resnet18,cifar,resnet18cifar,2,NO,NO,1.0,0.6571910108781495,0.9360091065811618,0.9359404990403072,0.7496314381947604,0.05139692158701421,0.03823860453764072,0.05139692158701421,0.03823860453764072,0.8940006737946302,0.11805518233878527,0.9962094447238687,0.9310089020771514,0.14285714285714285
1576,ReFAM_new1_sta1_j1_k3,0.1211000010371208,resnet18,mnist,resnet18mnist,2,NO,YES,0.09359322419998263,0.0018183323567625405,0.05246506530489724,0.05254318618042227,0.0020587221569803756,1.0,1.0,1.0,1.0,0.048800007993044923,1.0,0.8988319836119318,0.02225519287833828,1.0
1577,ReFAM_new2_sta4_j4_k1,0.1027999967336654,resnet18,mnist,resnet18mnist,2,NO,NO,1.0,1.0,1.0,1.0,1.0,1.0,1.0,1.0,1.0,1.0,1.0,1.0,1.0,0.2857142857142857
1578,ReFAM_new2_sta3_j2_k7,0.1009000018239021,resnet34,mnist,resnet34mnist,2,NO,NO,1.0,1.0,0.9538822712973684,0.9539347408829176,1.0,0.11440790507835155,0.25155266960841294,0.11440790507835155,0.25155266960841294,1.0,0.2979173011351761,0.9758730087621592,0.7566765578635015,0.2857142857142857
1579,ReFAM_sta2_j3_k4_const0,0.1000000014901161,resnet18,cifar,resnet18cifar,2,YES,NO,0.8336729785220675,0.05384222225052862,0.4437045522928452,0.44361804222648754,0.07084826139105042,0.03425678495736873,0.02148013267708862,0.03425678495736873,0.02148013267708862,0.3700394386440805,0.08727375599386133,0.9811083123425692,0.228486646884273,0.14285714285714285
1580,ReFAM_sta4_j2_k2_const0,0.6851000189781189,vgg16,cifar,vgg16cifar,1,YES,NO,0.045063404244436084,0.00029615570784398643,0.02398402985366731,0.023992322456813823,0.0003896963409896461,0.0033353388729590017,0.0015118445381323716,0.0033353388729590017,0.0015118445381323716,0.021907805180487638,0.02207801126218926,0.8113346053363036,0.011869436201780416,0.14285714285714285
1581,mul8_436,0.008899999782443,resnet34,cifar100,resnet34cifar100,2,NO,NO,0.2038685740096844,1.0,1.0,1.0,1.0,0.0461825185602755,0.025599513962174036,0.0461825185602755,0.025599513962174036,1.0,0.09787087296895434,0.8998409656905367,1.0,0.14285714285714285
1582,ReFAM_sta1_j1_k5_const0,0.9767000079154968,vgg16,mnist,vgg16mnist,0,YES,NO,0.32064345327771826,0.018306721779227066,0.1706555970357097,0.17058541266794627,0.024088890755529335,0.014228490587514702,0.007431040749565849,0.014228490587514702,0.007431040749565849,0.16187961334722537,0.049958796868562014,0.8670149402654102,0.13724035608308605,0.14285714285714285
1583,ReFAM_new1_sta4_j4_k1,0.1000000014901161,resnet34,cifar,resnet34cifar,2,NO,YES,1.0,1.0,1.0,1.0,1.0,1.0,1.0,1.0,1.0,1.0,1.0,1.0,1.0,1.0
1584,ReFAM_new2_sta3_j6_k1,0.0099999997764825,resnet34,cifar100,resnet34cifar100,2,NO,NO,0.3761061046554858,0.06726794767278935,0.2074964505849727,0.20753358925143955,0.08483974396580378,0.028419941929690478,0.041943589410415746,0.028419941929690478,0.041943589410415746,0.24548206656776617,0.11772973731510841,0.46408186703428506,0.142433234421365,0.2857142857142857
1585,mul8_177,0.9233999848365784,resnet18,cifar,resnet18cifar,0,NO,NO,0.0,0.0,0.0,0.0,0.0,0.0,0.0,0.0,0.0,0.0,0.0,0.0,0.0,0.0
1586,ReFAM_new_sta1_j7_k1,0.1246000006794929,resnet18,mnist,resnet18mnist,2,NO,NO,0.11785813417775591,0.042786538608514,0.09593611941466924,0.09596928982725529,0.04981408711489154,0.002922486796864131,0.0004073727443051222,0.002922486796864131,0.0004073727443051222,0.16349543574748418,0.011633166729367084,0.23067407333497592,0.18991097922848665,0.04664728571428572
1587,ReFAM_new1_sta2_j2_k3,0.1000000014901161,resnet34,cifar,resnet34cifar,2,YES,YES,0.17332078555552338,0.004853132244669198,0.09224626866795119,0.09213051823416507,0.006385991652346459,1.0,1.0,1.0,1.0,0.0858572969325426,1.0,0.9226942570491296,0.04451038575667656,1.0
1588,mul8_262,0.2022999972105026,resnet18,mnist,resnet18mnist,2,NO,NO,0.12289145991709678,0.012343606667006344,0.08767584611008113,0.08757197696737044,0.012045503072298078,0.007509932841524425,0.0030570514992897314,0.007509932841524425,0.0030570514992897314,0.09696954047590055,0.0317600007165762,0.9221974021002303,0.1446587537091988,0.14285714285714285
1589,mul8_244,0.1040999963879585,resnet34,cifar,resnet34cifar,2,NO,NO,0.25945309069819167,1.0,1.0,1.0,1.0,0.043342240820139225,0.02561004946418193,0.043342240820139225,0.02561004946418193,1.0,0.09699978502714034,0.799169804251368,1.0,0.19047614285714287
1590,ReFAM_sta2_j5_k1_const0,0.1134999990463256,resnet34,mnist,resnet34mnist,2,YES,NO,0.28424608831105835,0.008699971976664203,0.15128388061543996,0.1513915547024952,0.01144785380197541,0.013540102661947323,0.006033330816518964,0.013540102661947323,0.006033330816518964,0.1316139601084961,0.04516370780411195,0.8849118998796552,0.0712166172106825,0.14285714285714285
1591,ReFAM_sta4_j7_k1_const0,0.1000000014901161,vgg16,cifar,vgg16cifar,2,YES,NO,0.970596399110931,0.09426031131378493,0.5165791045405267,0.5165547024952015,0.12403238379885512,0.04052003100455853,0.026535417723875028,0.04052003100455853,0.026535417723875028,0.44479521150559725,0.097675307381332,0.897650934962909,0.3323442136498516,0.14285714285714285
1592,mul8_272,0.989400029182434,vgg16,mnist,vgg16mnist,0,NO,NO,0.029406984110803117,0.0008830458054161465,0.01721780294538056,0.01727447216890595,0.001098565315775684,0.0015420973608182601,0.0003213328112406783,0.0015420973608182601,0.0003213328112406783,0.025294503358577157,0.010171649856983335,0.46286925587826244,0.02967359050445104,0.14285714285714285
1593,mul8_181,0.1093000024557113,vgg16,cifar,vgg16cifar,2,NO,NO,0.4954807957068525,0.09212222582987287,0.29719716501977805,0.29726487523992323,0.09809476642790599,0.020738363804888096,0.011306349571468456,0.020738363804888096,0.011306349571468456,0.30070078631579444,0.06230107546144521,0.9708861326561987,0.3983679525222552,0.2857142857142857
1594,ReFAM_sta2_j1_k7_const0,0.1006999984383583,resnet34,cifar,resnet34cifar,2,YES,NO,1.0,0.24609185922095125,1.0,1.0,0.32381985065864105,0.06594160085425146,0.04618764080259455,0.06594160085425146,0.04618764080259455,0.8492247827844429,0.13275544448624474,0.9982599895334655,0.5155786350148368,0.14285714285714285
1595,mul8_458,0.0109000001102685,resnet34,cifar100,resnet34cifar100,2,NO,NO,0.47143253671102364,0.0978571701525998,0.30339360886560734,0.30326295585412666,0.09295085893477459,0.022821595506145802,0.014066651097535923,0.022821595506145802,0.014066651097535923,0.3002916760300761,0.06941682640344433,0.9689282390768271,0.4043026706231454,0.14285714285714285
1596,ReFAM_sta1_j5_k5_const1,0.1009000018239021,resnet34,mnist,resnet34mnist,2,NO,YES,1.0,1.0,1.0,1.0,1.0,1.0,1.0,1.0,1.0,1.0,1.0,1.0,1.0,1.0
1597,ReFAM_new2_sta4_j2_k5,0.0089999996125698,resnet34,cifar100,resnet34cifar100,2,NO,NO,1.0,1.0,1.0,1.0,1.0,1.0,1.0,1.0,1.0,1.0,1.0,1.0,1.0,0.2857142857142857
1598,mul8_061,0.1032999977469444,resnet34,cifar,resnet34cifar,2,NO,NO,1.0,1.0,1.0,1.0,1.0,0.08982649372049283,0.05875298286400598,0.08982649372049283,0.05875298286400598,1.0,0.15540597027403066,1.0,1.0,1.0
1599,mul8_316,0.4803000092506408,resnet34,cifar100,resnet34cifar100,2,NO,NO,0.027551910944508085,0.0008266599750337553,0.01660793334441076,0.016554702495201537,0.0010129191110379502,0.0015420973608182601,0.0003213328112406783,0.0015420973608182601,0.0003213328112406783,0.024315986071713175,0.010173889157604964,0.4664429461869437,0.02967359050445104,0.14285714285714285
1600,ReFAM_sta4_j8_k1_const1,0.1000000014901161,resnet34,cifar,resnet34cifar,2,NO,YES,0.5596094863623962,0.4011984230249917,0.5698513246962685,0.5698176583493282,0.23735538574717346,1.0,1.0,1.0,1.0,0.5277625657667712,1.0,0.7660485166639855,0.47477744807121663,1.0
1601,ReFAM_new_sta3_j3_k5,0.9842000007629396,vgg16,mnist,vgg16mnist,0,NO,NO,0.20798494266662806,0.059711996535296664,0.1783514929091843,0.1782629558541267,0.054497327791841375,0.009270652089465134,0.002043887389530872,0.009270652089465134,0.002043887389530872,0.2023469694558841,0.026588709147692326,0.5832710567738232,0.228486646884273,0.06762471428571429
1602,ReFAM_new_sta2_j2_k2,0.9894999861717224,resnet34,mnist,resnet34mnist,0,YES,NO,0.006066227494443318,7.94127200468754e-05,0.0032286194033782916,0.0031190019193857964,0.00010449518820891721,0.00023578641545024363,1.4047336010521454e-05,0.00023578641545024363,1.4047336010521454e-05,0.007161882485407868,0.0021303213247105333,0.11135965171282598,0.005934718100890208,0.031746
1603,ReFAM_sta3_j1_k8_const1,0.1000000014901161,resnet34,cifar,resnet34cifar,2,NO,YES,0.23094994675273492,0.799380332000102,0.7538458096682297,0.7538387715930902,0.3708627779954284,1.0,1.0,1.0,1.0,0.6840890755775828,1.0,1.0,0.6698813056379822,1.0
1604,ReFAM_new1_sta1_j2_k6,0.0979999974370002,vgg16,mnist,vgg16mnist,2,NO,YES,1.0,0.5136040557409625,0.8195648557538455,0.8195777351247602,0.5671245032968297,1.0,1.0,1.0,1.0,0.7806593617270481,1.0,0.9207058191081454,0.3768545994065282,1.0
1605,ReFAM_sta1_j1_k9_const0,0.1134999990463256,resnet34,mnist,resnet34mnist,2,YES,NO,1.0,1.0,1.0,1.0,1.0,0.09841688845044058,0.05928326979840317,0.09841688845044058,0.05928326979840317,1.0,0.15944790789607255,0.9550081553445506,1.0,0.14285714285714285
1606,mul8_101,0.1176000013947486,resnet34,mnist,resnet34mnist,2,NO,NO,0.2859792961666136,0.09001143224721678,0.2763640573823154,0.2763915547024952,0.05293541334225654,0.022225353995811853,0.012386238527277294,0.022225353995811853,0.012386238527277294,0.25347112417372053,0.06532487773418606,0.9205816053709205,0.26112759643916916,0.2857142857142857
1607,ReFAM_new_sta1_j5_k2,0.366100013256073,resnet34,mnist,resnet34mnist,2,NO,NO,0.07799435349998553,0.01341856036481288,0.056731455230789984,0.05662188099808062,0.01581596218326997,0.0025367366076026214,0.00033538014725119976,0.0025367366076026214,0.00033538014725119976,0.09298635509433949,0.010515009285633245,0.2863533901186954,0.11869436201780416,0.05442171428571429
1608,mul8_009,0.0097000002861022,resnet34,cifar100,resnet34cifar100,2,NO,NO,1.0,0.2598248366112144,0.5709753491698383,0.571017274472169,0.2985070580533049,0.037054603074799394,0.026301880762700108,0.037054603074799394,0.026301880762700108,0.5531340760821424,0.09634814854624603,0.99199839540287,0.5593471810089021,1.0
1609,mul8_416,0.0100999996066093,resnet34,cifar100,resnet34cifar100,2,NO,NO,0.826352546360693,0.21033863522533308,0.5037624817688164,0.5038387715930902,0.20248430489149358,0.032307255897822275,0.02316405708134988,0.032307255897822275,0.02316405708134988,0.4744488153574112,0.08979147632611383,0.996085230986644,0.7626112759643917,0.5089285714285714
1610,mul8_166,0.1000000014901161,vgg16,cifar,vgg16cifar,2,NO,NO,0.2555939994153266,1.0,1.0,1.0,1.0,0.08231475408651283,0.045917229584392004,0.08231475408651283,0.045917229584392004,1.0,0.13854851519440115,1.0,1.0,0.42857142857142855
1611,mul8_338,0.100100003182888,vgg16,cifar,vgg16cifar,2,NO,NO,0.6993493697165368,0.23688018272488726,0.4105936360288126,0.4105086372360845,0.2747120221732128,0.027505704947178418,0.018256269062673944,0.027505704947178418,0.018256269062673944,0.45916139960024865,0.07943097878337303,0.9774419708036629,0.7670623145400594,0.42857142857142855
1612,mul8_409,0.1096000000834465,resnet34,mnist,resnet34mnist,2,NO,NO,1.0,1.0,1.0,1.0,1.0,0.09031794126840442,0.05873015594298889,0.09031794126840442,0.05873015594298889,1.0,0.1555769035548151,1.0,1.0,1.0
1613,ReFAM_new1_sta4_j1_k5,0.1000000014901161,vgg16,cifar,vgg16cifar,2,NO,YES,1.0,1.0,1.0,1.0,1.0,1.0,1.0,1.0,1.0,1.0,1.0,1.0,1.0,1.0
1614,ReFAM_new2_sta3_j2_k1,0.2439000010490417,resnet34,mnist,resnet34mnist,2,YES,NO,0.032930949255549444,0.0002730683005120628,0.017526791046910725,0.01751439539347409,0.00035931678752539953,0.002669535853086092,0.0019666270414730037,0.002669535853086092,0.0019666270414730037,0.017955792890688407,0.025075688361011088,0.6045238235839125,0.008902077151335312,0.2857142857142857
1615,ReFAM_new_sta1_j3_k3,0.6948000192642212,vgg16,cifar,vgg16cifar,0,NO,NO,0.04376349835276966,0.0036099450233103205,0.030383614742506424,0.03047024952015355,0.004281548745094681,0.0018049856631018651,0.00021773370816308257,0.0018049856631018651,0.00021773370816308257,0.04866844812566764,0.008441416910004001,0.3281136413155253,0.06528189910979229,0.05793285714285714
1616,mul8_023,0.1137999966740608,resnet18,mnist,resnet18mnist,2,NO,NO,1.0,1.0,1.0,1.0,1.0,0.09031794126840442,0.05873015594298889,0.09031794126840442,0.05873015594298889,1.0,0.1555769035548151,1.0,1.0,1.0
1617,ReFAM_new1_sta1_j1_k7,0.1000000014901161,vgg16,cifar,vgg16cifar,2,NO,YES,1.0,0.5146453774233817,0.8247897434488103,0.8248560460652592,0.5683642094367859,1.0,1.0,1.0,1.0,0.7839610539481563,1.0,0.9714145501120978,0.37833827893175076,1.0
1618,mul8_194,0.1134999990463256,resnet34,mnist,resnet34mnist,2,NO,NO,1.0,0.2588650337553818,0.6562630611491806,0.656190019193858,0.30039177400577455,1.0,1.0,1.0,1.0,0.6025886919328112,1.0,0.9991610482010389,0.6706231454005934,1.0
1619,ReFAM_sta1_j1_k9_const0,0.1032999977469444,resnet34,cifar,resnet34cifar,2,YES,NO,1.0,1.0,1.0,1.0,1.0,0.09841688845044058,0.05928326979840317,0.09841688845044058,0.05928326979840317,1.0,0.15944790789607255,0.9550081553445506,1.0,0.14285714285714285
1620,mul8_260,0.098300002515316,resnet18,cifar,resnet18cifar,2,NO,NO,1.0,1.0,1.0,1.0,1.0,0.06340938122778775,0.04257571953088922,0.06340938122778775,0.04257571953088922,1.0,0.12749234159187403,1.0,1.0,0.2857142857142857
1621,mul8_422,0.0294000003486871,resnet34,cifar100,resnet34cifar100,2,NO,NO,0.0898873068945601,0.010918243318981988,0.07175030269321615,0.07173704414587333,0.010846639204019314,0.0062840241604287155,0.0029955944042437004,0.0062840241604287155,0.0029955944042437004,0.0866748786667393,0.031261383111493284,0.9111973593381241,0.1446587537091988,0.7142857142857143
1622,ReFAM_new1_sta1_j5_k1,0.0929000005125999,resnet18,mnist,resnet18mnist,2,NO,YES,0.2703804254666165,0.023424961149466284,0.154973731362158,0.15499040307101727,0.026750768181482806,1.0,1.0,1.0,1.0,0.15690900214762732,1.0,0.6124785934932364,0.0712166172106825,1.0
1623,ReFAM_sta1_j1_k7_const0,0.1134999990463256,resnet34,mnist,resnet34mnist,2,YES,NO,1.0,0.30149526787761444,0.7019941045631086,0.7020153550863725,0.39672239840636,0.03861025137903434,0.025954209196439704,0.03861025137903434,0.025954209196439704,0.662311040978813,0.09619438323689411,0.8849118998796552,0.564540059347181,0.14285714285714285
1624,mul8_274,0.1010999977588653,resnet18,cifar,resnet18cifar,2,NO,NO,0.76469672041231,0.34451610585178205,0.5506354528121371,0.5506238003838773,0.28398939904809745,0.037852301943928,0.02804023859400214,0.037852301943928,0.02804023859400214,0.5360340652270525,0.09937642942023014,0.9965820859355433,0.7136498516320475,0.15178571428571427
1625,ReFAM_new2_sta3_j7_k1,0.1032000035047531,resnet18,mnist,resnet18mnist,2,NO,NO,0.6092225612276647,0.2707816520393346,0.37313615676186257,0.3730806142034549,0.31433383508943,0.048658727620616946,0.08311808717425545,0.048658727620616946,0.08311808717425545,0.46081585541190245,0.1673033744767501,0.42586374363913665,0.28486646884273,0.2857142857142857
1626,mul8_039,0.0100999996066093,resnet34,cifar100,resnet34cifar100,2,NO,NO,0.14103978924580715,0.07776006720505438,0.2389826960464194,0.23896353166986564,0.0389471879919908,1.0,1.0,1.0,1.0,0.21855062669676084,1.0,0.9463081030118777,0.14910979228486648,1.0
1627,ReFAM_new2_sta4_j1_k5,0.100100003182888,resnet34,cifar,resnet34cifar,2,NO,NO,1.0,1.0,1.0,1.0,1.0,1.0,1.0,1.0,1.0,1.0,1.0,1.0,1.0,0.2857142857142857
1628,mul8_282,0.7085000276565552,vgg16,cifar,vgg16cifar,0,NO,NO,0.0,0.0,0.0,0.0,0.0,0.0,0.0,0.0,0.0,0.0,0.0,0.0,0.0,0.0
1629,ReFAM_sta4_j5_k1_const1,0.0895000025629997,resnet34,mnist,resnet34mnist,2,NO,YES,0.13172379702219777,0.005209792882072708,0.08152263993530187,0.081573896353167,0.0047243970354974435,1.0,1.0,1.0,1.0,0.07511446643708715,1.0,0.771563810225845,0.03560830860534125,1.0
1630,ReFAM_new2_sta1_j1_k6,0.7023000121116638,vgg16,cifar,vgg16cifar,0,NO,NO,0.16985436984441293,0.07215690520469772,0.17127537757578518,0.17130518234165068,0.06889449451537832,0.013112796246207993,0.01698322923672044,0.013112796246207993,0.01698322923672044,0.21425884503115736,0.07420519756602952,0.5906037398516358,0.1884272997032641,0.2857142857142857
1631,ReFAM_new_sta3_j4_k1,0.9915000200271606,resnet34,mnist,resnet34mnist,0,NO,NO,0.001949858837499638,0.00042571138511706113,0.008878703359290302,0.008877159309021113,0.00046445034024369014,0.0007299441520451986,0.00011589052208680202,0.0007299441520451986,0.00011589052208680202,0.015667532035772428,0.0060856726560493965,0.1928906980201145,0.011869436201780416,0.063492
1632,ReFAM_sta4_j1_k2_const1,0.9871000051498412,vgg16,mnist,vgg16mnist,0,YES,YES,0.029464533544438978,7.244669197258808e-05,0.015681865673551704,0.015595009596928982,9.532894362918763e-05,1.0,1.0,1.0,1.0,0.013191980885101902,1.0,0.9545113003956514,0.0051928783382789315,1.0
1633,ReFAM_sta2_j4_k6_const1,0.0979999974370002,vgg16,mnist,vgg16mnist,2,NO,YES,0.010399247133331404,1.0,1.0,1.0,1.0,1.0,1.0,1.0,1.0,1.0,1.0,1.0,1.0,1.0
1634,ReFAM_new1_sta3_j5_k3,0.1027999967336654,resnet18,mnist,resnet18mnist,2,NO,YES,0.8527382649331751,0.25757266960487096,0.49817309216783723,0.49808061420345495,0.2869813661198078,1.0,1.0,1.0,1.0,0.5089474366316024,1.0,0.7967934529179028,0.3560830860534125,1.0
1635,mul8_167,0.1035000011324882,resnet34,cifar,resnet34cifar,2,NO,NO,1.0,1.0,1.0,1.0,1.0,0.09031794126840442,0.05873015594298889,0.09031794126840442,0.05873015594298889,1.0,0.1555769035548151,1.0,1.0,1.0
1636,ReFAM_new_sta3_j2_k6,0.1169999986886978,resnet34,mnist,resnet34mnist,2,NO,NO,0.20798494266662806,0.059711996535296664,0.1783514929091843,0.1782629558541267,0.054497327791841375,0.009270652089465134,0.002043887389530872,0.009270652089465134,0.002043887389530872,0.2023469694558841,0.026588709147692326,0.5832710567738232,0.228486646884273,0.06762471428571429
1637,mul8_335,0.1000000014901161,vgg16,cifar,vgg16cifar,2,NO,NO,1.0,1.0,1.0,1.0,1.0,0.0649984551924505,0.04460731550141088,0.0649984551924505,0.04460731550141088,1.0,0.13053107253542573,1.0,1.0,0.42857142857142855
1638,mul8_340,0.7067000269889832,vgg16,cifar,vgg16cifar,0,NO,NO,0.018036197713287364,0.0010247703742389115,0.01814657158698621,0.018234165067178506,0.0010564933132963838,0.001783304153635176,0.00044249108433142584,0.001783304153635176,0.00044249108433142584,0.02528035419648623,0.011941443781611459,0.5244843602687089,0.03560830860534125,0.14285714285714285
1639,ReFAM_sta4_j7_k1_const1,0.1067999973893165,vgg16,cifar,vgg16cifar,2,NO,YES,0.36050723395548867,0.09426031131378493,0.29345844219991973,0.293426103646833,0.06333663852868628,1.0,1.0,1.0,1.0,0.2720977124080293,1.0,0.7656595851261176,0.18991097922848665,1.0
1640,ReFAM_sta3_j2_k6_const0,0.101000003516674,vgg16,mnist,vgg16mnist,2,YES,NO,1.0,0.1860805225078338,0.9067808210059602,0.9066698656429942,0.2448539630677821,0.06628579481703516,0.053093662368767156,0.06628579481703516,0.053093662368767156,0.7413327659087127,0.14087813427443674,0.9982284270264657,0.5103857566765578,0.14285714285714285
1641,ReFAM_new2_sta1_j7_k1,0.7063999772071838,vgg16,cifar,vgg16cifar,0,NO,NO,0.24958193119995367,0.2247981046034698,0.26566925376369943,0.265595009596929,0.23063318933408733,0.012531009075518504,0.015272966077439451,0.012531009075518504,0.015272966077439451,0.372575303068244,0.07037972567074517,0.3261252033745411,0.28486646884273,0.2857142857142857
1642,ReFAM_new2_sta1_j5_k1,0.2793000042438507,resnet18,mnist,resnet18mnist,2,NO,NO,0.06239548279998842,0.014049881537716863,0.06641731344092486,0.06645873320537428,0.014414574333380458,0.0054619335931500885,0.0048410631726259565,0.0054619335931500885,0.0048410631726259565,0.093143825767061,0.03945423765249637,0.3261252033745411,0.0712166172106825,0.2857142857142857
1643,mul8_051,0.100100003182888,vgg16,cifar,vgg16cifar,2,NO,NO,0.5511600980665644,0.1516778972307849,0.3793346300256026,0.3793186180422265,0.12837408007065937,0.0262165585301382,0.015675071070740627,0.0262165585301382,0.015675071070740627,0.365465380247335,0.07377823758083875,0.9855514988118244,0.4072700296735905,0.2380952857142857
1644,ReFAM_new_sta2_j1_k8,0.0949999988079071,resnet34,mnist,resnet34mnist,2,NO,NO,0.5884240669610019,0.3612874732504522,0.4859783863597848,0.4858445297504798,0.30539324319542427,0.015570033985766087,0.0017260664122928236,0.015570033985766087,0.0017260664122928236,0.5105071631669272,0.02670963138126034,0.7302230349284956,0.516320474777448,0.04686314285714286
1645,ReFAM_new2_sta3_j1_k3,0.70169997215271,vgg16,cifar,vgg16cifar,0,YES,NO,0.07972756135554075,0.0011814383613991287,0.04243328358725755,0.04246641074856046,0.0015545950807221366,0.006312029443489855,0.006430168058816196,0.006312029443489855,0.006430168058816196,0.04060406186414293,0.045468999122194154,0.8272431270095645,0.02225519287833828,0.2857142857142857
1646,ReFAM_new2_sta2_j4_k4,0.0939999967813491,resnet34,cifar,resnet34cifar,2,NO,NO,0.4246359246110323,0.30061953863398977,0.42075829296169237,0.4208253358925144,0.24050338512191327,0.04140174572287056,0.06844740062826711,0.04140174572287056,0.06844740062826711,0.44768522997121474,0.15129088216501554,0.7736143550354416,0.36795252225519287,0.2857142857142857
1647,mul8_422,0.4298000037670135,resnet18,mnist,resnet18mnist,2,NO,NO,0.0898873068945601,0.010918243318981988,0.07175030269321615,0.07173704414587333,0.010846639204019314,0.0062840241604287155,0.0029955944042437004,0.0062840241604287155,0.0029955944042437004,0.0866748786667393,0.031261383111493284,0.9111973593381241,0.1446587537091988,0.7142857142857143
1648,ReFAM_new_sta1_j1_k5,0.9606000185012816,resnet34,mnist,resnet34mnist,1,NO,NO,0.04463010228054727,0.0036374110768603676,0.030700713135977883,0.030710172744721688,0.004320557466155676,0.0018456384933519072,0.00022651329316965844,0.0018456384933519072,0.00022651329316965844,0.04894993172413463,0.008625785994518192,0.34004426896143064,0.06676557863501484,0.05924957142857142
1649,ReFAM_sta2_j2_k2_const0,0.9890999794006348,vgg16,mnist,vgg16mnist,0,YES,NO,0.055462651377767486,0.00047767049652255877,0.029518805973744382,0.029510556621881002,0.0006285424854671712,0.0037247026471316264,0.0015715457161770878,0.0037247026471316264,0.0015715457161770878,0.027271639649865325,0.022537814323163922,0.8113346053363036,0.016320474777448073,0.14285714285714285
1650,mul8_154,0.8184000253677368,resnet34,cifar,resnet34cifar,2,NO,NO,0.03645153117856172,0.0009722079586273661,0.019805923296740545,0.01991362763915547,0.001259713233908173,0.0018628030216797026,0.00041966416331432846,0.0018628030216797026,0.00041966416331432846,0.02760130673507776,0.011635406029988714,0.5591593377167886,0.03412462908011869,0.14285714285714285
1651,ReFAM_new1_sta4_j3_k6,0.1000000014901161,vgg16,cifar,vgg16cifar,2,NO,YES,1.0,1.0,1.0,1.0,1.0,1.0,1.0,1.0,1.0,1.0,1.0,1.0,1.0,1.0
1652,ReFAM_sta2_j7_k1_const1,0.1072999984025955,resnet34,cifar,resnet34cifar,2,NO,YES,0.2773132568888374,0.207474587929585,0.3880108675845697,0.3879558541266795,0.1144812715258817,1.0,1.0,1.0,1.0,0.3620421329996928,1.0,0.8140693438460238,0.28486646884273,1.0
1653,mul8_087,0.9248999953269958,resnet18,cifar,resnet18cifar,0,NO,NO,0.0,0.0,0.0,0.0,0.0,0.0,0.0,0.0,0.0,0.0,0.0,0.0,0.0,0.0
1654,mul8_202,0.6775000095367432,vgg16,mnist,vgg16mnist,2,NO,NO,0.8767865239290039,0.35858981667643236,0.5890226047341258,0.5890115163147793,0.3128137805972316,0.039414274021757394,0.028672368714475604,0.039414274021757394,0.028672368714475604,0.5687519547641299,0.10078942811247858,0.9957736784981948,0.7574183976261127,0.15178571428571427
1655,ReFAM_new_sta2_j5_k3,0.0132999997586011,resnet34,cifar100,resnet34cifar100,2,NO,NO,0.27904646474439265,0.08626012661452628,0.23014002776952155,0.23008637236084453,0.07545605043687074,0.008428686805175375,0.0007796271485839408,0.008428686805175375,0.0007796271485839408,0.24797674764544964,0.01719782877411727,0.6335134771904889,0.22551928783382788,0.04444442857142857
1656,ReFAM_new2_sta3_j1_k2,0.2282000035047531,resnet34,mnist,resnet34mnist,2,YES,NO,0.03639736496665991,0.000285806180419331,0.01937171642026975,0.019433781190019195,0.00037607792047119075,0.002989338117719755,0.0024284332128188964,0.002989338117719755,0.0024284332128188964,0.019140938834504094,0.027867349802642973,0.6999749536234776,0.010385756676557863,0.2857142857142857
1657,ReFAM_new1_sta2_j1_k7,0.1000000014901161,resnet18,cifar,resnet18cifar,2,NO,YES,0.7158148443443116,0.3401451799862431,0.5224778217093048,0.522552783109405,0.29019935926500046,1.0,1.0,1.0,1.0,0.5232447791858944,1.0,1.0,0.37833827893175076,1.0
1658,ReFAM_new1_sta1_j3_k2,0.3973999917507171,vgg16,cifar,vgg16cifar,2,NO,YES,0.15772191485552628,0.007036882531271495,0.09040134329459217,0.0904510556621881,0.00787354220128543,1.0,1.0,1.0,1.0,0.08854623596299646,1.0,0.7198603511787068,0.04154302670623145,1.0
1659,ReFAM_new1_sta2_j3_k4,0.1000000014901161,vgg16,cifar,vgg16cifar,2,NO,YES,0.4644997052888027,0.08054161465365704,0.28302308305685775,0.2831094049904031,0.0826094329787118,1.0,1.0,1.0,1.0,0.28146943306326877,1.0,0.9018141314507147,0.18397626112759644,1.0
1660,mul8_250,0.1377999931573867,vgg16,mnist,vgg16mnist,2,NO,NO,0.3394920887068814,1.0,1.0,1.0,1.0,0.07523574124563884,0.03901647576922334,0.07523574124563884,0.03901647576922334,1.0,0.12745501991484684,1.0,1.0,0.4330357142857143
1661,ReFAM_new_sta3_j2_k2,0.7084000110626221,vgg16,cifar,vgg16cifar,0,NO,NO,0.003466415711110468,6.050492955952411e-05,0.0025367723883686576,0.00263915547024952,7.588341467533027e-05,0.00024120679281691587,3.687425702761882e-05,0.00024120679281691587,3.687425702761882e-05,0.006052896226962023,0.003419412049228785,0.1034058999488891,0.005934718100890208,0.063492
1662,ReFAM_new1_sta2_j7_k1,0.1027999967336654,resnet18,mnist,resnet18mnist,2,NO,YES,0.3917049753554829,0.28583484064912235,0.37336677243353245,0.37332053742802307,0.25800562532179283,1.0,1.0,1.0,1.0,0.4333806030482243,1.0,0.47924408813880987,0.28486646884273,1.0
1663,mul8_141,0.9228000044822692,resnet18,cifar,resnet18cifar,0,NO,NO,0.0,0.0,0.0,0.0,0.0,0.0,0.0,0.0,0.0,0.0,0.0,0.0,0.0,0.0
1664,ReFAM_new_sta1_j1_k2,0.9890000224113464,vgg16,mnist,vgg16mnist,0,NO,NO,0.002166509819444042,3.06007693679464e-05,0.00230615671669878,0.002399232245681382,3.5355514807528376e-05,0.0002104913210724397,1.4047336010521454e-05,0.0002104913210724397,1.4047336010521454e-05,0.004280044384787273,0.0021019568501698884,0.1749937384058694,0.004451038575667656,0.040816285714285715
1665,ReFAM_new1_sta3_j4_k2,0.1134999990463256,resnet34,mnist,resnet34mnist,2,NO,YES,0.27991306867217025,0.01622626773749777,0.15070734143626527,0.15067178502879078,0.020713208402270887,1.0,1.0,1.0,1.0,0.14587354088525445,1.0,0.7949292287141434,0.0830860534124629,1.0
1666,ReFAM_new1_sta1_j1_k3,0.1288000047206878,resnet34,cifar,resnet34cifar,2,NO,YES,0.09359322419998263,0.0018183323567625405,0.05246506530489724,0.05254318618042227,0.0020587221569803756,1.0,1.0,1.0,1.0,0.048800007993044923,1.0,0.8988319836119318,0.02225519287833828,1.0
1667,mul8_144,0.1077999994158744,resnet34,cifar,resnet34cifar,2,NO,NO,0.5315531842005958,0.09982101475046494,0.32411478857051906,0.32413627639155473,0.10055574308740772,0.025678134378382088,0.01805082677352007,0.025678134378382088,0.01805082677352007,0.3170137551050844,0.07859795895212673,0.9761367084174152,0.4043026706231454,0.42857142857142855
1668,ReFAM_sta2_j6_k3_const0,0.100100003182888,resnet18,cifar,resnet18cifar,2,YES,NO,1.0,0.9494306167681451,1.0,1.0,1.0,0.104518426572858,0.06506023673273012,0.104518426572858,0.06506023673273012,1.0,0.16763553740229184,1.0,1.0,0.14285714285714285
1669,mul8_397,0.2151000052690506,vgg16,mnist,vgg16mnist,2,NO,NO,0.5635092040373955,0.16372413762005453,0.36001122113130885,0.3598848368522073,0.166613395319323,0.025827194755965576,0.018421325260797573,0.025827194755965576,0.018421325260797573,0.37761504674357194,0.07937648913491338,0.9792593603196161,0.43991097922848665,0.7142857142857143
1670,mul8_265,0.0065000001341104,resnet34,cifar100,resnet34cifar100,2,NO,NO,0.3012531903936941,0.022189159783965556,0.16933496255495187,0.16938579654510558,0.025545179109743132,0.014450726059548264,0.007176432784375149,0.014450726059548264,0.007176432784375149,0.1630950878183161,0.04919071675534297,0.9301511538641671,0.19881305637982197,0.14285714285714285
1671,ReFAM_new1_sta1_j4_k2,0.1000000014901161,resnet18,cifar,resnet18cifar,2,NO,YES,0.31544382971105256,0.02814753012508598,0.18080268658918433,0.1809021113243762,0.03149416880514172,1.0,1.0,1.0,1.0,0.17709247463293043,1.0,0.7198603511787068,0.0830860534124629,1.0
1672,mul8_300,0.1132000014185905,resnet18,mnist,resnet18mnist,2,NO,NO,0.2344163624638454,0.026103448704557615,0.15354409500049135,0.15355086372360846,0.024487315959334493,0.013359423416391581,0.007046494926277825,0.013359423416391581,0.007046494926277825,0.15294945103700863,0.04855400894525955,0.929530085178043,0.19881305637982197,0.21428571428571427
1673,ReFAM_new_sta1_j1_k6,0.989199995994568,vgg16,mnist,vgg16mnist,0,NO,NO,0.09315992223609382,0.014908842559804347,0.06317428148052988,0.06309980806142035,0.017731068684507086,0.0031112966084698816,0.0004512706693380018,0.0031112966084698816,0.0004512706693380018,0.09949606325889786,0.012244495799072032,0.3748444782921222,0.13798219584569732,0.060252714285714284
1674,mul8_467,0.1015999987721443,vgg16,cifar,vgg16cifar,2,NO,NO,0.5474770313735094,0.11427509073191858,0.33234465750495423,0.3322936660268714,0.11891602324448124,0.020799794748377048,0.010819960562104151,0.020799794748377048,0.010819960562104151,0.33381427310680184,0.061063488651224455,0.9642050626261227,0.49851632047477745,0.2857142857142857
1675,ReFAM_new_sta2_j1_k2,0.9922000169754028,resnet34,mnist,resnet34mnist,0,NO,NO,0.0,0.0,0.0,0.0,0.0,0.0,0.0,0.0,0.0,0.0,0.0,0.0,0.0,0.0
1676,mul8_004,0.0970999971032142,resnet18,cifar,resnet18cifar,2,NO,NO,1.0,1.0,1.0,1.0,1.0,0.08819496013312446,0.04488826222162131,0.08819496013312446,0.04488826222162131,1.0,0.13983462018475723,1.0,1.0,0.36160714285714285
1677,mul8_305,0.2040999978780746,resnet18,mnist,resnet18mnist,2,NO,NO,0.1237580638448744,0.012470265724912746,0.08812221104476235,0.08805182341650672,0.012190102857962253,0.0075180634075744344,0.0030570514992897314,0.0075180634075744344,0.0030570514992897314,0.09751173734172228,0.031761493583657284,0.9221974021002303,0.1446587537091988,0.14285714285714285
1678,mul8_104,0.2818999886512756,resnet18,cifar,resnet18cifar,2,NO,NO,0.09131838888956638,0.029553097330140374,0.1353488764212604,0.13531669865642995,0.019242935497350563,0.012316000773307169,0.007113219772327802,0.012316000773307169,0.007113219772327802,0.1351733473616938,0.04858834488812454,0.9451280725082419,0.22255192878338279,0.2857142857142857
1679,ReFAM_sta1_j7_k3_const0,0.1000000014901161,resnet18,cifar,resnet18cifar,2,YES,NO,1.0,1.0,1.0,1.0,1.0,0.08418839786292587,0.04392777562190191,0.08418839786292587,0.04392777562190191,1.0,0.13703101580647664,0.913745777242007,1.0,0.14285714285714285
1680,mul8_057,0.101000003516674,vgg16,mnist,vgg16mnist,2,NO,NO,1.0,1.0,1.0,1.0,1.0,0.07353735633741487,0.0565686221143699,0.07353735633741487,0.0565686221143699,1.0,0.14710936147089207,1.0,1.0,1.0
1681,ReFAM_new2_sta4_j2_k6,0.101000003516674,vgg16,mnist,vgg16mnist,2,NO,NO,1.0,1.0,1.0,1.0,1.0,1.0,1.0,1.0,1.0,1.0,1.0,1.0,1.0,0.2857142857142857
1682,mul8_446,0.1015999987721443,resnet34,cifar,resnet34cifar,2,NO,NO,0.6820714573728863,0.12669306747254988,0.3877513124134933,0.38771593090211137,0.14384900262706354,0.026295154001954948,0.015248383239421041,0.026295154001954948,0.015248383239421041,0.37921617859424833,0.07287281369615975,0.974894571045167,0.4992581602373887,0.2380952857142857
1683,mul8_265,0.1134999990463256,resnet34,mnist,resnet34mnist,2,NO,NO,0.3012531903936941,0.022189159783965556,0.16933496255495187,0.16938579654510558,0.025545179109743132,0.014450726059548264,0.007176432784375149,0.014450726059548264,0.007176432784375149,0.1630950878183161,0.04919071675534297,0.9301511538641671,0.19881305637982197,0.14285714285714285
1684,mul8_142,0.9247999787330629,resnet18,cifar,resnet18cifar,0,NO,NO,0.0,0.0,0.0,0.0,0.0,0.0,0.0,0.0,0.0,0.0,0.0,0.0,0.0,0.0
1685,ReFAM_new1_sta1_j1_k2,0.6830000281333923,vgg16,cifar,vgg16cifar,1,NO,YES,0.048529819955546546,0.0004076121570325835,0.026751417913705847,0.02663147792706334,0.00047664471814593814,1.0,1.0,1.0,1.0,0.024362437118485757,1.0,0.874968692029347,0.010385756676557863,1.0
1686,ReFAM_new_sta3_j1_k5,0.7049000263214111,vgg16,cifar,vgg16cifar,0,NO,NO,0.01689877659166353,0.002369992026087178,0.02656404360293676,0.02663147792706334,0.002349428939666606,0.0019450120784075652,0.00034240381525646045,0.0019450120784075652,0.00034240381525646045,0.037508424429245416,0.010555316696822583,0.33606739307946215,0.03857566765578635,0.063492
1687,ReFAM_sta1_j1_k9_const1,0.0979999974370002,vgg16,mnist,vgg16mnist,2,NO,YES,1.0,1.0,1.0,1.0,1.0,1.0,1.0,1.0,1.0,1.0,1.0,1.0,1.0,1.0
1688,ReFAM_new1_sta1_j1_k5,0.1009000018239021,resnet34,mnist,resnet34mnist,2,NO,YES,0.3639736496665991,0.03147211678088299,0.20691991140579802,0.20681381957773515,0.03490076676641829,1.0,1.0,1.0,1.0,0.19570614806862896,1.0,0.9465575486317144,0.09347181008902077,1.0
1689,mul8_006,0.9836999773979188,resnet34,mnist,resnet34mnist,0,NO,NO,0.00032497647291660636,0.0034646753496548033,0.0009801166045969815,0.0009596928982725527,0.004557845545997958,0.0001273788681167983,0.00043195558232353475,0.0001273788681167983,0.00043195558232353475,0.04464395758544091,0.0117093029505025,0.00026369965525597193,0.7596439169139466,0.2851572857142857
1690,ReFAM_new1_sta1_j2_k7,0.1000000014901161,vgg16,cifar,vgg16cifar,2,NO,YES,1.0,1.0,1.0,1.0,1.0,1.0,1.0,1.0,1.0,1.0,1.0,0.9415859447065603,0.7566765578635015,1.0
1691,ReFAM_new1_sta4_j6_k1,0.1032000035047531,resnet18,mnist,resnet18mnist,2,NO,YES,1.0,1.0,1.0,1.0,1.0,1.0,1.0,1.0,1.0,1.0,1.0,1.0,1.0,1.0
1692,mul8_089,0.1023000031709671,resnet34,cifar,resnet34cifar,2,NO,NO,0.29805759187642983,1.0,1.0,1.0,1.0,0.07508306728314425,0.0390586177772549,0.07508306728314425,0.0390586177772549,1.0,0.12744456984527924,1.0,1.0,0.42857142857142855
1693,mul8_098,0.7886999845504761,resnet18,cifar,resnet18cifar,2,NO,NO,0.02859792961666136,0.00036283054798359364,0.0170079057856535,0.017034548944337813,0.0004065188532042848,0.0019685003803298117,0.0007357292235510612,0.0019685003803298117,0.0007357292235510612,0.01825929201149813,0.015372798767488937,0.5786720940603434,0.01483679525222552,0.2857142857142857
1694,ReFAM_new_sta1_j3_k2,0.9247000217437744,resnet34,cifar,resnet34cifar,0,NO,NO,0.019498588374996382,0.000838660025985275,0.014182863807697496,0.014155470249520154,0.000988497637501944,0.0009874120769621313,9.833135207365019e-05,0.0009874120769621313,9.833135207365019e-05,0.023246588773584872,0.005632587496939622,0.2863533901186954,0.02967359050445104,0.05442171428571429
1695,mul8_097,0.0109000001102685,resnet34,cifar100,resnet34cifar100,2,NO,NO,0.2619310371707847,1.0,1.0,1.0,1.0,0.08522097975127695,0.050851356358087664,0.08522097975127695,0.050851356358087664,1.0,0.14523655971766897,1.0,1.0,0.42857142857142855
1696,ReFAM_new2_sta2_j6_k3,0.0115999998524785,resnet34,cifar100,resnet34cifar100,2,NO,NO,0.7643446642998581,1.0,0.7984635217960517,0.7984644913627639,0.9558774699486614,0.06171099631956376,0.09880018191300134,0.06171099631956376,0.09880018191300134,0.8723565324433262,0.1842548801824881,0.6765474282665668,0.712166172106825,0.2857142857142857
1697,ReFAM_sta4_j2_k4_const0,0.9028000235557556,vgg16,mnist,vgg16mnist,2,YES,NO,0.24611551548884322,0.005480472830102158,0.13098970150849068,0.13099808061420348,0.0072114774499266775,0.014907844550804293,0.009827867456361074,0.014907844550804293,0.009827867456361074,0.11129760135646151,0.05718725927518318,0.9535165723524657,0.0712166172106825,0.14285714285714285
1698,ReFAM_sta4_j2_k6_const1,0.1000000014901161,vgg16,cifar,vgg16cifar,2,NO,YES,0.5442272666443434,0.10086171757572669,0.35955775692379094,0.3596449136276392,0.07684910151712776,1.0,1.0,1.0,1.0,0.3212086717207048,1.0,1.0,0.1913946587537092,1.0
1699,ReFAM_new1_sta3_j1_k8,0.0979999974370002,vgg16,mnist,vgg16mnist,2,NO,YES,1.0,1.0,0.9861144127075627,0.986084452975048,1.0,1.0,1.0,1.0,1.0,1.0,1.0,1.0,0.7581602373887241,1.0
1700,mul8_353,0.1008000001311302,resnet34,cifar,resnet34cifar,2,NO,NO,1.0,1.0,1.0,1.0,1.0,0.06365510500174355,0.04281979199407203,0.06365510500174355,0.04281979199407203,1.0,0.12788048703295654,1.0,1.0,0.2857142857142857
1701,ReFAM_sta2_j3_k6_const0,0.1000000014901161,vgg16,cifar,vgg16cifar,2,YES,NO,1.0,0.9776951761648791,1.0,1.0,1.0,0.11253606809439405,0.07799783319842038,0.11253606809439405,0.07799783319842038,1.0,0.1827426058293474,1.0,1.0,0.14285714285714285
1702,ReFAM_new_sta3_j7_k1,0.1140000000596046,resnet18,mnist,resnet18mnist,2,NO,NO,0.14688936575830608,0.05567841749675184,0.15612680972050738,0.15619001919385797,0.05078040571731203,0.00753522793590223,0.0016277350602191736,0.00753522793590223,0.0016277350602191736,0.1879324354582398,0.023563414007870393,0.4305869200898411,0.18991097922848665,0.063492
1703,ReFAM_new1_sta3_j4_k4,0.1000000014901161,resnet34,cifar,resnet34cifar,2,NO,YES,0.9030012927442769,0.26292178304842945,0.5238867395590286,0.5237523992322457,0.2924406463638077,1.0,1.0,1.0,1.0,0.5249365257679642,1.0,0.8952888376648632,0.36795252225519287,1.0
1704,ReFAM_new1_sta3_j6_k3,0.1000000014901161,resnet18,cifar,resnet18cifar,2,NO,YES,1.0,1.0,0.8908034794643129,0.8908349328214972,1.0,1.0,1.0,1.0,1.0,0.9430559865939896,1.0,0.7445463042340593,0.712166172106825,1.0
1705,ReFAM_new2_sta1_j3_k5,0.7035999894142151,vgg16,cifar,vgg16cifar,0,NO,NO,0.3275762846999392,0.28763963900848344,0.33975453828764773,0.3397312859884837,0.2738034800676354,0.01965248153909808,0.028782991485558462,0.01965248153909808,0.028782991485558462,0.42640924294189536,0.0969370846097347,0.5722099252884915,0.37388724035608306,0.2857142857142857
1706,ReFAM_new_sta1_j4_k2,0.6973000168800354,vgg16,cifar,vgg16cifar,0,NO,NO,0.038997176749992764,0.00335464009120322,0.028365727615394992,0.02831094049904031,0.003953990550007776,0.0016107554741294423,0.0001826153681367789,0.0016107554741294423,0.0001826153681367789,0.046493177547169744,0.007712151340893212,0.2863533901186954,0.05934718100890208,0.05442171428571429
1707,mul8_151,0.1134999990463256,resnet18,mnist,resnet18mnist,2,NO,NO,1.0,1.0,1.0,1.0,1.0,0.08872073673769168,0.05409102322551418,0.08872073673769168,0.05409102322551418,1.0,0.1501242065411464,1.0,1.0,0.8660714285714286
1708,ReFAM_new_sta2_j6_k1,0.1781000047922134,resnet34,cifar100,resnet34cifar100,2,NO,NO,0.03336425121943825,0.015729241637581843,0.07737155784524406,0.0772552783109405,0.013715828228075898,0.0033479864201479037,0.0002598757161946469,0.0033479864201479037,0.0002598757161946469,0.09601045899998222,0.009487170300305143,0.4031815007055748,0.0712166172106825,0.031746
1709,mul8_020,0.1013000011444091,resnet34,mnist,resnet34mnist,2,NO,NO,0.2868459000943912,1.0,1.0,1.0,1.0,0.07396827633806533,0.0371604714988332,0.07396827633806533,0.0371604714988332,1.0,0.12460588309059314,1.0,1.0,0.4330357142857143
1710,ReFAM_sta3_j7_k1_const1,0.1000000014901161,vgg16,cifar,vgg16cifar,2,NO,YES,0.045930008172213696,0.15305975817134995,0.319662149738335,0.3195777351247601,0.07634286746589143,1.0,1.0,1.0,1.0,0.2972705416348244,1.0,0.7843649521777112,0.28486646884273,1.0
1711,mul8_323,0.1134999990463256,resnet34,mnist,resnet34mnist,2,NO,NO,0.5778081688457261,0.1611135688482409,0.3641228882356902,0.3642034548944338,0.16520392489914323,0.0265092589079385,0.019092085555299974,0.0265092589079385,0.019092085555299974,0.37891867263296974,0.08085741327935127,0.9791972534510038,0.43991097922848665,0.7142857142857143
1712,mul8_155,0.1134999990463256,resnet34,mnist,resnet34mnist,2,NO,NO,0.6453220293609432,0.5097474773647874,0.6291750661199115,0.6290786948176584,0.3286375344780907,0.044373015916034736,0.0318523344038574,0.044373015916034736,0.0318523344038574,0.5972616880544818,0.1070102052393663,1.0,0.8100890207715133,0.2857142857142857
1713,ReFAM_new2_sta2_j4_k4,0.0989999994635582,resnet18,cifar,resnet18cifar,2,NO,NO,0.4246359246110323,0.30061953863398977,0.42075829296169237,0.4208253358925144,0.24050338512191327,0.04140174572287056,0.06844740062826711,0.04140174572287056,0.06844740062826711,0.44768522997121474,0.15129088216501554,0.7736143550354416,0.36795252225519287,0.2857142857142857
1714,mul8_425,0.100100003182888,resnet18,cifar,resnet18cifar,2,NO,NO,0.8101392673415644,0.35306719452016405,0.5653617504581098,0.5652591170825336,0.2999654679311602,0.03779629137780572,0.026256226920665912,0.03779629137780572,0.026256226920665912,0.5506012840319933,0.09647056364689513,0.9965505234285436,0.706973293768546,0.15178571428571427
1715,mul8_144,0.1186999976634979,resnet18,cifar,resnet18cifar,2,NO,NO,0.5315531842005958,0.09982101475046494,0.32411478857051906,0.32413627639155473,0.10055574308740772,0.025678134378382088,0.01805082677352007,0.025678134378382088,0.01805082677352007,0.3170137551050844,0.07859795895212673,0.9761367084174152,0.4043026706231454,0.42857142857142855
1716,ReFAM_sta4_j5_k1_const0,0.1036000028252601,resnet18,cifar,resnet18cifar,2,YES,NO,0.20105211124440714,0.005209792882072708,0.10700567165482339,0.10700575815738964,0.0068553033748286136,0.011573409074073069,0.006115858915580779,0.011573409074073069,0.006115858915580779,0.09570469146558301,0.045075628646327845,0.8242599610253946,0.05934718100890208,0.14285714285714285
1717,mul8_088,0.0085000004619359,resnet34,cifar100,resnet34cifar100,2,NO,NO,0.38190152188891424,1.0,1.0,1.0,1.0,0.07328169520495349,0.03648093161932422,0.07328169520495349,0.03648093161932422,1.0,0.12345786830523757,1.0,1.0,0.44642857142857145
1718,mul8_369,0.1134999990463256,resnet18,mnist,resnet18mnist,2,NO,NO,0.8154742960387376,0.49852379913637174,0.6567381441922236,0.6566698656429942,0.3569129749947487,0.04546070497428031,0.03391904871440537,0.04546070497428031,0.03391904871440537,0.6230235766483647,0.110333327361865,1.0,0.7640949554896143,0.2857142857142857
1719,ReFAM_sta4_j1_k9_const0,0.1000000014901161,resnet18,cifar,resnet18cifar,2,YES,NO,1.0,1.0,1.0,1.0,1.0,0.16443618138028102,0.13661209861932247,0.16443618138028102,0.13661209861932247,1.0,0.24861088718104896,1.0,1.0,0.14285714285714285
1720,ReFAM_sta4_j4_k1_const1,0.9799000024795532,vgg16,mnist,vgg16mnist,0,NO,YES,0.07626114564443029,0.0012100985911904821,0.04358636194560694,0.043666026871401156,0.001281637415963187,1.0,1.0,1.0,1.0,0.03978369198436486,1.0,0.779517561989782,0.017804154302670624,1.0
1721,ReFAM_sta4_j3_k1_const1,0.647599995136261,resnet18,cifar,resnet18cifar,2,NO,YES,0.043330196388880846,0.0002794372404656969,0.023522798510327556,0.023512476007677544,0.00034124619106821834,1.0,1.0,1.0,1.0,0.02114185827829482,1.0,0.7954260836630428,0.008902077151335312,1.0
1722,mul8_025,0.1096000000834465,resnet18,mnist,resnet18mnist,2,NO,NO,0.30054907816879045,1.0,1.0,1.0,1.0,0.07397821369657089,0.037973461070442124,0.07397821369657089,0.037973461070442124,1.0,0.1256396935442456,1.0,1.0,1.0
1723,mul8_391,0.1137000024318695,resnet18,mnist,resnet18mnist,2,NO,NO,0.4246359246110323,0.1064168264209105,0.2956655079748154,0.2955854126679463,0.09529042666300613,0.019918080030065028,0.010686510870004197,0.019918080030065028,0.010686510870004197,0.29783597485178226,0.060514113565384595,0.9715387638493226,0.4035608308605341,0.2857142857142857
1724,ReFAM_sta2_j2_k3_const1,0.6197999715805054,vgg16,cifar,vgg16cifar,2,NO,YES,0.06239548279998842,0.002401090362520062,0.0502742164240334,0.050383877159309025,0.0014055781331259614,1.0,1.0,1.0,1.0,0.04443831696066123,1.0,0.9704198220689122,0.02225519287833828,1.0
1725,ReFAM_sta2_j5_k3_const0,0.101000003516674,vgg16,mnist,vgg16mnist,2,YES,NO,1.0,0.238389422464525,1.0,1.0,0.3136846030804829,0.062056997074803014,0.039476526023567916,0.062056997074803014,0.039476526023567916,0.8265871872653838,0.12310555167410113,0.9944694342573343,0.49851632047477745,0.14285714285714285
1726,ReFAM_sta2_j5_k5_const0,0.1134999990463256,resnet18,mnist,resnet18mnist,2,YES,NO,1.0,1.0,1.0,1.0,1.0,0.17257849158125055,0.1153461878163943,0.17257849158125055,0.1153461878163943,1.0,0.23860569200360673,1.0,1.0,0.14285714285714285
1727,mul8_169,0.1134999990463256,resnet18,mnist,resnet18mnist,2,NO,NO,0.662410377295016,0.12450259761037373,0.3804544886576792,0.3805182341650672,0.13864927699110133,0.025980772114687956,0.015215020816396052,0.025980772114687956,0.015215020816396052,0.372175907981061,0.07272128768742946,0.9755777465999035,0.4755192878338279,0.2380952857142857
1728,mul8_123,0.989400029182434,vgg16,mnist,vgg16mnist,0,NO,NO,0.07114953437266969,0.0027676195577408095,0.03914520961879739,0.03910748560460653,0.0035206622143733,0.003293782646481181,0.0009710221017272956,0.003293782646481181,0.0009710221017272956,0.04861931450387457,0.017759893230146363,0.6002985202274944,0.05934718100890208,0.14285714285714285
1729,ReFAM_sta3_j1_k9_const0,0.1000000014901161,resnet18,cifar,resnet18cifar,2,YES,NO,1.0,1.0,1.0,1.0,1.0,0.19122278293014758,0.14733372782935297,0.19122278293014758,0.14733372782935297,1.0,0.26779348273947085,1.0,1.0,0.14285714285714285
1730,ReFAM_new2_sta2_j1_k1,0.7085999846458435,vgg16,cifar,vgg16cifar,0,YES,NO,0.013865662844441871,6.368939953634117e-05,0.007379701493436096,0.007437619961612285,8.380566472895615e-05,0.0011988067942623499,0.0007743593975799951,0.0011988067942623499,0.0007743593975799951,0.008120812372828586,0.01571242602843613,0.5090726935443474,0.004451038575667656,0.2857142857142857
1731,ReFAM_new2_sta1_j1_k1,0.6607000231742859,resnet34,cifar100,resnet34cifar100,1,YES,NO,0.008666039277776169,4.378646218123456e-05,0.00461231343339756,0.0045585412667946265,5.761639450115736e-05,0.0007597562275618961,0.00046882983935115356,0.0007597562275618961,0.00046882983935115356,0.006052896226962023,0.012216131324531388,0.3818045201582605,0.004451038575667656,0.2857142857142857
1732,ReFAM_sta4_j2_k1_const1,0.987600028514862,vgg16,mnist,vgg16mnist,0,YES,YES,0.024264909977773273,6.687386951315823e-05,0.012914477613513166,0.012955854126679463,8.799594796540397e-05,1.0,1.0,1.0,1.0,0.01132393146641794,1.0,0.8272431270095645,0.004451038575667656,1.0
1733,ReFAM_sta3_j7_k2_const1,0.1000000014901161,vgg16,cifar,vgg16cifar,2,NO,YES,0.339275437724937,0.730200508164981,0.723484603389308,0.7233685220729367,0.35659143974517454,1.0,1.0,1.0,1.0,0.661512599999379,1.0,0.90829259054876,0.6646884272997032,1.0
1734,ReFAM_new1_sta4_j5_k4,0.1000000014901161,resnet18,cifar,resnet18cifar,2,NO,YES,1.0,1.0,1.0,1.0,1.0,1.0,1.0,1.0,1.0,1.0,1.0,1.0,1.0,1.0
1735,mul8_221,0.1134999990463256,resnet18,mnist,resnet18mnist,2,NO,NO,0.6978328128429261,0.5571394299289226,0.6579656542198359,0.6578694817658349,0.369973028120126,0.043747865726411865,0.0310077383262248,0.043747865726411865,0.0310077383262248,0.6282805276922286,0.10557332067382048,1.0,0.7908011869436202,0.42857142857142855
1736,ReFAM_sta1_j3_k4_const1,0.1009000018239021,resnet34,mnist,resnet34mnist,2,NO,YES,0.214917774088849,0.07358673222428859,0.2542537780160405,0.2543186180422265,0.03335345967771798,1.0,1.0,1.0,1.0,0.22219983013480202,1.0,0.9912999476673271,0.18397626112759644,1.0
1737,mul8_192,0.4287000000476837,resnet18,cifar,resnet18cifar,2,NO,NO,0.055462651377767486,0.001630448628130334,0.036206660452170844,0.036228406909788874,0.0016042892251696681,0.003929773590837394,0.0014942853681192197,0.003929773590837394,0.0014942853681192197,0.037508424429245416,0.02201381797770254,0.7556552885525841,0.037091988130563795,0.2857142857142857
1738,mul8_348,0.7084000110626221,vgg16,cifar,vgg16cifar,0,YES,NO,0.001733207855555234,0.0002030099610220875,0.000922462686679512,0.0009596928982725527,0.00026713055632354775,7.407849067785432e-05,2.2826921017097364e-05,7.407849067785432e-05,2.2826921017097364e-05,0.010827749830438113,0.00268417501179365,0.003976875881968441,0.04747774480712166,0.07087485714285714
1739,mul8_054,0.1149000003933906,resnet34,mnist,resnet34mnist,2,NO,NO,0.6893834245470942,0.4138723771940998,0.5683863284948961,0.5683781190019194,0.31260880633911775,0.04025443251359159,0.032703954149495264,0.04025443251359159,0.032703954149495264,0.5572563357894631,0.10716098481455605,0.9960221059726445,0.7989614243323442,0.29017857142857145
1740,mul8_129,0.010700000450015,resnet34,cifar100,resnet34cifar100,2,NO,NO,0.8765292534877568,0.3585349743204341,0.5889343213651598,0.5890115163147793,0.3127123371084981,0.03941337062552961,0.028672368714475604,0.03941337062552961,0.028672368714475604,0.568663757327886,0.10078868167893804,0.9958357853668072,0.7574183976261127,0.15178571428571427
1741,mul8_040,0.0104999998584389,resnet34,cifar100,resnet34cifar100,2,NO,NO,0.9404886859969583,0.25386571874761166,0.5582672781172457,0.5583013435700577,0.25882140409359994,0.03417818948555198,0.023694344015747066,0.03417818948555198,0.023694344015747066,0.529985348511525,0.09119178564817303,0.9949347266992338,0.7655786350148368,0.5089285714285714
1742,ReFAM_new_sta2_j4_k5,0.0993999987840652,resnet34,mnist,resnet34mnist,2,NO,NO,0.5884240669610019,0.3612874732504522,0.4859783863597848,0.4858445297504798,0.30539324319542427,0.015570033985766087,0.0017260664122928236,0.015570033985766087,0.0017260664122928236,0.5105071631669272,0.02670963138126034,0.7302230349284956,0.516320474777448,0.04686314285714286
1743,ReFAM_new1_sta4_j2_k6,0.1000000014901161,resnet34,cifar,resnet34cifar,2,NO,YES,1.0,1.0,1.0,1.0,1.0,1.0,1.0,1.0,1.0,1.0,1.0,1.0,1.0,1.0
1744,ReFAM_new2_sta1_j4_k4,0.0161000005900859,resnet34,cifar100,resnet34cifar100,2,NO,NO,0.3223766611332735,0.28295607979007975,0.3350845709363327,0.33517274472168906,0.27034181916989514,0.01894692908520291,0.027153500508337973,0.01894692908520291,0.027153500508337973,0.422629142836154,0.09413198736437302,0.5428781748318533,0.36795252225519287,0.2857142857142857
1745,ReFAM_new2_sta3_j2_k3,0.1199000030755996,resnet18,cifar,resnet18cifar,2,NO,NO,0.1542554991444158,0.004852336127174993,0.08256041045781631,0.08253358925143954,0.0062914483868241056,0.011926636999134545,0.01457059927691338,0.011926636999134545,0.01457059927691338,0.08011803189329413,0.06870472880576604,0.8431516486828253,0.04451038575667656,0.2857142857142857
1746,ReFAM_sta4_j2_k6_const0,0.1000000014901161,vgg16,cifar,vgg16cifar,2,YES,NO,1.0,0.10086171757572669,0.6475688060490173,0.647552783109405,0.13271884094801142,0.0554287789515906,0.04730089218142837,0.0554287789515906,0.04730089218142837,0.5326445464201321,0.13079083140753478,0.998197882664853,0.3798219584569733,0.14285714285714285
1747,mul8_155,0.1134999990463256,resnet18,mnist,resnet18mnist,2,NO,NO,0.6453220293609432,0.5097474773647874,0.6291750661199115,0.6290786948176584,0.3286375344780907,0.044373015916034736,0.0318523344038574,0.044373015916034736,0.0318523344038574,0.5972616880544818,0.1070102052393663,1.0,0.8100890207715133,0.2857142857142857
1748,ReFAM_sta1_j5_k2_const0,0.1006999984383583,vgg16,cifar,vgg16cifar,2,YES,NO,0.5823578394665586,0.06542175120372964,0.309947462724316,0.30998080614203455,0.08608517880958376,0.019656095124009197,0.00983664704136765,0.019656095124009197,0.00983664704136765,0.29889296896247974,0.058182255184727374,0.8192893752456275,0.24925816023738873,0.14285714285714285
1749,mul8_385,0.1000000014901161,vgg16,cifar,vgg16cifar,2,NO,NO,0.7443044484700008,0.5551280981708404,0.6678137773064083,0.6677063339731286,0.3746238820476579,0.04548871025734145,0.033799646358315935,0.04548871025734145,0.033799646358315935,0.6354498759111447,0.11016985841648604,1.0,0.7908011869436202,0.42857142857142855
1750,ReFAM_new1_sta1_j3_k5,0.1134999990463256,resnet34,mnist,resnet34mnist,2,NO,YES,1.0,0.5103742070669758,0.8115365486063006,0.8114203454894434,0.5634673213361514,1.0,1.0,1.0,1.0,0.7751016563969564,1.0,0.8789455679113154,0.37388724035608306,1.0
1751,mul8_431,0.9884999990463256,vgg16,mnist,vgg16mnist,0,NO,NO,0.7723878302713363,0.39848730379843583,0.5359656836796042,0.5359884836852207,0.3787535746098022,0.03435615854242439,0.02466009836647041,0.03435615854242439,0.02466009836647041,0.5658461981641338,0.09290186488955769,0.987291509278359,0.7255192878338279,0.3392857142857143
1752,ReFAM_new_sta2_j4_k1,0.6464999914169312,resnet34,cifar100,resnet34cifar100,1,NO,NO,0.012132454988886637,0.0004959811988892569,0.01130016791182402,0.011276391554702494,0.0005467664933711526,0.0007272339633618626,4.389792503287955e-05,0.0007272339633618626,4.389792503287955e-05,0.017542960565965833,0.0037650107785003255,0.25055947089020525,0.011869436201780416,0.031746
1753,ReFAM_sta4_j7_k3_const0,0.101000003516674,vgg16,mnist,vgg16mnist,2,YES,NO,1.0,1.0,1.0,1.0,1.0,0.14936843569715988,0.11064559800387355,0.14936843569715988,0.11064559800387355,1.0,0.224365232917122,1.0,1.0,0.14285714285714285
1754,ReFAM_new_sta3_j4_k1,0.9908000230789183,resnet18,mnist,resnet18mnist,0,NO,NO,0.001949858837499638,0.00042571138511706113,0.008878703359290302,0.008877159309021113,0.00046445034024369014,0.0007299441520451986,0.00011589052208680202,0.0007299441520451986,0.00011589052208680202,0.015667532035772428,0.0060856726560493965,0.1928906980201145,0.011869436201780416,0.063492
1755,mul8_136,0.1063999980688095,resnet18,mnist,resnet18mnist,2,NO,NO,0.2741718176506436,0.2557517218811301,0.2908207745327328,0.2907869481765835,0.2586238473407822,0.013441632473119445,0.013899838982410978,0.013441632473119445,0.013899838982410978,0.3982235300652194,0.06733576969240966,0.31436460600827953,0.47477744807121663,0.5626374285714285
1756,mul8_310,0.1000000014901161,vgg16,cifar,vgg16cifar,2,NO,NO,1.0,0.26155904325784013,0.6023666695309748,0.6024472168905951,0.2806506629920133,0.03665710873457677,0.02460390902242833,0.03665710873457677,0.02460390902242833,0.5638919598567996,0.09340272179526223,0.9941273374072724,0.766320474777448,0.14285714285714285
1757,mul8_177,0.9918000102043152,resnet34,mnist,resnet34mnist,0,NO,NO,0.0,0.0,0.0,0.0,0.0,0.0,0.0,0.0,0.0,0.0,0.0,0.0,0.0,0.0
1758,ReFAM_new1_sta4_j3_k4,0.1000000014901161,resnet18,cifar,resnet18cifar,2,NO,YES,1.0,1.0,1.0,1.0,1.0,1.0,1.0,1.0,1.0,1.0,1.0,1.0,1.0,1.0
1759,ReFAM_sta2_j3_k7_const1,0.1000000014901161,resnet18,cifar,resnet18cifar,2,NO,YES,0.025998117833328508,1.0,1.0,1.0,1.0,1.0,1.0,1.0,1.0,1.0,1.0,1.0,1.0,1.0
1760,ReFAM_new2_sta2_j4_k1,0.3055999875068664,resnet18,cifar,resnet18cifar,2,YES,NO,0.09705963991109309,0.0035156548544060325,0.051657910454052665,0.051583493282149714,0.0046260726930383795,0.006838709444284844,0.00627213552869783,0.006838709444284844,0.00627213552869783,0.05880973485848072,0.04496590291586799,0.5050958176623789,0.03560830860534125,0.2857142857142857
1761,mul8_217,0.1193000003695488,resnet18,cifar,resnet18cifar,2,NO,NO,0.7816767428554104,0.17173289302728453,0.4484258676071516,0.4484165067178503,0.1914992234056981,0.03009212834730887,0.019982335474966768,0.03009212834730887,0.019982335474966768,0.4381111576202066,0.08341768032341472,0.978498805715461,0.5934718100890207,0.42857142857142855
1762,ReFAM_new1_sta1_j1_k1,0.7045000195503235,vgg16,cifar,vgg16cifar,0,YES,YES,0.025998117833328508,7.563116194940513e-05,0.013836940300192679,0.013915547024952016,9.951922686563543e-05,1.0,1.0,1.0,1.0,0.012105792453924047,1.0,0.8272431270095645,0.004451038575667656,1.0
1763,mul8_062,0.1154000014066696,resnet34,cifar,resnet34cifar,2,NO,NO,0.45686276164167816,0.0832475861462818,0.27717301288032437,0.2771113243761996,0.08775079708724662,0.019383269463220026,0.009813820120350552,0.019383269463220026,0.009813820120350552,0.28232772442989046,0.05805760078345665,0.9677787529348041,0.39243323442136496,0.2857142857142857
1764,mul8_209,0.2238000035285949,vgg16,mnist,vgg16mnist,2,NO,NO,0.8960684613220559,0.22120681858711436,0.4949159834268435,0.49496161228406915,0.2695363981916089,0.029642237025875075,0.01617023966511151,0.029642237025875075,0.01617023966511151,0.49966007226835446,0.07570403611544042,0.9762303777930273,0.5615727002967359,0.14285714285714285
1765,ReFAM_sta1_j4_k3_const0,0.1001999974250793,vgg16,cifar,vgg16cifar,2,YES,NO,0.6239548279998842,0.0709754668432986,0.3320865672046243,0.33205374280230326,0.09339303277394874,0.021915489089683753,0.011896337683910357,0.021915489089683753,0.011896337683910357,0.31651496398139545,0.06405146211401921,0.8550832944741178,0.26706231454005935,0.14285714285714285
1766,ReFAM_new2_sta2_j1_k2,0.240799993276596,resnet34,mnist,resnet34mnist,2,YES,NO,0.038130572822215145,0.0002897867678903523,0.02029417910694926,0.02039347408829175,0.0003813157745167505,0.003087808306547635,0.002470575220850461,0.003087808306547635,0.002470575220850461,0.019706802454517704,0.028115912171643883,0.6999749536234776,0.010385756676557863,0.2857142857142857
1767,mul8_214,0.009800000116229,resnet34,cifar100,resnet34cifar100,2,NO,NO,0.5117296193526828,0.46431278939189363,0.5861248173486981,0.5861324376199616,0.279357617295283,0.042672824215355204,0.03069869693399332,0.042672824215355204,0.03069869693399332,0.5540937991022382,0.104805986994142,1.0,0.650593471810089,0.2857142857142857
1768,ReFAM_new1_sta2_j1_k2,0.4523000121116638,resnet18,cifar,resnet18cifar,2,YES,YES,0.058929067088877955,0.0002897867678903523,0.03136373134710341,0.03142994241842611,0.0003813157745167505,1.0,1.0,1.0,1.0,0.026383961770203804,1.0,0.9545113003956514,0.010385756676557863,1.0
1769,mul8_483,0.009800000116229,resnet34,cifar100,resnet34cifar100,2,NO,NO,1.0,0.5131080745420732,0.5665010915021291,0.5664587332053742,0.6312796628695232,0.03234158495447786,0.020946333908688806,0.03234158495447786,0.020946333908688806,0.6698487519538979,0.08579432471650454,0.978498805715461,0.973293768545994,0.42857142857142855
1770,ReFAM_new2_sta1_j2_k7,0.1009000018239021,resnet18,mnist,resnet18mnist,2,NO,NO,0.6655518165332098,1.0,0.6820962966030734,0.682101727447217,0.8975542037125588,0.033801473258568256,0.041871596813361826,0.033801473258568256,0.041871596813361826,0.8017380292573325,0.11860157169046297,0.6639326069205378,0.7566765578635015,0.2857142857142857
1771,mul8_458,0.8838000297546387,vgg16,mnist,vgg16mnist,2,NO,NO,0.47143253671102364,0.0978571701525998,0.30339360886560734,0.30326295585412666,0.09295085893477459,0.022821595506145802,0.014066651097535923,0.022821595506145802,0.014066651097535923,0.3002916760300761,0.06941682640344433,0.9689282390768271,0.4043026706231454,0.14285714285714285
1772,mul8_482,0.1000000014901161,vgg16,cifar,vgg16cifar,2,NO,NO,1.0,0.6160269472779151,0.8559939108902226,0.8560460652591171,0.6114401439925774,0.048927939696495,0.03614379555507171,0.048927939696495,0.03614379555507171,0.8134208410780055,0.11446931561001535,0.9957899688243882,0.9673590504451038,0.6190475714285714
1773,mul8_076,0.017400000244379,resnet34,cifar100,resnet34cifar100,2,NO,NO,0.10399247133331403,0.01895396530201513,0.11200714995662654,0.11204414587332055,0.013267199643082053,0.009887671713037994,0.006718138447031886,0.009887671713037994,0.006718138447031886,0.11203582109827605,0.04689020858338857,0.8650254841790388,0.09792284866468842,1.0
1774,ReFAM_new1_sta1_j6_k3,0.1000000014901161,resnet18,cifar,resnet18cifar,2,NO,YES,1.0,1.0,1.0,1.0,1.0,1.0,1.0,1.0,1.0,1.0,1.0,0.802386125529181,0.712166172106825,1.0
1775,ReFAM_new2_sta4_j6_k1,0.1000000014901161,resnet18,cifar,resnet18cifar,2,NO,NO,1.0,1.0,1.0,1.0,1.0,1.0,1.0,1.0,1.0,1.0,1.0,1.0,1.0,0.2857142857142857
1776,ReFAM_new1_sta4_j7_k1,0.1000000014901161,vgg16,cifar,vgg16cifar,2,NO,YES,1.0,1.0,1.0,1.0,1.0,1.0,1.0,1.0,1.0,1.0,1.0,1.0,1.0,1.0
1777,mul8_164,0.0089999996125698,resnet34,cifar100,resnet34cifar100,2,NO,NO,0.28294618241939196,1.0,1.0,1.0,1.0,0.07380024463969848,0.036756610588530705,0.07380024463969848,0.036756610588530705,1.0,0.12402291849542883,1.0,1.0,0.4330357142857143
1778,mul8_419,0.7125999927520752,vgg16,mnist,vgg16mnist,2,NO,NO,0.5892906708887795,0.11558193004356355,0.34617957207708694,0.34620921305182345,0.12565479026671494,0.02447029362184195,0.014505630347864716,0.02447029362184195,0.014505630347864716,0.3455867116266962,0.07079324985220616,0.9694250940257265,0.4992581602373887,0.14285714285714285
1779,ReFAM_new2_sta1_j1_k3,0.9884999990463256,vgg16,mnist,vgg16mnist,0,NO,NO,0.024264909977773273,0.0010031080426973734,0.02064010261445408,0.020633397312859885,0.0010008065945090094,0.002732773589030601,0.0022739125167031606,0.002732773589030601,0.0022739125167031606,0.025822537527620672,0.026951475848396363,0.5249812152176082,0.02225519287833828,0.2857142857142857
1780,ReFAM_new2_sta3_j3_k5,0.100500002503395,resnet18,cifar,resnet18cifar,2,NO,NO,0.8908688377553902,0.31543767355361374,0.5213787922846933,0.5213531669865643,0.3571812384695703,0.07004753670950571,0.1455339129030049,0.07004753670950571,0.1455339129030049,0.5499548348838667,0.2225499065465207,0.893828817179778,0.37388724035608306,0.2857142857142857
1781,ReFAM_new_sta3_j5_k4,0.1134999990463256,resnet18,mnist,resnet18mnist,2,NO,NO,0.5749917060804488,0.27699311000433086,0.4313107605877537,0.43138195777351246,0.2507585772614395,0.018291063423835567,0.004396816171293215,0.018291063423835567,0.004396816171293215,0.45797870072789465,0.04029397538560757,0.6760658454984738,0.5103857566765578,0.06762471428571429
1782,ReFAM_new1_sta2_j4_k2,0.1032999977469444,resnet18,mnist,resnet18mnist,2,YES,YES,0.2651808018999508,0.017029749318523427,0.14113679106196533,0.14107485604606526,0.022408587177713764,1.0,1.0,1.0,1.0,0.1432376659497821,1.0,0.7188666412809084,0.0830860534124629,1.0
1783,ReFAM_sta1_j6_k3_const1,0.0979999974370002,vgg16,mnist,vgg16mnist,2,NO,YES,0.8319397706665123,1.0,0.9632816605650804,0.963291746641075,0.4731730030155558,1.0,1.0,1.0,1.0,0.840389650220613,1.0,0.968431384127928,0.712166172106825,1.0
1784,ReFAM_sta4_j8_k2_const1,0.0996999964118003,resnet34,cifar,resnet34cifar,2,NO,YES,1.0,1.0,1.0,1.0,0.9494056450038113,1.0,1.0,1.0,1.0,1.0,1.0,0.8949161964531888,1.0,1.0
1785,ReFAM_new_sta3_j4_k2,0.598800003528595,resnet34,cifar100,resnet34cifar100,2,NO,NO,0.016032172663885912,0.002352079382467582,0.02629018657036609,0.026391554702495202,0.002333725869999151,0.0019106830217519744,0.00033538014725119976,0.0019106830217519744,0.00033538014725119976,0.03731255855562516,0.010435887330335656,0.32463362038245613,0.03560830860534125,0.063492
1786,ReFAM_new_sta3_j7_k2,0.0102000003680586,resnet34,cifar100,resnet34cifar100,2,NO,NO,0.5190957527387925,0.26709722027615723,0.4087590717563504,0.4088291746641075,0.2397336026198809,0.016670370591200558,0.003943789584953899,0.016670370591200558,0.003943789584953899,0.441280624067323,0.03796286343849089,0.600282229901301,0.47477744807121663,0.06762471428571429
1787,ReFAM_new2_sta3_j5_k4,0.1009000018239021,resnet34,mnist,resnet34mnist,2,NO,NO,1.0,1.0,0.9174143657224791,0.9174664107485605,1.0,0.10847259186184541,0.22875384326333664,0.10847259186184541,0.22875384326333664,1.0,0.2839328687530977,0.7541942499221119,0.7359050445103857,0.2857142857142857
1788,ReFAM_new1_sta1_j4_k2,0.1172999963164329,vgg16,cifar,vgg16cifar,2,NO,YES,0.31544382971105256,0.02814753012508598,0.18080268658918433,0.1809021113243762,0.03149416880514172,1.0,1.0,1.0,1.0,0.17709247463293043,1.0,0.7198603511787068,0.0830860534124629,1.0
1789,mul8_298,0.0111999996006488,resnet34,cifar100,resnet34cifar100,2,NO,NO,1.0,1.0,1.0,1.0,1.0,0.09031794126840442,0.05873015594298889,0.09031794126840442,0.05873015594298889,1.0,0.1555769035548151,1.0,1.0,1.0
1790,mul8_316,0.9729999899864196,resnet18,mnist,resnet18mnist,0,NO,NO,0.027551910944508085,0.0008266599750337553,0.01660793334441076,0.016554702495201537,0.0010129191110379502,0.0015420973608182601,0.0003213328112406783,0.0015420973608182601,0.0003213328112406783,0.024315986071713175,0.010173889157604964,0.4664429461869437,0.02967359050445104,0.14285714285714285
1791,ReFAM_sta4_j3_k1_const0,0.989199995994568,vgg16,mnist,vgg16mnist,0,YES,NO,0.039863780677770376,0.0002794372404656969,0.021216641793628775,0.02111324376199616,0.00036769735399829514,0.0028962883062585484,0.0011694407228759111,0.0028962883062585484,0.0011694407228759111,0.020075184159248867,0.019409511354747017,0.7158834752967385,0.011869436201780416,0.14285714285714285
1792,mul8_343,0.1010999977588653,resnet34,cifar,resnet34cifar,2,NO,NO,0.6094392122096091,0.1060136799862431,0.3546032356625905,0.35460652591170827,0.11421977621330473,0.026478543436194026,0.016517911231371918,0.026478543436194026,0.016517911231371918,0.3429404393444491,0.07562864632784555,0.9798651568249339,0.4280415430267062,0.14285714285714285
1793,ReFAM_new2_sta4_j4_k1,0.1000000014901161,vgg16,cifar,vgg16cifar,2,NO,NO,1.0,1.0,1.0,1.0,1.0,1.0,1.0,1.0,1.0,1.0,1.0,1.0,1.0,0.2857142857142857
1794,ReFAM_sta3_j3_k2_const1,0.6292999982833862,vgg16,cifar,vgg16cifar,2,NO,YES,0.06239548279998842,0.002012585025348381,0.04675732743106776,0.04678502879078695,0.001314468117509426,1.0,1.0,1.0,1.0,0.041848237993096706,1.0,0.9067857353758687,0.026706231454005934,1.0
1795,mul8_261,0.101000003516674,vgg16,mnist,vgg16mnist,2,NO,NO,1.0,1.0,1.0,1.0,1.0,0.09031794126840442,0.05873015594298889,0.09031794126840442,0.05873015594298889,1.0,0.1555769035548151,1.0,1.0,1.0
1796,ReFAM_new2_sta3_j3_k4,0.0099999997764825,resnet34,cifar100,resnet34cifar100,2,NO,NO,0.5199623566665702,0.07654192036277482,0.2840320284653388,0.2840690978886756,0.09568275146810319,0.03945312005955188,0.06985915789732451,0.03945312005955188,0.06985915789732451,0.2919730406678454,0.15241127890937103,0.8554559356857923,0.18397626112759644,0.2857142857142857
1797,mul8_015,0.1134999990463256,resnet18,cifar,resnet18cifar,2,NO,NO,0.35097459074993487,0.028114292219702953,0.1954017397321564,0.1952975047984645,0.03294628308413464,0.016366829458666913,0.008614528808452282,0.016366829458666913,0.008614528808452282,0.1869557534749721,0.05400446665830661,0.9386648855910028,0.22551928783382788,0.14285714285714285
1798,mul8_041,0.9921000003814696,resnet34,mnist,resnet34mnist,0,NO,NO,0.0,0.0,0.0,0.0,0.0,0.0,0.0,0.0,0.0,0.0,0.0,0.0,0.0,0.0
1799,ReFAM_new_sta1_j6_k2,0.0120999999344348,resnet34,cifar100,resnet34cifar100,2,NO,NO,0.15598870699997106,0.05367424145925152,0.11346291046157997,0.11348368522072937,0.06326384873307989,0.0038032981189483742,0.0005917440294432163,0.0038032981189483742,0.0005917440294432163,0.18597271018867897,0.014061315036754387,0.2863533901186954,0.23738872403560832,0.05442171428571429
1800,mul8_145,0.1106999963521957,resnet34,cifar,resnet34cifar,2,NO,NO,0.27135535488536633,0.04379019087713041,0.17573184278319362,0.17562380038387718,0.04528138836369668,0.013501256624152838,0.007575025943673695,0.013501256624152838,0.007575025943673695,0.1908300901944252,0.05028050972453617,0.929530085178043,0.19955489614243324,0.21428571428571427
1801,mul8_464,0.1134999990463256,resnet34,mnist,resnet34mnist,2,NO,NO,1.0,0.858193392759789,1.0,1.0,0.9842105560074308,0.05507826121521247,0.03834747139172226,0.05507826121521247,0.03834747139172226,1.0,0.11932710509187104,0.9988963304003958,1.0,0.14285714285714285
1802,mul8_009,0.1000000014901161,vgg16,cifar,vgg16cifar,2,NO,NO,1.0,0.2598248366112144,0.5709753491698383,0.571017274472169,0.2985070580533049,0.037054603074799394,0.026301880762700108,0.037054603074799394,0.026301880762700108,0.5531340760821424,0.09634814854624603,0.99199839540287,0.5593471810089021,1.0
1803,ReFAM_new_sta3_j6_k2,0.9861999750137328,vgg16,mnist,vgg16mnist,0,NO,NO,0.18783640134579846,0.05795326103737294,0.17067000959272638,0.17058541266794627,0.052702468742405834,0.008589491333719987,0.0018454687683822563,0.008589491333719987,0.0018454687683822563,0.19676568128666172,0.025214524999552138,0.5171822215525088,0.21364985163204747,0.06762471428571429
1804,ReFAM_sta4_j8_k1_const0,0.1006999984383583,resnet34,cifar,resnet34cifar,2,YES,NO,1.0,0.4011984230249917,1.0,1.0,0.5279167455587843,0.06803115632910363,0.043581859972642814,0.06803115632910363,0.043581859972642814,0.9511948677743478,0.13033998554904666,0.9209226840755953,0.7596439169139466,0.14285714285714285
1805,mul8_453,0.9886999726295472,vgg16,mnist,vgg16mnist,0,YES,NO,0.8874024220442798,1.0,0.4723008955799101,0.47216890595009603,1.0,0.010302330581588422,0.005601375234195431,0.010302330581588422,0.005601375234195431,0.98001604234001,0.04301099347318512,0.12726817338608684,0.7596439169139466,0.14285714285714285
1806,mul8_391,0.1134999990463256,resnet34,mnist,resnet34mnist,2,NO,NO,0.4246359246110323,0.1064168264209105,0.2956655079748154,0.2955854126679463,0.09529042666300613,0.019918080030065028,0.010686510870004197,0.019918080030065028,0.010686510870004197,0.29783597485178226,0.060514113565384595,0.9715387638493226,0.4035608308605341,0.2857142857142857
1807,mul8_371,0.1000000014901161,vgg16,cifar,vgg16cifar,2,NO,NO,0.9735110307691469,0.28423002343769904,0.5862362988093088,0.5861324376199616,0.2814096751922819,1.0,1.0,1.0,1.0,0.5549661069910155,1.0,0.996441581872125,0.7655786350148368,1.0
1808,mul8_426,0.1005999967455864,resnet34,cifar,resnet34cifar,2,NO,NO,1.0,0.40626900008916517,0.648577976538394,0.6485124760076776,0.4821089328674773,0.03602473137513167,0.020110517416062776,0.03602473137513167,0.020110517416062776,0.6611792568930991,0.08524942823190795,0.9903988889997536,0.8308605341246291,0.14285714285714285
1809,mul8_016,0.8741000294685364,resnet34,cifar,resnet34cifar,1,NO,NO,0.003791392184027074,0.04238785478816906,0.04796805970733462,0.047984644913627646,0.0529484189757545,0.0029423615138752623,0.002045643306532187,0.0029423615138752623,0.002045643306532187,0.1561600277432937,0.02559445967168867,0.05170244090175101,0.18991097922848665,0.14174971428571428
1810,ReFAM_new2_sta2_j1_k5,0.0099999997764825,resnet34,cifar100,resnet34cifar100,2,YES,NO,0.24438230763328797,0.014450328637301607,0.13006723882181118,0.1300383877159309,0.01901445775619104,0.016469816628633685,0.021529298353125444,0.016469816628633685,0.021529298353125444,0.1319753470868368,0.08376477191976735,0.8670149402654102,0.09347181008902077,0.2857142857142857
1811,ReFAM_sta4_j7_k1_const0,0.1134999990463256,resnet34,mnist,resnet34mnist,2,YES,NO,0.970596399110931,0.09426031131378493,0.5165791045405267,0.5165547024952015,0.12403238379885512,0.04052003100455853,0.026535417723875028,0.04052003100455853,0.026535417723875028,0.44479521150559725,0.097675307381332,0.897650934962909,0.3323442136498516,0.14285714285714285
1812,mul8_173,0.1010999977588653,resnet34,cifar,resnet34cifar,2,NO,NO,0.9940217848004619,0.39382555384301837,0.5879504890808609,0.5878119001919386,0.4372159776419858,0.03490361665645828,0.021383557242016283,0.03490361665645828,0.021383557242016283,0.6141538196475145,0.08727524886094241,0.9887515297634442,0.7640949554896143,0.19642857142857142
1813,mul8_482,0.1134999990463256,resnet18,mnist,resnet18mnist,2,NO,NO,1.0,0.6160269472779151,0.8559939108902226,0.8560460652591171,0.6114401439925774,0.048927939696495,0.03614379555507171,0.048927939696495,0.03614379555507171,0.8134208410780055,0.11446931561001535,0.9957899688243882,0.9673590504451038,0.6190475714285714
1814,ReFAM_new_sta3_j2_k6,0.1366000026464462,resnet34,cifar,resnet34cifar,2,NO,NO,0.20798494266662806,0.059711996535296664,0.1783514929091843,0.1782629558541267,0.054497327791841375,0.009270652089465134,0.002043887389530872,0.009270652089465134,0.002043887389530872,0.2023469694558841,0.026588709147692326,0.5832710567738232,0.228486646884273,0.06762471428571429
1815,mul8_014,0.1000000014901161,resnet18,cifar,resnet18cifar,2,NO,NO,1.0,0.2805346180291952,0.6076711694456507,0.6077255278310941,0.2918012078345574,0.03565704911042573,0.023970022984953546,0.03565704911042573,0.023970022984953546,0.571229668757829,0.09205316995395998,0.9961157753482566,0.6364985163204748,0.14285714285714285
1816,mul8_458,0.1134999990463256,resnet18,mnist,resnet18mnist,2,NO,NO,0.47143253671102364,0.0978571701525998,0.30339360886560734,0.30326295585412666,0.09295085893477459,0.022821595506145802,0.014066651097535923,0.022821595506145802,0.014066651097535923,0.3002916760300761,0.06941682640344433,0.9689282390768271,0.4043026706231454,0.14285714285714285
1817,ReFAM_sta2_j1_k1_const1,0.9882000088691713,vgg16,mnist,vgg16mnist,0,YES,YES,0.013865662844441871,1.592234988408529e-05,0.007379701493436096,0.007437619961612285,2.0951416182239038e-05,1.0,1.0,1.0,1.0,0.006202373313371222,1.0,0.8908772137026079,0.002225519287833828,1.0
1818,mul8_215,0.1000000014901161,vgg16,cifar,vgg16cifar,2,NO,NO,1.0,1.0,1.0,1.0,1.0,0.062007310282275185,0.04575217338626838,0.062007310282275185,0.04575217338626838,1.0,0.1309289216125353,1.0,1.0,0.31428571428571433
1819,ReFAM_new1_sta4_j1_k3,0.1009000018239021,resnet34,mnist,resnet34mnist,2,NO,YES,1.0,1.0,1.0,1.0,1.0,1.0,1.0,1.0,1.0,1.0,1.0,1.0,1.0,1.0
1820,ReFAM_new2_sta3_j1_k3,0.0144999995827674,resnet34,cifar100,resnet34cifar100,2,YES,NO,0.07972756135554075,0.0011814383613991287,0.04243328358725755,0.04246641074856046,0.0015545950807221366,0.006312029443489855,0.006430168058816196,0.006312029443489855,0.006430168058816196,0.04060406186414293,0.045468999122194154,0.8272431270095645,0.02225519287833828,0.2857142857142857
1821,ReFAM_sta3_j5_k4_const1,0.1000000014901161,resnet34,cifar,resnet34cifar,2,NO,YES,0.27947976670828145,0.7866265297429496,0.7498144263363953,0.7497600767754319,0.37018155127996294,1.0,1.0,1.0,1.0,0.6814819212485357,1.0,0.9921857341540943,0.6765578635014837,1.0
1822,ReFAM_new_sta3_j5_k1,0.9043999910354614,resnet34,cifar,resnet34cifar,0,NO,NO,0.011699153024997829,0.002294758922884875,0.02490649254034682,0.02495201535508637,0.0023036082092371822,0.001758009059257372,0.0003037736412275265,0.001758009059257372,0.0003037736412275265,0.03661877048523984,0.009932791124009481,0.280884931244642,0.03560830860534125,0.063492
1823,ReFAM_new_sta1_j2_k4,0.9610999822616576,resnet34,mnist,resnet34mnist,1,NO,NO,0.04463010228054727,0.0036374110768603676,0.030700713135977883,0.030710172744721688,0.004320557466155676,0.0018456384933519072,0.00022651329316965844,0.0018456384933519072,0.00022651329316965844,0.04894993172413463,0.008625785994518192,0.34004426896143064,0.06676557863501484,0.05924957142857142
1824,mul8_028,0.1118000000715255,vgg16,cifar,vgg16cifar,2,NO,NO,0.4913644270499088,0.08701942367462359,0.294738089818583,0.2946257197696737,0.09175562675145459,0.02048179927619894,0.011225577389407958,0.02048179927619894,0.011225577389407958,0.2947308306525336,0.062034598687471264,0.9640187420202855,0.4043026706231454,0.2857142857142857
1825,ReFAM_sta4_j1_k9_const1,0.1000000014901161,resnet34,cifar,resnet34cifar,2,NO,YES,1.0,1.0,1.0,1.0,1.0,1.0,1.0,1.0,1.0,1.0,1.0,1.0,1.0,1.0
1826,ReFAM_sta4_j4_k4_const0,0.1010999977588653,vgg16,mnist,vgg16mnist,2,YES,NO,1.0,0.09997961939214838,0.6383441791822223,0.6384357005758158,0.13155813249151538,0.05404748611931696,0.04449844864732934,0.05404748611931696,0.04449844864732934,0.5261356178535616,0.12693923433833146,0.9963336584610937,0.3798219584569733,0.14285714285714285
1827,ReFAM_sta4_j2_k2_const1,0.9858999848365784,vgg16,mnist,vgg16mnist,0,NO,YES,0.051996235666657016,0.00029615570784398643,0.027904496272055237,0.027831094049904033,0.0003739173098676806,1.0,1.0,1.0,1.0,0.024135804193722313,1.0,0.9226942570491296,0.010385756676557863,1.0
1828,mul8_333,0.1000000014901161,vgg16,cifar,vgg16cifar,2,NO,NO,0.7326391484608377,0.22572159475708864,0.48878124495505154,0.48872360844529755,0.19008347471766746,0.03144541589652138,0.02209294771054762,0.03144541589652138,0.02209294771054762,0.4600844300831065,0.0876663800361871,0.9957736784981948,0.5356083086053413,0.21212114285714284
1829,mul8_413,0.1000000014901161,vgg16,cifar,vgg16cifar,2,NO,NO,1.0,1.0,1.0,1.0,1.0,0.09031794126840442,0.05873015594298889,0.09031794126840442,0.05873015594298889,1.0,0.1555769035548151,1.0,1.0,1.0
1830,ReFAM_sta4_j3_k7_const1,0.1009000018239021,resnet34,mnist,resnet34mnist,2,NO,YES,1.0,1.0,1.0,1.0,1.0,1.0,1.0,1.0,1.0,1.0,1.0,1.0,1.0,1.0
1831,mul8_481,0.0099999997764825,resnet34,cifar100,resnet34cifar100,2,NO,NO,0.8095705602471682,0.14034222202124677,0.4428807303861777,0.44289827255278313,0.1717567843235679,0.028117304193384606,0.014637324122963355,0.028117304193384606,0.014637324122963355,0.42503006101418084,0.07200172575434574,0.9768209021175388,0.5348664688427299,0.14285714285714285
1832,ReFAM_new1_sta4_j1_k7,0.1000000014901161,resnet18,cifar,resnet18cifar,2,NO,YES,1.0,1.0,1.0,1.0,1.0,1.0,1.0,1.0,1.0,1.0,1.0,1.0,1.0,1.0
1833,mul8_148,0.1000000014901161,resnet34,cifar,resnet34cifar,2,NO,NO,0.5045801369485174,0.22877041991694902,0.39539158378696115,0.39539347408829173,0.19735295690078453,1.0,1.0,1.0,1.0,0.4128142721566668,1.0,0.9865767712166227,0.7225519287833828,1.0
1834,ReFAM_sta4_j4_k5_const1,0.1000000014901161,vgg16,cifar,vgg16cifar,2,NO,YES,0.8577212375178964,0.4350899408707614,0.6696925976487268,0.6696257197696738,0.2769401195845212,1.0,1.0,1.0,1.0,0.6020334801116932,1.0,1.0,0.4807121661721068,1.0
1835,ReFAM_new2_sta2_j2_k1,0.573199987411499,resnet34,cifar,resnet34cifar,2,YES,NO,0.034664157111104675,0.00026749547805263293,0.01844925373359024,0.018474088291746644,0.0003519837918616159,0.0027671026456861925,0.001994721713494047,0.0027671026456861925,0.001994721713494047,0.01835934312686883,0.025260803879065822,0.6363408669304342,0.008902077151335312,0.2857142857142857
1836,ReFAM_new_sta3_j5_k3,0.2293000072240829,vgg16,cifar,vgg16cifar,2,NO,NO,0.20278531909996236,0.05917939393167401,0.1763020760074422,0.17634357005758158,0.05394646851474412,0.009059257372164916,0.001968382958474319,0.009059257372164916,0.001968382958474319,0.2007792276787473,0.026093077276771588,0.560496162610036,0.22551928783382788,0.06762471428571429
1837,mul8_402,0.953499972820282,vgg16,mnist,vgg16mnist,1,NO,NO,0.4559961577139005,0.0833163259113953,0.2769225790202939,0.2768714011516315,0.08773620704061241,0.019330872482008862,0.009736559772292683,0.019330872482008862,0.009736559772292683,0.28218413222551414,0.057832177854212574,0.9677787529348041,0.39243323442136496,0.2857142857142857
1838,mul8_127,0.989199995994568,vgg16,mnist,vgg16mnist,0,NO,NO,0.01939026288402418,0.0007474268208799327,0.015162980412294478,0.015115163147792706,0.0008315707090014593,0.0014409169833070445,0.00031255322623410233,0.0014409169833070445,0.00031255322623410233,0.022074406353253674,0.010031320351361195,0.46234185656775045,0.02967359050445104,0.14285714285714285
1839,ReFAM_sta4_j1_k1_const0,0.9890000224113464,vgg16,mnist,vgg16mnist,0,YES,NO,0.006932831422220936,1.592234988408529e-05,0.003689850746718048,0.003598848368522073,2.0951416182239038e-05,0.0005989516990172855,0.00019315087014467003,0.0005989516990172855,0.00019315087014467003,0.004060406186414293,0.007856213014218065,0.5090726935443474,0.002225519287833828,0.14285714285714285
1840,ReFAM_sta3_j2_k4_const1,0.1316999942064285,resnet18,cifar,resnet18cifar,2,NO,YES,0.10312586740553642,0.009562764311008077,0.0946028730240591,0.09452975047984645,0.005274033018067782,1.0,1.0,1.0,1.0,0.08439395902620837,1.0,0.9942831136514969,0.06083086053412463,1.0
1841,mul8_215,0.1134999990463256,resnet18,mnist,resnet18mnist,2,NO,NO,1.0,1.0,1.0,1.0,1.0,0.062007310282275185,0.04575217338626838,0.062007310282275185,0.04575217338626838,1.0,0.1309289216125353,1.0,1.0,0.31428571428571433
1842,ReFAM_sta4_j2_k6_const1,0.0979999974370002,vgg16,mnist,vgg16mnist,2,NO,YES,0.5442272666443434,0.10086171757572669,0.35955775692379094,0.3596449136276392,0.07684910151712776,1.0,1.0,1.0,1.0,0.3212086717207048,1.0,1.0,0.1913946587537092,1.0
1843,ReFAM_sta3_j7_k3_const1,0.1000000014901161,resnet18,cifar,resnet18cifar,2,NO,YES,0.5888573689248907,1.0,1.0,1.0,1.0,1.0,1.0,1.0,1.0,1.0,1.0,0.9642834598209286,1.0,1.0
1844,mul8_421,0.1081999987363815,resnet18,mnist,resnet18mnist,2,NO,NO,0.3317468195687847,1.0,1.0,1.0,1.0,0.07522580388713328,0.03901296393522071,0.07522580388713328,0.03901296393522071,1.0,0.1274453162788198,1.0,1.0,0.42857142857142855
1845,ReFAM_sta2_j1_k6_const1,0.1224000006914138,vgg16,cifar,vgg16cifar,2,NO,YES,0.039863780677770376,0.05441224237637887,0.19803940739934334,0.197936660268714,0.023870069941116526,1.0,1.0,1.0,1.0,0.17760377451461098,1.0,1.0,0.13649851632047477,1.0
1846,ReFAM_new2_sta3_j2_k3,0.6715999841690063,vgg16,cifar,vgg16cifar,1,NO,NO,0.1542554991444158,0.004852336127174993,0.08256041045781631,0.08253358925143954,0.0062914483868241056,0.011926636999134545,0.01457059927691338,0.011926636999134545,0.01457059927691338,0.08011803189329413,0.06870472880576604,0.8431516486828253,0.04451038575667656,0.2857142857142857
1847,mul8_435,0.0988999977707862,resnet18,cifar,resnet18cifar,2,NO,NO,1.0,0.8369445621481161,1.0,1.0,0.9509719710171097,0.05502044385663463,0.038358006893730145,0.05502044385663463,0.038358006893730145,1.0,0.11932262649062778,1.0,1.0,0.14285714285714285
1848,ReFAM_sta4_j2_k4_const0,0.1015999987721443,resnet18,cifar,resnet18cifar,2,YES,NO,0.24611551548884322,0.005480472830102158,0.13098970150849068,0.13099808061420348,0.0072114774499266775,0.014907844550804293,0.009827867456361074,0.014907844550804293,0.009827867456361074,0.11129760135646151,0.05718725927518318,0.9535165723524657,0.0712166172106825,0.14285714285714285
1849,ReFAM_new2_sta4_j5_k1,0.1027999967336654,resnet18,mnist,resnet18mnist,2,NO,NO,1.0,1.0,1.0,1.0,1.0,1.0,1.0,1.0,1.0,1.0,1.0,1.0,1.0,0.2857142857142857
1850,ReFAM_sta1_j2_k1_const1,0.9046000242233276,resnet18,cifar,resnet18cifar,0,NO,YES,0.013865662844441871,0.0001846992586553894,0.013145093285183046,0.013195777351247601,9.735861626212527e-05,1.0,1.0,1.0,1.0,0.011642979235984173,1.0,0.8272431270095645,0.00741839762611276,1.0
1851,ReFAM_new2_sta4_j1_k6,0.100100003182888,resnet34,cifar,resnet34cifar,2,NO,NO,1.0,1.0,1.0,1.0,1.0,1.0,1.0,1.0,1.0,1.0,1.0,1.0,1.0,0.2857142857142857
1852,ReFAM_sta1_j2_k4_const1,0.1000000014901161,resnet34,cifar,resnet34cifar,2,NO,YES,0.11092530275553497,0.018196061447532674,0.12735750467969012,0.1273992322456814,0.008266115272283697,1.0,1.0,1.0,1.0,0.11109991642086975,1.0,0.9942831136514969,0.09050445103857567,1.0
1853,ReFAM_sta3_j1_k3_const1,0.3831000030040741,resnet34,cifar,resnet34cifar,2,NO,YES,0.048529819955546546,0.000436272386823937,0.028596343287064868,0.028550863723608447,0.00038864877018053416,1.0,1.0,1.0,1.0,0.024698487162223233,1.0,0.986328343742173,0.01112759643916914,1.0
1854,ReFAM_sta3_j6_k1_const0,0.1005999967455864,resnet18,cifar,resnet18cifar,2,YES,NO,0.6118223730109975,0.03464623723027539,0.32562932839786773,0.32557581573896355,0.04558923404174304,0.026439697398399544,0.014567087442910747,0.026439697398399544,0.014567087442910747,0.27748419582311484,0.07141055039023546,0.9285353571348575,0.18991097922848665,0.14285714285714285
1855,ReFAM_new_sta1_j6_k3,0.1013000011444091,resnet34,cifar,resnet34cifar,2,NO,NO,0.35010798682215727,0.24306103992051564,0.2575977052552537,0.25767754318618047,0.28088666693441605,0.006136770575300786,0.0010675975367996306,0.006136770575300786,0.0010675975367996306,0.39813151584716033,0.01908929136585395,0.3499874768117388,0.5222551928783383,0.05793285714285714
1856,ReFAM_sta3_j6_k2_const0,0.1000000014901161,vgg16,cifar,vgg16cifar,2,YES,NO,1.0,0.1712990089929432,0.8339062687582788,0.8339731285988484,0.22540371585500046,0.057842653672215326,0.03942384851352846,0.057842653672215326,0.03942384851352846,0.6876047430839026,0.12162761326382544,0.9855209544502116,0.47477744807121663,0.14285714285714285
1857,mul8_213,0.7002999782562256,resnet34,cifar100,resnet34cifar100,0,NO,NO,0.0,0.0,0.0,0.0,0.0,0.0,0.0,0.0,0.0,0.0,0.0,0.0,0.0,0.0
1858,ReFAM_sta4_j5_k4_const1,0.1027999967336654,resnet18,mnist,resnet18mnist,2,NO,YES,0.8299899118290126,0.43316970547474076,0.6616327570367003,0.6617082533589251,0.2713020262442153,1.0,1.0,1.0,1.0,0.595150842587475,1.0,0.9884257232395757,0.47477744807121663,1.0
1859,mul8_112,0.1134999990463256,resnet34,mnist,resnet34mnist,2,NO,NO,0.948064696988713,0.4155279532774565,0.654752572777952,0.6547504798464492,0.332450332127078,0.043877954783212006,0.0324651494373164,0.043877954783212006,0.0324651494373164,0.6132393403800852,0.10777604605196371,0.9955252510237451,0.7470326409495549,0.14732142857142858
1860,mul8_403,0.125,vgg16,cifar,vgg16cifar,2,NO,NO,0.6295877535304387,0.24123191022342239,0.3785405372464014,0.3785988483685221,0.2792475820833238,0.022811658147640235,0.012719862757527177,0.022811658147640235,0.012719862757527177,0.44631695970839175,0.06626538399527059,0.9650755769320837,0.701780415430267,0.2857142857142857
1861,ReFAM_new1_sta4_j1_k1,0.1032000035047531,resnet18,mnist,resnet18mnist,2,NO,YES,1.0,1.0,1.0,1.0,1.0,1.0,1.0,1.0,1.0,1.0,1.0,1.0,1.0,1.0
1862,ReFAM_new1_sta4_j5_k2,0.1000000014901161,vgg16,cifar,vgg16cifar,2,NO,YES,1.0,1.0,1.0,1.0,1.0,1.0,1.0,1.0,1.0,1.0,1.0,1.0,1.0,1.0
1863,ReFAM_sta2_j6_k4_const0,0.0996999964118003,resnet34,cifar,resnet34cifar,2,YES,NO,1.0,1.0,1.0,1.0,1.0,0.16784650214014565,0.1080380612569205,0.16784650214014565,0.1080380612569205,1.0,0.23133169715101248,1.0,1.0,0.14285714285714285
1864,ReFAM_sta4_j2_k3_const0,0.1513999998569488,resnet34,mnist,resnet34mnist,2,YES,NO,0.1074588870444245,0.0012769724607036405,0.057192686574129736,0.05710172744721689,0.001680303577815571,0.007264209067568616,0.004031585435019657,0.007264209067568616,0.004031585435019657,0.049950147821658804,0.03626547356729547,0.9028088594939003,0.02967359050445104,0.14285714285714285
1865,ReFAM_new1_sta2_j1_k6,0.1000000014901161,vgg16,cifar,vgg16cifar,2,NO,YES,0.49223103097768645,0.08177718900466206,0.2968744359140671,0.29678502879078694,0.08359893496006097,1.0,1.0,1.0,1.0,0.2897940588780931,1.0,0.9980115620590158,0.1884272997032641,1.0
1866,mul8_267,0.0110999997705221,resnet34,cifar100,resnet34cifar100,2,NO,NO,1.0,1.0,1.0,1.0,1.0,0.09031794126840442,0.05873015594298889,0.09031794126840442,0.05873015594298889,1.0,0.1555769035548151,1.0,1.0,1.0
1867,ReFAM_new2_sta2_j3_k4,0.9570000171661376,vgg16,mnist,vgg16mnist,1,NO,NO,0.33970873968882587,0.06882276513897027,0.22854013062484907,0.2286468330134357,0.06650391977667787,0.026032265699671344,0.03814905277057364,0.026032265699671344,0.03814905277057364,0.2391315344465276,0.11210461415357421,0.8190399296257909,0.18397626112759644,0.2857142857142857
1868,ReFAM_new1_sta1_j2_k3,0.096400000154972,resnet18,cifar,resnet18cifar,2,NO,YES,0.17332078555552338,0.00750261126538099,0.09858819963887283,0.0986084452975048,0.008382383346184673,1.0,1.0,1.0,1.0,0.09431647648757237,1.0,0.8192893752456275,0.04451038575667656,1.0
1869,mul8_035,0.3181999921798706,resnet18,mnist,resnet18mnist,2,NO,NO,0.10399247133331403,0.03960206863169694,0.1056652189857049,0.10556621880998081,0.042136454717500584,0.00989128529794911,0.006351151793757013,0.00989128529794911,0.006351151793757013,0.15630073435234026,0.045630228766951504,0.744841566396315,0.20771513353115728,0.2857142857142857
1870,ReFAM_sta4_j5_k4_const1,0.1000000014901161,resnet18,cifar,resnet18cifar,2,NO,YES,0.8299899118290126,0.43316970547474076,0.6616327570367003,0.6617082533589251,0.2713020262442153,1.0,1.0,1.0,1.0,0.595150842587475,1.0,0.9884257232395757,0.47477744807121663,1.0
1871,ReFAM_new2_sta1_j3_k1,0.906499981880188,resnet34,cifar,resnet34cifar,0,NO,NO,0.015598870699997104,0.0008781175961073039,0.016604328360231214,0.016554702495201537,0.0009009108958362786,0.0020263177389076496,0.0013889303480403088,0.0020263177389076496,0.0013889303480403088,0.023285955765030886,0.021064354514131477,0.3261252033745411,0.017804154302670624,0.2857142857142857
1872,mul8_267,0.1000000014901161,vgg16,cifar,vgg16cifar,2,NO,NO,1.0,1.0,1.0,1.0,1.0,0.09031794126840442,0.05873015594298889,0.09031794126840442,0.05873015594298889,1.0,0.1555769035548151,1.0,1.0,1.0
1873,ReFAM_sta1_j5_k1_const0,0.9876999855041504,vgg16,mnist,vgg16mnist,0,YES,NO,0.24958193119995367,0.013247395103558964,0.13283462688184972,0.13291746641074856,0.01743157826362288,0.009927421147060259,0.0038050721418499992,0.009927421147060259,0.0038050721418499992,0.13083219927767592,0.03569967694356365,0.7477005186432601,0.10682492581602374,0.14285714285714285
1874,mul8_148,0.0099999997764825,resnet34,cifar100,resnet34cifar100,2,NO,NO,0.5045801369485174,0.22877041991694902,0.39539158378696115,0.39539347408829173,0.19735295690078453,1.0,1.0,1.0,1.0,0.4128142721566668,1.0,0.9865767712166227,0.7225519287833828,1.0
1875,mul8_253,0.1000000014901161,vgg16,cifar,vgg16cifar,2,NO,NO,0.025727307572313715,1.0,1.0,1.0,1.0,0.08033360615899413,0.045116531431792284,0.08033360615899413,0.045116531431792284,1.0,0.13682723944990835,1.0,1.0,0.42857142857142855
1876,ReFAM_sta4_j2_k6_const1,0.1000000014901161,resnet34,cifar,resnet34cifar,2,NO,YES,0.5442272666443434,0.10086171757572669,0.35955775692379094,0.3596449136276392,0.07684910151712776,1.0,1.0,1.0,1.0,0.3212086717207048,1.0,1.0,0.1913946587537092,1.0
1877,ReFAM_new_sta1_j1_k8,0.0104999998584389,resnet34,cifar100,resnet34cifar100,2,NO,NO,0.3843388419693731,0.25477904356354925,0.27317507435565835,0.2732725527831094,0.2948943713694238,0.007339190954474249,0.001343276506006114,0.007339190954474249,0.001343276506006114,0.41119618404975594,0.021522664708025056,0.4459354618002032,0.5652818991097923,0.06098442857142857
1878,ReFAM_new1_sta4_j6_k2,0.1000000014901161,resnet34,cifar,resnet34cifar,2,NO,YES,1.0,1.0,1.0,1.0,1.0,1.0,1.0,1.0,1.0,1.0,1.0,1.0,1.0,1.0
1879,ReFAM_new1_sta3_j1_k7,0.1000000014901161,vgg16,cifar,vgg16cifar,2,NO,YES,0.9601971519775996,0.26814192545792676,0.5531235818981118,0.5530230326295587,0.2977074716924416,1.0,1.0,1.0,1.0,0.542961992521874,1.0,1.0,0.37833827893175076,1.0
1880,mul8_216,0.100100003182888,vgg16,cifar,vgg16cifar,2,NO,NO,0.6094392122096091,0.1060136799862431,0.3546032356625905,0.35460652591170827,0.11421977621330473,0.026478543436194026,0.016517911231371918,0.026478543436194026,0.016517911231371918,0.3429404393444491,0.07562864632784555,0.9798651568249339,0.4280415430267062,0.14285714285714285
1881,ReFAM_new1_sta2_j3_k4,0.1032000035047531,resnet18,mnist,resnet18mnist,2,NO,YES,0.4644997052888027,0.08054161465365704,0.28302308305685775,0.2831094049904031,0.0826094329787118,1.0,1.0,1.0,1.0,0.28146943306326877,1.0,0.9018141314507147,0.18397626112759644,1.0
1882,ReFAM_sta3_j1_k5_const0,0.1163000017404556,resnet18,cifar,resnet18cifar,2,YES,NO,0.3284428886277168,0.009653521705347362,0.1748066791257675,0.17490403071017277,0.012702581738589252,0.017789678517418382,0.011409948674546052,0.017789678517418382,0.011409948674546052,0.14832065836487027,0.061941294494903355,0.9545113003956514,0.10756676557863501,0.14285714285714285
1883,ReFAM_sta1_j6_k3_const0,0.1005999967455864,resnet34,cifar,resnet34cifar,2,YES,NO,1.0,1.0,1.0,1.0,1.0,0.05282970800427125,0.03194539800492711,0.05282970800427125,0.03194539800492711,1.0,0.1097346876623493,0.8839171718364696,1.0,0.14285714285714285
1884,ReFAM_sta1_j2_k5_const0,0.0997999981045723,resnet34,cifar,resnet34cifar,2,YES,NO,0.6516861536887679,0.07444653911802919,0.3468459701914965,0.34692898272552786,0.09796044150167685,0.02379726343214681,0.013977099330468848,0.02379726343214681,0.013977099330468848,0.327980969060276,0.06943772654257956,0.8779518580135169,0.2789317507418398,0.14285714285714285
1885,ReFAM_new2_sta3_j2_k3,0.0105999996885657,resnet34,cifar100,resnet34cifar100,2,NO,NO,0.1542554991444158,0.004852336127174993,0.08256041045781631,0.08253358925143954,0.0062914483868241056,0.011926636999134545,0.01457059927691338,0.011926636999134545,0.01457059927691338,0.08011803189329413,0.06870472880576604,0.8431516486828253,0.04451038575667656,0.2857142857142857
1886,ReFAM_new2_sta3_j1_k6,0.0986000001430511,resnet18,cifar,resnet18cifar,2,NO,NO,0.533828019511012,0.075790385448246,0.29118471558143383,0.2912667946257198,0.0947241451322628,0.040644699683992,0.07396098001239677,0.040644699683992,0.07396098001239677,0.29503134672826503,0.15683165833646834,0.9823514678602046,0.1884272997032641,0.2857142857142857
1887,mul8_278,0.0093000000342726,resnet34,cifar100,resnet34cifar100,2,NO,NO,0.3121669853423513,1.0,1.0,1.0,1.0,0.07445249671615471,0.03750463123109097,0.07445249671615471,0.03750463123109097,1.0,0.12523885873297383,1.0,1.0,0.4330357142857143
1888,mul8_273,0.1083000004291534,vgg16,mnist,vgg16mnist,2,NO,NO,0.9965945169442595,0.41751506254299037,0.6734105982667915,0.673464491362764,0.33746831805559396,0.04656646195708145,0.03506917435026681,0.04656646195708145,0.03506917435026681,0.625774038953355,0.1122852510703857,0.9956189203993574,0.7470326409495549,0.14732142857142858
1889,ReFAM_sta1_j7_k1_const1,0.1019999980926513,resnet18,cifar,resnet18cifar,2,NO,YES,0.3327759082666049,0.21195832165694342,0.4132632836324213,0.413147792706334,0.10727125085306388,1.0,1.0,1.0,1.0,0.372575303068244,1.0,0.8033808535723667,0.28486646884273,1.0
1890,ReFAM_new_sta1_j1_k2,0.930400013923645,resnet34,cifar,resnet34cifar,0,NO,NO,0.002166509819444042,3.06007693679464e-05,0.00230615671669878,0.002399232245681382,3.5355514807528376e-05,0.0002104913210724397,1.4047336010521454e-05,0.0002104913210724397,1.4047336010521454e-05,0.004280044384787273,0.0021019568501698884,0.1749937384058694,0.004451038575667656,0.040816285714285715
1891,mul8_226,0.1134999990463256,resnet18,mnist,resnet18mnist,2,NO,NO,0.4295105717047814,0.19044719897842202,0.35735655063188104,0.35724568138195784,0.15771896690415424,0.026274375888716037,0.01827734006668973,0.026274375888716037,0.01827734006668973,0.37105228531178186,0.07918913431623702,0.9835009540022277,0.45845697329376855,0.2770562857142857
1892,ReFAM_new2_sta3_j3_k3,0.1032000035047531,resnet18,mnist,resnet18mnist,2,NO,NO,0.2816462765277255,0.01950945628359616,0.15162980412294477,0.15163147792706333,0.02502946202851441,0.021455660409744393,0.031220204283383936,0.021455660409744393,0.031220204283383936,0.1526962278655991,0.10109770516472295,0.8018892705802818,0.08902077151335312,0.2857142857142857
1893,mul8_164,0.100100003182888,vgg16,cifar,vgg16cifar,2,NO,NO,0.28294618241939196,1.0,1.0,1.0,1.0,0.07380024463969848,0.036756610588530705,0.07380024463969848,0.036756610588530705,1.0,0.12402291849542883,1.0,1.0,0.4330357142857143
1894,ReFAM_new1_sta4_j3_k5,0.1000000014901161,vgg16,cifar,vgg16cifar,2,NO,YES,1.0,1.0,1.0,1.0,1.0,1.0,1.0,1.0,1.0,1.0,1.0,1.0,1.0,1.0
1895,ReFAM_new1_sta3_j1_k3,0.1191999986767768,resnet18,mnist,resnet18mnist,2,YES,YES,0.1074588870444245,0.0011814383613991287,0.057192686574129736,0.05710172744721689,0.0015545950807221366,1.0,1.0,1.0,1.0,0.049396974324446466,1.0,0.986328343742173,0.02225519287833828,1.0
1896,ReFAM_sta2_j1_k8_const0,0.101000003516674,vgg16,mnist,vgg16mnist,2,YES,NO,1.0,0.9791823236440527,1.0,1.0,1.0,0.11313592318963914,0.07930950319840281,0.11313592318963914,0.07930950319840281,1.0,0.18412873291413626,1.0,1.0,0.14285714285714285
1897,ReFAM_new_sta2_j1_k7,0.1134999990463256,resnet18,mnist,resnet18mnist,2,NO,NO,0.28511269223883595,0.08703454990701348,0.23268400643639853,0.23272552783109407,0.07621903001406873,0.008627433975286692,0.0008112336546076141,0.008627433975286692,0.0008112336546076141,0.24991938401884056,0.017562088341902392,0.653352040057912,0.2314540059347181,0.046083
1898,ReFAM_new1_sta2_j5_k4,0.1000000014901161,vgg16,cifar,vgg16cifar,2,NO,YES,1.0,1.0,0.9715117582702619,0.9714491362763915,1.0,1.0,1.0,1.0,1.0,1.0,1.0,0.8216972890860924,0.7359050445103857,1.0
1899,ReFAM_sta2_j5_k3_const1,0.1002999991178512,vgg16,cifar,vgg16cifar,2,NO,YES,0.22878343693329087,0.238389422464525,0.4187980597524984,0.4186660268714012,0.11601637196753045,1.0,1.0,1.0,1.0,0.38093833491171697,1.0,0.9681829566534783,0.32047477744807124,1.0
1900,ReFAM_sta4_j1_k4_const1,0.1193000003695488,resnet18,mnist,resnet18mnist,2,NO,YES,0.10572567918886927,0.0013016521030239727,0.057653917917469495,0.05758157389635317,0.0015187157805100523,1.0,1.0,1.0,1.0,0.04952659873154156,1.0,1.0,0.022997032640949554,1.0
1901,ReFAM_new2_sta4_j3_k4,0.101000003516674,vgg16,mnist,vgg16mnist,2,NO,NO,1.0,1.0,1.0,1.0,1.0,1.0,1.0,1.0,1.0,1.0,1.0,1.0,1.0,0.2857142857142857
1902,mul8_229,0.0093999998643994,resnet34,cifar100,resnet34cifar100,2,NO,NO,0.6236840177388694,1.0,1.0,1.0,1.0,0.07748339106035228,0.04103051256973185,0.07748339106035228,0.04103051256973185,1.0,0.13083561741996738,1.0,1.0,0.42857142857142855
1903,mul8_438,0.1134999990463256,resnet18,mnist,resnet18mnist,2,NO,NO,0.6370622124075207,0.15419506836420147,0.38351048208372307,0.3833973128598849,0.1633592212405697,0.027374712494150508,0.019150030816343377,0.027374712494150508,0.019150030816343377,0.3880385641895903,0.08116569033159564,0.9804251367878328,0.4317507418397626,0.7142857142857143
1904,ReFAM_new2_sta1_j1_k3,0.7006999850273132,resnet18,mnist,resnet18mnist,2,NO,NO,0.024264909977773273,0.0010031080426973734,0.02064010261445408,0.020633397312859885,0.0010008065945090094,0.002732773589030601,0.0022739125167031606,0.002732773589030601,0.0022739125167031606,0.025822537527620672,0.026951475848396363,0.5249812152176082,0.02225519287833828,0.2857142857142857
1905,ReFAM_sta3_j5_k3_const0,0.1134999990463256,resnet34,mnist,resnet34mnist,2,YES,NO,1.0,0.18006267036914375,0.8781844777188953,0.8781190019193859,0.23693537532170483,0.06253579707552573,0.04616130204757481,0.06253579707552573,0.04616130204757481,0.7201674709659099,0.13159399389715937,0.9945315411259467,0.49851632047477745,0.14285714285714285
1906,ReFAM_new1_sta1_j2_k5,0.1000000014901161,vgg16,cifar,vgg16cifar,2,NO,YES,0.7140816364887563,0.1271877308740733,0.40761319967650933,0.4076295585412668,0.14063688853305722,1.0,1.0,1.0,1.0,0.3884620293646464,1.0,0.8968425275255605,0.18694362017804153,1.0
1907,ReFAM_new1_sta2_j1_k8,0.1027999967336654,resnet18,mnist,resnet18mnist,2,NO,YES,1.0,1.0,1.0,1.0,1.0,1.0,1.0,1.0,1.0,1.0,1.0,1.0,0.7581602373887241,1.0
1908,ReFAM_new2_sta1_j3_k3,0.3675999939441681,resnet18,cifar,resnet18cifar,2,NO,NO,0.07799435349998553,0.01711254553792067,0.08140733209946693,0.08133397312859886,0.016480318499963943,0.007392491331913193,0.007680380963752606,0.007392491331913193,0.007680380963752606,0.10378554944153727,0.04974083827472337,0.49714104775305495,0.08902077151335312,0.2857142857142857
1909,mul8_185,0.0961999967694282,resnet18,cifar,resnet18cifar,2,NO,NO,0.5183374743019872,1.0,1.0,1.0,1.0,0.058718948013160674,0.035253545635404906,0.058718948013160674,0.035253545635404906,1.0,0.11636152463529258,0.9753761538132599,1.0,0.42857142857142855
1910,ReFAM_sta3_j2_k3_const1,0.1115000024437904,resnet34,mnist,resnet34mnist,2,NO,YES,0.07106152207776459,0.0020945851272514203,0.05024539131000004,0.05014395393474089,0.0014091454050508142,1.0,1.0,1.0,1.0,0.04443831696066123,1.0,0.9704198220689122,0.025222551928783383,1.0
1911,mul8_101,0.0099999997764825,resnet34,cifar100,resnet34cifar100,2,NO,NO,0.2859792961666136,0.09001143224721678,0.2763640573823154,0.2763915547024952,0.05293541334225654,0.022225353995811853,0.012386238527277294,0.022225353995811853,0.012386238527277294,0.25347112417372053,0.06532487773418606,0.9205816053709205,0.26112759643916916,0.2857142857142857
1912,mul8_067,0.9538999795913696,vgg16,mnist,vgg16mnist,1,NO,NO,0.4817776245652846,0.08054121581789928,0.282968580271478,0.28286948176583493,0.08834841947271203,0.019472705689770123,0.009761142610311095,0.019472705689770123,0.009761142610311095,0.2858625002077236,0.05793145351510483,0.9679029666720289,0.39243323442136496,0.2857142857142857
1913,mul8_401,0.1134999990463256,resnet34,mnist,resnet34mnist,2,NO,NO,0.7903427821331866,0.15312683107023667,0.44118827333552385,0.44121880998080615,0.17969368290342083,0.028764135892474164,0.017943715836439843,0.028764135892474164,0.017943715836439843,0.42815309807002416,0.07911075879447997,0.9801135842993837,0.594213649851632,1.0
1914,ReFAM_new1_sta1_j3_k4,0.1000000014901161,resnet18,cifar,resnet18cifar,2,NO,YES,0.6984827657887592,0.12553737930858788,0.3995416511680636,0.3994721689059501,0.13880180636819536,1.0,1.0,1.0,1.0,0.3828761854196828,1.0,0.8411632107418411,0.18397626112759644,1.0
1915,mul8_383,0.100100003182888,resnet18,cifar,resnet18cifar,2,NO,NO,0.9893096294095868,0.3884135020253229,0.630812009366081,0.6307581573896353,0.36252633376355514,0.039950891381057944,0.028602132034423,0.039950891381057944,0.028602132034423,0.610448052044359,0.10082376405534357,0.9953236582371017,0.8553412462908012,0.15178571428571427
1916,mul8_210,0.1000000014901161,vgg16,cifar,vgg16cifar,2,NO,NO,0.7478791896720834,0.17545454328331592,0.42786729224494624,0.4277831094049904,0.2005472696994567,1.0,1.0,1.0,1.0,0.43151036913101204,1.0,0.9761061640558024,0.4495548961424332,1.0
1917,mul8_387,0.1000000014901161,vgg16,cifar,vgg16cifar,2,NO,NO,0.31051502333823305,1.0,1.0,1.0,1.0,0.07454735332007147,0.03765388417620276,0.07454735332007147,0.03765388417620276,1.0,0.1254672673963801,1.0,1.0,0.42857142857142855
1918,ReFAM_sta2_j5_k3_const0,0.1134999990463256,resnet34,mnist,resnet34mnist,2,YES,NO,1.0,0.238389422464525,1.0,1.0,0.3136846030804829,0.062056997074803014,0.039476526023567916,0.062056997074803014,0.039476526023567916,0.8265871872653838,0.12310555167410113,0.9944694342573343,0.49851632047477745,0.14285714285714285
1919,ReFAM_new_sta1_j3_k3,0.9646999835968018,resnet34,mnist,resnet34mnist,0,NO,NO,0.04376349835276966,0.0036099450233103205,0.030383614742506424,0.03047024952015355,0.004281548745094681,0.0018049856631018651,0.00021773370816308257,0.0018049856631018651,0.00021773370816308257,0.04866844812566764,0.008441416910004001,0.3281136413155253,0.06528189910979229,0.05793285714285714
1920,ReFAM_new_sta2_j1_k7,0.1057000011205673,vgg16,cifar,vgg16cifar,2,NO,NO,0.28511269223883595,0.08703454990701348,0.23268400643639853,0.23272552783109407,0.07621903001406873,0.008627433975286692,0.0008112336546076141,0.008627433975286692,0.0008112336546076141,0.24991938401884056,0.017562088341902392,0.653352040057912,0.2314540059347181,0.046083
1921,ReFAM_sta2_j2_k7_const0,0.1134999990463256,resnet34,mnist,resnet34mnist,2,YES,NO,1.0,0.9788360125340738,1.0,1.0,1.0,0.11297511866109451,0.07894602837913058,0.11297511866109451,0.07894602837913058,1.0,0.18374805180845918,1.0,1.0,0.14285714285714285
1922,mul8_134,0.1134999990463256,resnet18,mnist,resnet18mnist,2,NO,NO,0.47316574456657884,0.097892995439839,0.3037672320826678,0.30374280230326295,0.09328965540245711,0.022825209091056918,0.014064895180534607,0.022825209091056918,0.014064895180534607,0.300741238789161,0.06941757283698488,0.9564997383366355,0.4043026706231454,0.14285714285714285
1923,ReFAM_new_sta3_j3_k1,0.9919000267982484,resnet18,mnist,resnet18mnist,0,NO,NO,0.003466415711110468,6.050492955952411e-05,0.0025367723883686576,0.00263915547024952,7.588341467533027e-05,0.00024120679281691587,3.687425702761882e-05,0.00024120679281691587,3.687425702761882e-05,0.006052896226962023,0.003419412049228785,0.1034058999488891,0.005934718100890208,0.063492
1924,ReFAM_sta4_j7_k2_const1,0.0979999974370002,vgg16,mnist,vgg16mnist,2,NO,YES,0.6982661148068149,0.4185378620487606,0.6196787223339788,0.619721689059501,0.24802594993680369,1.0,1.0,1.0,1.0,0.5613355524842703,1.0,0.8937514381303593,0.47477744807121663,1.0
1925,mul8_327,0.1081999987363815,resnet34,mnist,resnet34mnist,2,NO,NO,1.0,1.0,1.0,1.0,1.0,0.09031794126840442,0.05873015594298889,0.09031794126840442,0.05873015594298889,1.0,0.1555769035548151,1.0,1.0,1.0
1926,mul8_403,0.1088000014424324,resnet18,cifar,resnet18cifar,2,NO,NO,0.6295877535304387,0.24123191022342239,0.3785405372464014,0.3785988483685221,0.2792475820833238,0.022811658147640235,0.012719862757527177,0.022811658147640235,0.012719862757527177,0.44631695970839175,0.06626538399527059,0.9650755769320837,0.701780415430267,0.2857142857142857
1927,ReFAM_sta1_j6_k3_const1,0.1009000018239021,resnet34,mnist,resnet34mnist,2,NO,YES,0.8319397706665123,1.0,0.9632816605650804,0.963291746641075,0.4731730030155558,1.0,1.0,1.0,1.0,0.840389650220613,1.0,0.968431384127928,0.712166172106825,1.0
1928,ReFAM_sta3_j2_k1_const1,0.3905999958515167,resnet34,mnist,resnet34mnist,2,NO,YES,0.022531702122218042,7.563116194940513e-05,0.01245324627017341,0.012476007677543186,8.563891364490207e-05,1.0,1.0,1.0,1.0,0.0109956313846216,1.0,0.8272431270095645,0.004451038575667656,1.0
1929,ReFAM_sta1_j4_k6_const1,0.0979999974370002,vgg16,mnist,vgg16mnist,2,NO,YES,1.0,1.0,1.0,1.0,1.0,1.0,1.0,1.0,1.0,1.0,1.0,1.0,1.0,1.0
1930,ReFAM_sta4_j4_k6_const0,0.1000000014901161,vgg16,cifar,vgg16cifar,2,YES,NO,1.0,1.0,1.0,1.0,1.0,0.16289589081191833,0.13321966697278154,0.16289589081191833,0.13321966697278154,1.0,0.2457371180499573,1.0,1.0,0.14285714285714285
1931,mul8_171,0.989300012588501,vgg16,mnist,vgg16mnist,0,NO,NO,0.026512665648654322,0.0008126414032048506,0.01575393214848585,0.015834932821497123,0.0010089025066610867,0.0014571781154070612,0.0003213328112406783,0.0014571781154070612,0.0003213328112406783,0.023971590539793888,0.010167917689280617,0.443947023859219,0.02967359050445104,0.14285714285714285
1932,ReFAM_sta2_j6_k4_const0,0.101000003516674,vgg16,mnist,vgg16mnist,2,YES,NO,1.0,1.0,1.0,1.0,1.0,0.16784650214014565,0.1080380612569205,0.16784650214014565,0.1080380612569205,1.0,0.23133169715101248,1.0,1.0,0.14285714285714285
1933,mul8_096,0.1134999990463256,resnet18,mnist,resnet18mnist,2,NO,NO,1.0,1.0,1.0,1.0,1.0,0.09031794126840442,0.05873015594298889,0.09031794126840442,0.05873015594298889,1.0,0.1555769035548151,1.0,1.0,1.0
1934,mul8_239,0.1093000024557113,resnet34,mnist,resnet34mnist,2,NO,NO,0.005145464287595311,1.0,1.0,1.0,1.0,1.0,1.0,1.0,1.0,1.0,1.0,0.7912934315368497,1.0,1.0
1935,mul8_443,0.1081999987363815,resnet34,cifar,resnet34cifar,2,NO,NO,0.47143253671102364,0.0978571701525998,0.30339360886560734,0.30326295585412666,0.09295085893477459,0.022821595506145802,0.014066651097535923,0.022821595506145802,0.014066651097535923,0.3002916760300761,0.06941682640344433,0.9689282390768271,0.4043026706231454,0.14285714285714285
1936,ReFAM_new2_sta3_j4_k3,0.1032000035047531,resnet18,mnist,resnet18mnist,2,NO,NO,0.49743065454435215,0.07678314396351871,0.2722129752922576,0.27231285988483683,0.09609961916438335,0.037666202321005586,0.06445268945027507,0.037666202321005586,0.06445268945027507,0.2861682298449984,0.14635546359494336,0.7475763049060354,0.17804154302670624,0.2857142857142857
1937,ReFAM_sta3_j7_k1_const0,0.1000000014901161,vgg16,cifar,vgg16cifar,2,YES,NO,1.0,0.15305975817134995,0.7328966045668722,0.7329654510556622,0.2014036067255434,0.0486560174319336,0.029007748861726804,0.0486560174319336,0.029007748861726804,0.6141109877761228,0.1040229782101121,0.9538902317095272,0.42729970326409494,0.14285714285714285
1938,mul8_402,0.1092000007629394,vgg16,cifar,vgg16cifar,2,NO,NO,0.4559961577139005,0.0833163259113953,0.2769225790202939,0.2768714011516315,0.08773620704061241,0.019330872482008862,0.009736559772292683,0.019330872482008862,0.009736559772292683,0.28218413222551414,0.057832177854212574,0.9677787529348041,0.39243323442136496,0.2857142857142857
1939,mul8_106,0.1134999990463256,resnet18,mnist,resnet18mnist,2,NO,NO,1.0,1.0,1.0,1.0,1.0,0.08818321598216335,0.0448759708026121,0.08818321598216335,0.0448759708026121,1.0,0.13981595934624366,1.0,1.0,0.36160714285714285
1940,ReFAM_new_sta2_j5_k1,0.8896999955177307,resnet18,mnist,resnet18mnist,2,NO,NO,0.024264909977773273,0.002340585432960538,0.027443264928715478,0.027351247600767757,0.0023580164223257175,0.0014779562286459716,9.130768406838946e-05,0.0014779562286459716,9.130768406838946e-05,0.0378971244065334,0.005533311836047366,0.3201588714062013,0.02373887240356083,0.031746
1941,mul8_488,0.1000000014901161,vgg16,cifar,vgg16cifar,2,NO,NO,0.5976858999055409,1.0,1.0,1.0,1.0,0.08769176843425172,0.05915333194030585,0.08769176843425172,0.05915333194030585,1.0,0.1549819960230021,1.0,1.0,1.0
1942,mul8_362,0.1024999991059303,resnet18,cifar,resnet18cifar,2,NO,NO,0.04458948282124448,0.004386647377270527,0.05364877311429513,0.053742802303262956,0.0029222298471582716,0.005379724536422226,0.0026970885140201193,0.005379724536422226,0.0026970885140201193,0.053165253234310456,0.029587879113595242,0.8962835657080489,0.06676557863501484,0.7142857142857143
1943,ReFAM_sta4_j2_k7_const0,0.1000000014901161,vgg16,cifar,vgg16cifar,2,YES,NO,1.0,0.43703684620283795,1.0,1.0,0.5750747168871725,0.09732377901482833,0.08417514920904719,0.09732377901482833,0.08417514920904719,1.0,0.18214172682921004,1.0,0.8545994065281899,0.14285714285714285
1944,mul8_242,0.1134999990463256,resnet18,mnist,resnet18mnist,2,NO,NO,1.0,0.8283234322854304,0.8914029879643858,0.8913147792706334,0.8802246447496306,0.04646347478711468,0.032407204176273,0.04646347478711468,0.032407204176273,0.9013649539937436,0.10842842896639855,0.9977936789461788,1.0,0.15178571428571427
1945,ReFAM_new2_sta3_j7_k2,0.0098999999463558,resnet34,cifar100,resnet34cifar100,2,NO,NO,1.0,1.0,0.8060738389611577,0.8061420345489444,1.0,0.09221055636560083,0.176933220720523,0.09221055636560083,0.176933220720523,0.9534877412506916,0.2488915461922932,0.5330439085379636,0.6646884272997032,0.2857142857142857
1946,mul8_418,0.1246000006794929,resnet18,cifar,resnet18cifar,2,NO,NO,0.045930008172213696,0.08887995025857896,0.2498090207050514,0.24976007677543188,0.04086339425820502,0.02248733890186768,0.016214137590144388,0.02248733890186768,0.016214137590144388,0.22682617573547875,0.07409397896848857,0.9577428938542708,0.18397626112759644,0.2857142857142857
1947,ReFAM_sta1_j1_k2_const1,0.864799976348877,resnet34,cifar,resnet34cifar,1,NO,YES,0.019065286411107572,0.00020619443099890455,0.015451250001881824,0.015355086372360844,0.00010416782652135297,1.0,1.0,1.0,1.0,0.013191980885101902,1.0,0.9545113003956514,0.00741839762611276,1.0
1948,mul8_426,0.1660999953746795,vgg16,mnist,vgg16mnist,2,NO,NO,1.0,0.40626900008916517,0.648577976538394,0.6485124760076776,0.4821089328674773,0.03602473137513167,0.020110517416062776,0.03602473137513167,0.020110517416062776,0.6611792568930991,0.08524942823190795,0.9903988889997536,0.8308605341246291,0.14285714285714285
1949,ReFAM_sta1_j2_k4_const1,0.0992999970912933,resnet18,cifar,resnet18cifar,2,NO,YES,0.11092530275553497,0.018196061447532674,0.12735750467969012,0.1273992322456814,0.008266115272283697,1.0,1.0,1.0,1.0,0.11109991642086975,1.0,0.9942831136514969,0.09050445103857567,1.0
1950,mul8_105,0.098700001835823,resnet34,mnist,resnet34mnist,2,NO,NO,0.32838872934864644,1.0,1.0,1.0,1.0,0.07523483784941108,0.03907090919626411,0.07523483784941108,0.03907090919626411,1.0,0.12752070606641466,1.0,1.0,0.42857142857142855
1951,ReFAM_new2_sta2_j2_k3,0.6851999759674072,vgg16,cifar,vgg16cifar,1,YES,NO,0.13172379702219777,0.0038341018520877384,0.0701071641876429,0.07005758157389635,0.005045101016683161,0.009605812089971036,0.010345862971749052,0.009605812089971036,0.010345862971749052,0.06964777105125776,0.05784113505669909,0.8073577294543351,0.04451038575667656,0.2857142857142857
1952,mul8_470,0.7085999846458435,vgg16,cifar,vgg16cifar,0,NO,NO,0.010399247133331404,7.324280946679234e-05,0.006457238806756583,0.0064779270633397315,8.27580939198442e-05,0.0008338347182397504,0.00021597779116176738,0.0008338347182397504,0.00021597779116176738,0.007656374992414146,0.008298848103760232,0.41362156350478224,0.005934718100890208,0.14285714285714285
1953,ReFAM_new1_sta3_j4_k4,0.1000000014901161,vgg16,cifar,vgg16cifar,2,NO,YES,0.9030012927442769,0.26292178304842945,0.5238867395590286,0.5237523992322457,0.2924406463638077,1.0,1.0,1.0,1.0,0.5249365257679642,1.0,0.8952888376648632,0.36795252225519287,1.0
1954,ReFAM_sta4_j7_k3_const0,0.1134999990463256,resnet18,mnist,resnet18mnist,2,YES,NO,1.0,1.0,1.0,1.0,1.0,0.14936843569715988,0.11064559800387355,0.14936843569715988,0.11064559800387355,1.0,0.224365232917122,1.0,1.0,0.14285714285714285
1955,mul8_343,0.1134999990463256,resnet34,mnist,resnet34mnist,2,NO,NO,0.6094392122096091,0.1060136799862431,0.3546032356625905,0.35460652591170827,0.11421977621330473,0.026478543436194026,0.016517911231371918,0.026478543436194026,0.016517911231371918,0.3429404393444491,0.07562864632784555,0.9798651568249339,0.4280415430267062,0.14285714285714285
1956,mul8_370,0.1134999990463256,resnet18,mnist,resnet18mnist,2,NO,NO,1.0,0.5429154598884162,0.8506797288071873,0.85052783109405,0.611419280304165,0.04777068912871047,0.03251958286435717,0.04777068912871047,0.03251958286435717,0.8104092513442293,0.10898078978640058,0.9942831136514969,1.0,0.14732142857142858
1957,mul8_219,0.0100999996066093,resnet34,cifar100,resnet34cifar100,2,NO,NO,1.0,1.0,1.0,1.0,1.0,0.06269931179275366,0.0464598079377984,0.06269931179275366,0.0464598079377984,1.0,0.13200751807862035,1.0,1.0,0.14285714285714285
1958,mul8_221,0.1134999990463256,resnet34,mnist,resnet34mnist,2,NO,NO,0.6978328128429261,0.5571394299289226,0.6579656542198359,0.6578694817658349,0.369973028120126,0.043747865726411865,0.0310077383262248,0.043747865726411865,0.0310077383262248,0.6282805276922286,0.10557332067382048,1.0,0.7908011869436202,0.42857142857142855
1959,mul8_052,0.1156999990344047,vgg16,cifar,vgg16cifar,2,NO,NO,0.002545652504262461,1.0,1.0,1.0,1.0,1.0,1.0,1.0,1.0,1.0,1.0,0.791479752142687,1.0,1.0
1960,ReFAM_new2_sta3_j2_k4,0.0914999991655349,resnet18,cifar,resnet18cifar,2,NO,NO,0.2920455236610569,0.019329533729905993,0.15710692632510437,0.15714971209213052,0.024791446565785673,0.02233285814691752,0.03362054282418179,0.02233285814691752,0.03362054282418179,0.1553131163417438,0.10492168419292619,0.9003225484586297,0.09198813056379822,0.2857142857142857
1961,ReFAM_new1_sta4_j3_k2,0.0979999974370002,resnet18,mnist,resnet18mnist,2,NO,YES,1.0,1.0,1.0,1.0,1.0,1.0,1.0,1.0,1.0,1.0,1.0,1.0,1.0,1.0
1962,ReFAM_sta4_j1_k9_const0,0.1000000014901161,vgg16,cifar,vgg16cifar,2,YES,NO,1.0,1.0,1.0,1.0,1.0,0.16443618138028102,0.13661209861932247,0.16443618138028102,0.13661209861932247,1.0,0.24861088718104896,1.0,1.0,0.14285714285714285
1963,mul8_338,0.5288000106811523,vgg16,mnist,vgg16mnist,2,NO,NO,0.6993493697165368,0.23688018272488726,0.4105936360288126,0.4105086372360845,0.2747120221732128,0.027505704947178418,0.018256269062673944,0.027505704947178418,0.018256269062673944,0.45916139960024865,0.07943097878337303,0.9774419708036629,0.7670623145400594,0.42857142857142855
1964,ReFAM_new_sta3_j1_k1,0.9233999848365784,resnet18,cifar,resnet18cifar,0,NO,NO,0.0,0.0,0.0,0.0,0.0,0.0,0.0,0.0,0.0,0.0,0.0,0.0,0.0,0.0
1965,ReFAM_new_sta1_j1_k4,0.887499988079071,resnet18,cifar,resnet18cifar,1,NO,NO,0.020365192302773998,0.0008581649045932795,0.014471133397284843,0.014395393474088292,0.0010160413748830923,0.0010244513223010585,0.00010535502007891092,0.0010244513223010585,0.00010535502007891092,0.023598533954073433,0.0058654747615891276,0.2982850359099878,0.03115727002967359,0.05714285714285715
1966,mul8_070,0.7085999846458435,vgg16,cifar,vgg16cifar,0,NO,NO,0.0,0.0,0.0,0.0,0.0,0.0,0.0,0.0,0.0,0.0,0.0,0.0,0.0,0.0
1967,mul8_167,0.1000000014901161,resnet18,cifar,resnet18cifar,2,NO,NO,1.0,1.0,1.0,1.0,1.0,0.09031794126840442,0.05873015594298889,0.09031794126840442,0.05873015594298889,1.0,0.1555769035548151,1.0,1.0,1.0
1968,mul8_050,0.868399977684021,resnet34,cifar,resnet34cifar,1,NO,NO,0.03249764729166064,0.0009031455430158204,0.017411483211075787,0.01751439539347409,0.0011834767459673395,0.0015547449080071621,0.0003213328112406783,0.0015547449080071621,0.0003213328112406783,0.026087211044475905,0.010179114192388766,0.4474270447922881,0.02967359050445104,0.14285714285714285
1969,mul8_052,0.1077999994158744,resnet34,cifar,resnet34cifar,2,NO,NO,0.002545652504262461,1.0,1.0,1.0,1.0,1.0,1.0,1.0,1.0,1.0,1.0,0.791479752142687,1.0,1.0
1970,ReFAM_new_sta2_j3_k3,0.8585000038146973,resnet34,mnist,resnet34mnist,2,NO,NO,0.018198682483329957,0.002408852508088554,0.029057574630404627,0.029030710172744723,0.002245729922033747,0.0016252098137739014,0.00010535502007891092,0.0016252098137739014,0.00010535502007891092,0.0378971244065334,0.005919964410048787,0.3827992482014462,0.02373887240356083,0.040816285714285715
1971,ReFAM_new_sta2_j6_k1,0.6805999875068665,vgg16,cifar,vgg16cifar,1,NO,NO,0.03336425121943825,0.015729241637581843,0.07737155784524406,0.0772552783109405,0.013715828228075898,0.0033479864201479037,0.0002598757161946469,0.0033479864201479037,0.0002598757161946469,0.09601045899998222,0.009487170300305143,0.4031815007055748,0.0712166172106825,0.031746
1972,ReFAM_new1_sta2_j3_k5,0.1000000014901161,vgg16,cifar,vgg16cifar,2,NO,YES,0.6880835186554278,0.33767403128423307,0.5099633165370344,0.5098368522072937,0.28927731806141005,1.0,1.0,1.0,1.0,0.5161669092114209,1.0,0.9308974544329032,0.37388724035608306,1.0
1973,mul8_116,0.8794999718666077,resnet18,mnist,resnet18mnist,2,NO,NO,0.011726232664533024,0.0041471562046213025,0.049867034014431565,0.04990403071017274,0.002443635373461281,0.005760054348317062,0.0032203517804120434,0.005760054348317062,0.0032203517804120434,0.04905740796895156,0.03231907943844312,0.7580163677052428,0.05341246290801187,0.2857142857142857
1974,mul8_358,0.1280000060796737,vgg16,mnist,vgg16mnist,2,NO,NO,0.25451074450560457,1.0,1.0,1.0,1.0,0.08236624767149622,0.04616656979857876,0.08236624767149622,0.04616656979857876,1.0,0.1388545529460239,1.0,1.0,0.42857142857142855
1975,ReFAM_new1_sta1_j1_k2,0.9858999848365784,vgg16,mnist,vgg16mnist,0,NO,YES,0.048529819955546546,0.0004076121570325835,0.026751417913705847,0.02663147792706334,0.00047664471814593814,1.0,1.0,1.0,1.0,0.024362437118485757,1.0,0.874968692029347,0.010385756676557863,1.0
1976,mul8_118,0.9746000170707704,resnet34,mnist,resnet34mnist,0,NO,NO,0.031847694345827425,0.00037844191526762285,0.01801685119413459,0.017994241842610365,0.00045205851619534073,0.002132918493785537,0.0007322173895484308,0.002132918493785537,0.0007322173895484308,0.019295832502765967,0.01533696995754286,0.5836436979854975,0.01483679525222552,0.14285714285714285
1977,ReFAM_sta1_j3_k4_const1,0.1000000014901161,resnet34,cifar,resnet34cifar,2,NO,YES,0.214917774088849,0.07358673222428859,0.2542537780160405,0.2543186180422265,0.03335345967771798,1.0,1.0,1.0,1.0,0.22219983013480202,1.0,0.9912999476673271,0.18397626112759644,1.0
1978,ReFAM_sta2_j6_k2_const1,0.1063999980688095,resnet34,cifar,resnet34cifar,2,NO,YES,0.24958193119995367,0.22714187450640716,0.4089104146745778,0.4088291746641075,0.11476110284745605,1.0,1.0,1.0,1.0,0.37438031332741517,1.0,0.9167289432261769,0.3086053412462908,1.0
1979,mul8_213,0.9918000102043152,resnet34,mnist,resnet34mnist,0,NO,NO,0.0,0.0,0.0,0.0,0.0,0.0,0.0,0.0,0.0,0.0,0.0,0.0,0.0,0.0
1980,mul8_268,0.1039000004529953,resnet34,cifar,resnet34cifar,2,NO,NO,0.25410452218125096,1.0,1.0,1.0,1.0,0.04410109365147334,0.025978792034458117,0.04410109365147334,0.025978792034458117,1.0,0.09783131199130553,0.839221607488663,1.0,0.19047614285714287
1981,mul8_177,0.7001000046730042,resnet34,cifar100,resnet34cifar100,0,NO,NO,0.0,0.0,0.0,0.0,0.0,0.0,0.0,0.0,0.0,0.0,0.0,0.0,0.0,0.0
1982,mul8_402,0.1134999990463256,resnet18,mnist,resnet18mnist,2,NO,NO,0.4559961577139005,0.0833163259113953,0.2769225790202939,0.2768714011516315,0.08773620704061241,0.019330872482008862,0.009736559772292683,0.019330872482008862,0.009736559772292683,0.28218413222551414,0.057832177854212574,0.9677787529348041,0.39243323442136496,0.2857142857142857
1983,mul8_192,0.6801999807357788,vgg16,cifar,vgg16cifar,1,NO,NO,0.055462651377767486,0.001630448628130334,0.036206660452170844,0.036228406909788874,0.0016042892251696681,0.003929773590837394,0.0014942853681192197,0.003929773590837394,0.0014942853681192197,0.037508424429245416,0.02201381797770254,0.7556552885525841,0.037091988130563795,0.2857142857142857
1984,mul8_404,0.0111999996006488,resnet34,cifar100,resnet34cifar100,2,NO,NO,1.0,1.0,1.0,1.0,1.0,0.09031794126840442,0.05873015594298889,0.09031794126840442,0.05873015594298889,1.0,0.1555769035548151,1.0,1.0,1.0
1985,mul8_444,0.0099999997764825,resnet34,cifar100,resnet34cifar100,2,NO,NO,0.5277617920165687,0.09456980198965684,0.3153597247300498,0.3152591170825336,0.09913772893112582,0.022471077769767662,0.013357260629004589,0.022471077769767662,0.013357260629004589,0.3112308623548316,0.06769704352603262,0.9753914259940663,0.4013353115727003,0.2857142857142857
1986,ReFAM_new1_sta4_j2_k6,0.1000000014901161,resnet18,cifar,resnet18cifar,2,NO,YES,1.0,1.0,1.0,1.0,1.0,1.0,1.0,1.0,1.0,1.0,1.0,1.0,1.0,1.0
1987,mul8_040,0.3747999966144562,vgg16,mnist,vgg16mnist,2,NO,NO,0.9404886859969583,0.25386571874761166,0.5582672781172457,0.5583013435700577,0.25882140409359994,0.03417818948555198,0.023694344015747066,0.03417818948555198,0.023694344015747066,0.529985348511525,0.09119178564817303,0.9949347266992338,0.7655786350148368,0.5089285714285714
1988,mul8_276,0.3512000143527984,resnet34,cifar,resnet34cifar,2,YES,NO,0.07387798484304184,0.002972192711385117,0.0393199720197142,0.03934740882917467,0.003910958302222012,0.003006502646047551,0.0006479333734853022,0.003006502646047551,0.0006479333734853022,0.05041671014797747,0.014560679075377845,0.5846384260286832,0.057863501483679525,0.14285714285714285
1989,ReFAM_sta4_j6_k4_const0,0.1011999994516372,resnet34,cifar,resnet34cifar,2,YES,NO,1.0,1.0,1.0,1.0,1.0,0.1570120711803956,0.12245413983771815,0.1570120711803956,0.12245413983771815,1.0,0.23597824594089442,1.0,1.0,0.14285714285714285
1990,ReFAM_new_sta2_j4_k5,0.009800000116229,resnet34,cifar100,resnet34cifar100,2,NO,NO,0.5884240669610019,0.3612874732504522,0.4859783863597848,0.4858445297504798,0.30539324319542427,0.015570033985766087,0.0017260664122928236,0.015570033985766087,0.0017260664122928236,0.5105071631669272,0.02670963138126034,0.7302230349284956,0.516320474777448,0.04686314285714286
1991,ReFAM_sta4_j5_k4_const0,0.100500002503395,resnet18,cifar,resnet18cifar,2,YES,NO,1.0,0.43316970547474076,1.0,1.0,0.5699861416819112,0.09398844014186934,0.07738852999896402,0.09398844014186934,0.07738852999896402,1.0,0.17489012498283205,1.0,0.8427299703264095,0.14285714285714285
1992,ReFAM_new_sta1_j3_k6,0.9887999892234802,vgg16,mnist,vgg16mnist,0,NO,NO,0.38347223804159547,0.25464012106081063,0.2728759935033831,0.2727927063339731,0.29468058420817383,0.007293117746857536,0.001330985086996908,0.007293117746857536,0.001330985086996908,0.41097560383714776,0.021415178278186824,0.4404670029261498,0.5637982195845698,0.06082428571428571
1993,mul8_155,0.1000000014901161,vgg16,cifar,vgg16cifar,2,NO,NO,0.6453220293609432,0.5097474773647874,0.6291750661199115,0.6290786948176584,0.3286375344780907,0.044373015916034736,0.0318523344038574,0.044373015916034736,0.0318523344038574,0.5972616880544818,0.1070102052393663,1.0,0.8100890207715133,0.2857142857142857
1994,ReFAM_sta2_j1_k6_const1,0.6036999821662903,vgg16,mnist,vgg16mnist,2,NO,YES,0.039863780677770376,0.05441224237637887,0.19803940739934334,0.197936660268714,0.023870069941116526,1.0,1.0,1.0,1.0,0.17760377451461098,1.0,1.0,0.13649851632047477,1.0
1995,ReFAM_sta2_j1_k9_const1,0.1000000014901161,vgg16,cifar,vgg16cifar,2,NO,YES,0.039863780677770376,1.0,1.0,1.0,1.0,1.0,1.0,1.0,1.0,1.0,1.0,1.0,1.0,1.0
1996,ReFAM_new1_sta2_j5_k1,0.094200000166893,resnet18,mnist,resnet18mnist,2,YES,YES,0.21838418979995947,0.015282271418745065,0.11623029852161851,0.11612284069097889,0.02010916925171303,1.0,1.0,1.0,1.0,0.126735563440329,1.0,0.5468550507138217,0.0712166172106825,1.0
1997,ReFAM_sta1_j2_k7_const1,0.1000000014901161,resnet18,cifar,resnet18cifar,2,NO,YES,0.8874024220442798,1.0,1.0,1.0,0.5014956585877708,1.0,1.0,1.0,1.0,0.8719721635659704,1.0,1.0,0.755192878338279,1.0
1998,mul8_406,0.7775999903678894,vgg16,mnist,vgg16mnist,2,NO,NO,0.553814076061799,0.10864468582019209,0.33999168499513927,0.33997120921305185,0.10761154338595087,0.024879532113025706,0.014992019357229023,0.024879532113025706,0.014992019357229023,0.3305404894108816,0.07196888267856183,0.9769451158547636,0.39243323442136496,0.14285714285714285
1999,mul8_174,0.6922000050544739,resnet34,cifar100,resnet34cifar100,0,NO,NO,0.005199623566665702,6.926222199577102e-05,0.0055347761200770715,0.005518234165067179,6.285424854671712e-05,0.0008654535862120053,0.00037401032128013377,0.0008654535862120053,0.00037401032128013377,0.006630616233039964,0.01090688689441847,0.3818045201582605,0.002967359050445104,0.2857142857142857
2000,ReFAM_new2_sta3_j5_k1,0.1000000014901161,resnet34,cifar,resnet34cifar,2,NO,NO,0.21578437801662662,0.017543046072911624,0.11657622202912332,0.11660268714011517,0.02259124097030634,0.016342437760516883,0.020358101713248217,0.016342437760516883,0.020358101713248217,0.1311119341945453,0.08150009255775903,0.5125527144774166,0.0712166172106825,0.2857142857142857
2001,mul8_059,0.1000000014901161,vgg16,cifar,vgg16cifar,2,NO,NO,0.2878749957250428,1.0,1.0,1.0,1.0,0.07492135935837187,0.03914465771031935,0.07492135935837187,0.03914465771031935,1.0,0.12748637012354969,1.0,1.0,0.42857142857142855
2002,ReFAM_new1_sta4_j4_k2,0.1000000014901161,resnet18,cifar,resnet18cifar,2,NO,YES,1.0,1.0,1.0,1.0,1.0,1.0,1.0,1.0,1.0,1.0,1.0,1.0,1.0,1.0
2003,mul8_127,0.9115999937057496,resnet34,cifar,resnet34cifar,0,NO,NO,0.01939026288402418,0.0007474268208799327,0.015162980412294478,0.015115163147792706,0.0008315707090014593,0.0014409169833070445,0.00031255322623410233,0.0014409169833070445,0.00031255322623410233,0.022074406353253674,0.010031320351361195,0.46234185656775045,0.02967359050445104,0.14285714285714285
2004,mul8_058,0.1019999980926513,vgg16,cifar,vgg16cifar,2,NO,NO,0.0914808805924404,1.0,1.0,1.0,1.0,0.05544232989500729,0.03172942021376533,0.05544232989500729,0.03172942021376533,1.0,0.11030197715316219,0.9820867500595615,0.9903560830860534,0.2857142857142857
2005,ReFAM_sta4_j4_k2_const1,0.1133999973535537,resnet18,cifar,resnet18cifar,2,NO,YES,0.1594551227110815,0.005311695921330854,0.0931687313546307,0.09309021113243762,0.005169761942967483,1.0,1.0,1.0,1.0,0.08325758126762897,1.0,0.8988319836119318,0.04154302670623145,1.0
2006,mul8_431,0.1067999973893165,resnet18,cifar,resnet18cifar,2,NO,NO,0.7723878302713363,0.39848730379843583,0.5359656836796042,0.5359884836852207,0.3787535746098022,0.03435615854242439,0.02466009836647041,0.03435615854242439,0.02466009836647041,0.5658461981641338,0.09290186488955769,0.987291509278359,0.7255192878338279,0.3392857142857143
2007,mul8_102,0.1068999990820884,vgg16,mnist,vgg16mnist,2,NO,NO,0.6997826716804256,0.5100153073523043,0.6525385294952943,0.652591170825336,0.3176708655326256,0.04887012233791716,0.04090057471163453,0.04887012233791716,0.04090057471163453,0.6066659379771493,0.12086475818539022,1.0,0.7129080118694362,0.42857142857142855
2008,ReFAM_sta2_j3_k7_const1,0.1009000018239021,resnet34,mnist,resnet34mnist,2,NO,YES,0.025998117833328508,1.0,1.0,1.0,1.0,1.0,1.0,1.0,1.0,1.0,1.0,1.0,1.0,1.0
2009,ReFAM_sta3_j3_k7_const1,0.0979999974370002,vgg16,mnist,vgg16mnist,2,NO,YES,0.49439754079713044,1.0,1.0,1.0,1.0,1.0,1.0,1.0,1.0,1.0,1.0,1.0,1.0,1.0
2010,mul8_470,0.669700026512146,resnet34,cifar100,resnet34cifar100,1,NO,NO,0.010399247133331404,7.324280946679234e-05,0.006457238806756583,0.0064779270633397315,8.27580939198442e-05,0.0008338347182397504,0.00021597779116176738,0.0008338347182397504,0.00021597779116176738,0.007656374992414146,0.008298848103760232,0.41362156350478224,0.005934718100890208,0.14285714285714285
2011,mul8_262,0.5602999925613403,vgg16,cifar,vgg16cifar,2,NO,NO,0.12289145991709678,0.012343606667006344,0.08767584611008113,0.08757197696737044,0.012045503072298078,0.007509932841524425,0.0030570514992897314,0.007509932841524425,0.0030570514992897314,0.09696954047590055,0.0317600007165762,0.9221974021002303,0.1446587537091988,0.14285714285714285
2012,ReFAM_new1_sta3_j1_k6,0.1009000018239021,resnet34,mnist,resnet34mnist,2,NO,YES,0.5823578394665586,0.06647899523603291,0.3163254287776301,0.31621880998080615,0.0825589986291111,1.0,1.0,1.0,1.0,0.299908636259012,1.0,1.0,0.1884272997032641,1.0
2013,ReFAM_sta4_j5_k1_const0,0.1049999967217445,resnet34,cifar,resnet34cifar,2,YES,NO,0.20105211124440714,0.005209792882072708,0.10700567165482339,0.10700575815738964,0.0068553033748286136,0.011573409074073069,0.006115858915580779,0.011573409074073069,0.006115858915580779,0.09570469146558301,0.045075628646327845,0.8242599610253946,0.05934718100890208,0.14285714285714285
2014,ReFAM_new1_sta3_j2_k7,0.1027999967336654,resnet18,mnist,resnet18mnist,2,NO,YES,1.0,1.0,0.9810210497424647,0.9810460652591171,1.0,1.0,1.0,1.0,1.0,0.9971648132595238,1.0,1.0,0.7566765578635015,1.0
2015,mul8_222,0.1010999977588653,resnet34,cifar,resnet34cifar,2,NO,NO,1.0,1.0,1.0,1.0,1.0,0.06420256311577746,0.04275306714802205,0.06420256311577746,0.04275306714802205,1.0,0.12798274842801097,1.0,1.0,0.2857142857142857
2016,ReFAM_new1_sta4_j1_k8,0.101000003516674,vgg16,mnist,vgg16mnist,2,NO,YES,1.0,1.0,1.0,1.0,1.0,1.0,1.0,1.0,1.0,1.0,1.0,1.0,1.0,1.0
2017,mul8_131,0.1494999974966049,vgg16,mnist,vgg16mnist,2,NO,NO,0.30834851351878906,1.0,1.0,1.0,1.0,0.07438203181038797,0.037353622368977865,0.07438203181038797,0.037353622368977865,1.0,0.12501791440497304,1.0,1.0,0.4330357142857143
2018,mul8_342,0.9704999923706056,resnet18,mnist,resnet18mnist,0,NO,NO,0.029730268972852705,0.0008993374901281432,0.016981781642366738,0.017034548944337813,0.0011366067183321104,0.0015420973608182601,0.0003213328112406783,0.0015420973608182601,0.0003213328112406783,0.025536216631916943,0.010174635591145507,0.4459354618002032,0.02967359050445104,0.14285714285714285
2019,mul8_001,0.0099999997764825,resnet34,cifar100,resnet34cifar100,2,NO,NO,1.0,0.7456328477313836,0.8853999993033562,0.88531669865643,0.8603522927910576,0.048425651393850036,0.03330798959794769,0.048425651393850036,0.03330798959794769,0.8933256312661388,0.11031765225751361,0.9995021269057137,1.0,0.14285714285714285
2020,ReFAM_sta4_j5_k4_const0,0.1010999977588653,resnet34,cifar,resnet34cifar,2,YES,NO,1.0,0.43316970547474076,1.0,1.0,0.5699861416819112,0.09398844014186934,0.07738852999896402,0.09398844014186934,0.07738852999896402,1.0,0.17489012498283205,1.0,0.8427299703264095,0.14285714285714285
2021,ReFAM_new2_sta3_j1_k3,0.2628999948501587,resnet18,cifar,resnet18cifar,2,YES,NO,0.07972756135554075,0.0011814383613991287,0.04243328358725755,0.04246641074856046,0.0015545950807221366,0.006312029443489855,0.006430168058816196,0.006312029443489855,0.006430168058816196,0.04060406186414293,0.045468999122194154,0.8272431270095645,0.02225519287833828,0.2857142857142857
2022,mul8_467,0.1134999990463256,resnet18,mnist,resnet18mnist,2,NO,NO,0.5474770313735094,0.11427509073191858,0.33234465750495423,0.3322936660268714,0.11891602324448124,0.020799794748377048,0.010819960562104151,0.020799794748377048,0.010819960562104151,0.33381427310680184,0.061063488651224455,0.9642050626261227,0.49851632047477745,0.2857142857142857
2023,ReFAM_sta1_j2_k4_const1,0.9114999771118164,vgg16,mnist,vgg16mnist,2,NO,YES,0.11092530275553497,0.018196061447532674,0.12735750467969012,0.1273992322456814,0.008266115272283697,1.0,1.0,1.0,1.0,0.11109991642086975,1.0,0.9942831136514969,0.09050445103857567,1.0
2024,mul8_461,0.1000000014901161,vgg16,cifar,vgg16cifar,2,NO,NO,1.0,1.0,1.0,1.0,1.0,0.07353735633741487,0.0565686221143699,0.07353735633741487,0.0565686221143699,1.0,0.14710936147089207,1.0,1.0,1.0
2025,ReFAM_sta1_j2_k3_const1,0.157600000500679,resnet18,cifar,resnet18cifar,2,NO,YES,0.055462651377767486,0.0043372481084248335,0.062381539186701994,0.06238003838771593,0.0019891896529061364,1.0,1.0,1.0,1.0,0.05444242693087249,1.0,0.9704198220689122,0.04302670623145401,1.0
2026,ReFAM_new2_sta1_j3_k1,0.7081000208854675,vgg16,cifar,vgg16cifar,0,NO,NO,0.015598870699997104,0.0008781175961073039,0.016604328360231214,0.016554702495201537,0.0009009108958362786,0.0020263177389076496,0.0013889303480403088,0.0020263177389076496,0.0013889303480403088,0.023285955765030886,0.021064354514131477,0.3261252033745411,0.017804154302670624,0.2857142857142857
2027,mul8_181,0.9670000076293944,vgg16,mnist,vgg16mnist,0,NO,NO,0.4954807957068525,0.09212222582987287,0.29719716501977805,0.29726487523992323,0.09809476642790599,0.020738363804888096,0.011306349571468456,0.020738363804888096,0.011306349571468456,0.30070078631579444,0.06230107546144521,0.9708861326561987,0.3983679525222552,0.2857142857142857
2028,ReFAM_new2_sta1_j4_k2,0.3709000051021576,resnet18,cifar,resnet18cifar,2,NO,NO,0.07279472993331983,0.01602106845336662,0.07656440299439948,0.07653550863723609,0.015712514565870167,0.006680615104423569,0.006507428406874064,0.006680615104423569,0.006507428406874064,0.10012009896487549,0.045775783307357445,0.4295300851780431,0.0830860534124629,0.2857142857142857
2029,mul8_096,0.1039000004529953,resnet34,cifar,resnet34cifar,2,NO,NO,1.0,1.0,1.0,1.0,1.0,0.09031794126840442,0.05873015594298889,0.09031794126840442,0.05873015594298889,1.0,0.1555769035548151,1.0,1.0,1.0
2030,ReFAM_new2_sta2_j2_k3,0.1216999962925911,resnet18,mnist,resnet18mnist,2,YES,NO,0.13172379702219777,0.0038341018520877384,0.0701071641876429,0.07005758157389635,0.005045101016683161,0.009605812089971036,0.010345862971749052,0.009605812089971036,0.010345862971749052,0.06964777105125776,0.05784113505669909,0.8073577294543351,0.04451038575667656,0.2857142857142857
2031,ReFAM_new2_sta1_j4_k3,0.7037000060081482,vgg16,cifar,vgg16cifar,0,NO,NO,0.15598870699997106,0.06845018215168268,0.16281466419893387,0.16290786948176586,0.06592127398309464,0.011721566055428779,0.014054359678526716,0.011721566055428779,0.014054359678526716,0.20757109888307454,0.06747684563157234,0.49714104775305495,0.17804154302670624,0.2857142857142857
2032,ReFAM_sta3_j6_k4_const1,0.0979999974370002,vgg16,mnist,vgg16mnist,2,NO,YES,0.5567930235971189,1.0,1.0,1.0,1.0,1.0,1.0,1.0,1.0,1.0,1.0,0.9921388994662882,1.0,1.0
2033,ReFAM_sta1_j3_k6_const0,0.1000000014901161,vgg16,cifar,vgg16cifar,2,YES,NO,1.0,1.0,1.0,1.0,1.0,0.06020503480785665,0.04018591649209925,0.06020503480785665,0.04018591649209925,1.0,0.12339292858721032,0.9167289432261769,1.0,0.14285714285714285
2034,ReFAM_new2_sta4_j4_k2,0.1000000014901161,vgg16,cifar,vgg16cifar,2,NO,NO,1.0,1.0,1.0,1.0,1.0,1.0,1.0,1.0,1.0,1.0,1.0,1.0,1.0,0.2857142857142857
2035,mul8_038,0.4408999979496002,vgg16,mnist,vgg16mnist,2,NO,NO,0.7394839675881535,0.11993654890072097,0.4034258574231635,0.4033109404990403,0.14815256163939206,0.025379110226987335,0.012918281378675792,0.025379110226987335,0.012918281378675792,0.39033400654958134,0.06736861276819357,0.975205105388229,0.4873887240356083,0.14285714285714285
2036,ReFAM_new_sta3_j4_k4,0.1168999969959259,resnet34,mnist,resnet34mnist,2,NO,NO,0.20711833873885044,0.05960352552671133,0.177992057168245,0.17802303262955857,0.054386829603867926,0.009228192466759535,0.002024572302516405,0.009228192466759535,0.002024572302516405,0.202057061868049,0.026471519081827034,0.5785794428301184,0.22551928783382788,0.06762471428571429
2037,mul8_465,0.1004000008106231,resnet34,cifar,resnet34cifar,2,NO,NO,1.0,0.5183351829796449,0.577167066316861,0.5772552783109406,0.6397082353893617,0.03287549212509508,0.02133790339998209,0.03287549212509508,0.02133790339998209,0.6774563939512627,0.08665197685458877,0.978498805715461,0.973293768545994,0.42857142857142855
2038,mul8_375,0.2865999937057495,resnet18,mnist,resnet18mnist,2,YES,NO,0.09705963991109309,0.003209945736631595,0.051657910454052665,0.051583493282149714,0.00422380550233939,0.004404056610421217,0.0015416951271547297,0.004404056610421217,0.0015416951271547297,0.057295065297137855,0.02241913139021754,0.44543860685130393,0.02373887240356083,0.14285714285714285
2039,ReFAM_sta3_j2_k7_const0,0.1134999990463256,resnet18,mnist,resnet18mnist,2,YES,NO,1.0,0.7987605545308639,1.0,1.0,1.0,0.1171939790448211,0.09424708912859107,0.1171939790448211,0.09424708912859107,1.0,0.19819601941921497,1.0,1.0,0.14285714285714285
2040,ReFAM_sta1_j2_k1_const1,0.9878000020980836,vgg16,mnist,vgg16mnist,0,NO,YES,0.013865662844441871,0.0001846992586553894,0.013145093285183046,0.013195777351247601,9.735861626212527e-05,1.0,1.0,1.0,1.0,0.011642979235984173,1.0,0.8272431270095645,0.00741839762611276,1.0
2041,mul8_284,0.101000003516674,vgg16,mnist,vgg16mnist,2,NO,NO,1.0,1.0,1.0,1.0,1.0,0.09031794126840442,0.05873015594298889,0.09031794126840442,0.05873015594298889,1.0,0.1555769035548151,1.0,1.0,1.0
2042,ReFAM_sta2_j1_k6_const1,0.1079000011086463,resnet18,mnist,resnet18mnist,2,NO,YES,0.039863780677770376,0.05441224237637887,0.19803940739934334,0.197936660268714,0.023870069941116526,1.0,1.0,1.0,1.0,0.17760377451461098,1.0,1.0,0.13649851632047477,1.0
2043,mul8_394,0.0099999997764825,resnet34,cifar100,resnet34cifar100,2,NO,NO,0.4530713694576511,0.09726547370901586,0.29013253250190274,0.2900671785028791,0.09594225911144641,0.019245953236597665,0.008242274404173465,0.019245953236597665,0.008242274404173465,0.29537575038099667,0.05355809940106172,0.7781033580471157,0.4035608308605341,0.5079365714285714
2044,mul8_103,0.0116999996826052,resnet34,cifar100,resnet34cifar100,2,NO,NO,0.09267246099313463,1.0,0.40756241626068224,0.4076295585412668,1.0,1.0,1.0,1.0,1.0,0.8408971170788536,1.0,0.751957384506678,1.0,1.0
2045,ReFAM_sta1_j2_k4_const1,0.1009000018239021,resnet34,mnist,resnet34mnist,2,NO,YES,0.11092530275553497,0.018196061447532674,0.12735750467969012,0.1273992322456814,0.008266115272283697,1.0,1.0,1.0,1.0,0.11109991642086975,1.0,0.9942831136514969,0.09050445103857567,1.0
2046,mul8_339,0.1134999990463256,resnet18,mnist,resnet18mnist,2,NO,NO,0.7467959347623614,1.0,1.0,1.0,1.0,1.0,1.0,1.0,1.0,1.0,1.0,0.9514039206742565,1.0,1.0
2047,ReFAM_new_sta1_j1_k3,0.992900013923645,resnet34,mnist,resnet34mnist,0,NO,NO,0.008232737313887361,0.00018265921076096093,0.006341930970921644,0.006238003838771593,0.00021447374753878412,0.0005140324536060866,4.389792503287955e-05,0.0005140324536060866,4.389792503287955e-05,0.01074282508158053,0.003750828541230003,0.2465825950082368,0.013353115727002967,0.052478142857142855
2048,mul8_248,0.6996999979019165,resnet34,cifar100,resnet34cifar100,0,NO,NO,0.0,0.0,0.0,0.0,0.0,0.0,0.0,0.0,0.0,0.0,0.0,0.0,0.0,0.0
2049,ReFAM_sta4_j3_k7_const1,0.1000000014901161,resnet34,cifar,resnet34cifar,2,NO,YES,1.0,1.0,1.0,1.0,1.0,1.0,1.0,1.0,1.0,1.0,1.0,1.0,1.0,1.0
2050,ReFAM_new2_sta1_j3_k3,0.9876999855041504,vgg16,mnist,vgg16mnist,0,NO,NO,0.07799435349998553,0.01711254553792067,0.08140733209946693,0.08133397312859886,0.016480318499963943,0.007392491331913193,0.007680380963752606,0.007392491331913193,0.007680380963752606,0.10378554944153727,0.04974083827472337,0.49714104775305495,0.08902077151335312,0.2857142857142857
2051,ReFAM_sta2_j4_k2_const1,0.1085999980568885,resnet18,mnist,resnet18mnist,2,NO,YES,0.06586189851109889,0.009626652739917968,0.08740333956288375,0.08733205374280231,0.004775286064351547,1.0,1.0,1.0,1.0,0.0787341967400899,1.0,0.8988319836119318,0.04154302670623145,1.0
2052,ReFAM_sta1_j5_k5_const1,0.1000000014901161,resnet34,cifar,resnet34cifar,2,NO,YES,1.0,1.0,1.0,1.0,1.0,1.0,1.0,1.0,1.0,1.0,1.0,1.0,1.0,1.0
2053,ReFAM_new_sta1_j6_k1,0.0472000017762184,resnet34,cifar100,resnet34cifar100,2,NO,NO,0.058929067088877955,0.0106966346521285,0.04796805970733462,0.047984644913627646,0.012453521778722885,0.0019874717011131647,0.0002335369611749192,0.0019874717011131647,0.0002335369611749192,0.08174771922721083,0.00875044039578892,0.23067407333497592,0.09495548961424333,0.04664728571428572
2054,ReFAM_new1_sta4_j4_k5,0.1000000014901161,vgg16,cifar,vgg16cifar,2,NO,YES,1.0,1.0,1.0,1.0,1.0,1.0,1.0,1.0,1.0,1.0,1.0,1.0,1.0,1.0
2055,mul8_314,0.7081000208854675,vgg16,cifar,vgg16cifar,0,NO,NO,0.0,0.0,0.0,0.0,0.0,0.0,0.0,0.0,0.0,0.0,0.0,0.0,0.0,0.0
2056,mul8_169,0.1050999984145164,resnet18,cifar,resnet18cifar,2,NO,NO,0.662410377295016,0.12450259761037373,0.3804544886576792,0.3805182341650672,0.13864927699110133,0.025980772114687956,0.015215020816396052,0.025980772114687956,0.015215020816396052,0.372175907981061,0.07272128768742946,0.9755777465999035,0.4755192878338279,0.2380952857142857
2057,mul8_363,0.0113000003620982,resnet34,cifar100,resnet34cifar100,2,NO,NO,0.2035435975367678,1.0,1.0,1.0,1.0,0.046160837050808805,0.02557317520715431,0.046160837050808805,0.02557317520715431,1.0,0.09782160835527848,0.8983962173862579,1.0,0.14285714285714285
2058,mul8_277,0.1134999990463256,resnet18,mnist,resnet18mnist,2,NO,NO,0.4618051078342652,0.09749355976613253,0.2945718841815479,0.2946257197696737,0.09583327440349455,0.020148446068148595,0.00893586161969296,0.020148446068148595,0.00893586161969296,0.2976511099719897,0.05578844282020506,0.8699349812355806,0.4035608308605341,0.5079365714285714
2059,ReFAM_sta1_j4_k1_const1,0.1035000011324882,resnet34,cifar,resnet34cifar,2,NO,YES,0.041596988533325614,0.003311848775889741,0.051657910454052665,0.051583493282149714,0.0016761132945791232,1.0,1.0,1.0,1.0,0.046571914236999225,1.0,0.8033808535723667,0.03560830860534125,1.0
2060,ReFAM_new2_sta2_j2_k5,0.1000000014901161,resnet18,cifar,resnet18cifar,2,NO,NO,0.35010798682215727,0.06878136702927165,0.23326775189408158,0.23320537428023033,0.0662632894766428,0.026871520795277767,0.040236838085137394,0.026871520795277767,0.040236838085137394,0.2413580500580355,0.11515454160023407,0.8727318266139131,0.18694362017804153,0.2857142857142857
2061,ReFAM_sta3_j8_k2_const0,0.1134999990463256,resnet34,mnist,resnet34mnist,2,YES,NO,1.0,1.0,1.0,1.0,1.0,0.15618004325461138,0.09700914657165985,0.15618004325461138,0.09700914657165985,1.0,0.21779288559263835,0.991734695747614,1.0,0.14285714285714285
2062,ReFAM_sta1_j4_k4_const1,0.1000000014901161,resnet18,cifar,resnet18cifar,2,NO,YES,0.429835548177698,0.29434692889715436,0.508507556032081,0.5083973128598848,0.13341383871087192,1.0,1.0,1.0,1.0,0.44439966297654154,1.0,0.9912999476673271,0.36795252225519287,1.0
2063,ReFAM_new2_sta3_j2_k3,0.1134999990463256,resnet18,mnist,resnet18mnist,2,NO,NO,0.1542554991444158,0.004852336127174993,0.08256041045781631,0.08253358925143954,0.0062914483868241056,0.011926636999134545,0.01457059927691338,0.011926636999134545,0.01457059927691338,0.08011803189329413,0.06870472880576604,0.8431516486828253,0.04451038575667656,0.2857142857142857
2064,mul8_136,0.955299973487854,vgg16,mnist,vgg16mnist,1,NO,NO,0.2741718176506436,0.2557517218811301,0.2908207745327328,0.2907869481765835,0.2586238473407822,0.013441632473119445,0.013899838982410978,0.013441632473119445,0.013899838982410978,0.3982235300652194,0.06733576969240966,0.31436460600827953,0.47477744807121663,0.5626374285714285
2065,mul8_495,0.1000000014901161,vgg16,cifar,vgg16cifar,2,NO,NO,1.0,0.9572565038086261,0.9465782412630459,0.9464971209213051,0.7401164075121125,0.05540619404589613,0.0711058589682583,0.05540619404589613,0.0711058589682583,0.8976558974615771,0.15702946322471234,0.9989278929073956,1.0,1.0
2066,ReFAM_sta2_j1_k3_const1,0.6820999979972839,vgg16,cifar,vgg16cifar,1,NO,YES,0.046796612099991315,0.000499165668866074,0.028942266794569686,0.029030710172744723,0.0003892871346899076,1.0,1.0,1.0,1.0,0.024920001268254336,1.0,0.986328343742173,0.01112759643916914,1.0
2067,ReFAM_sta1_j2_k4_const0,0.1119000017642974,resnet34,mnist,resnet34mnist,2,YES,NO,0.318910245422163,0.018196061447532674,0.1697331343490302,0.1696257197696737,0.023943278413062773,0.01406858945519787,0.007208039290398822,0.01406858945519787,0.007208039290398822,0.16115942722275345,0.04921833479634307,0.8650254841790388,0.13649851632047477,0.14285714285714285
2068,ReFAM_new2_sta4_j7_k2,0.1019999980926513,resnet34,mnist,resnet34mnist,2,NO,NO,1.0,1.0,1.0,1.0,1.0,1.0,1.0,1.0,1.0,1.0,1.0,1.0,1.0,0.2857142857142857
2069,mul8_327,0.1018000021576881,resnet18,cifar,resnet18cifar,2,NO,NO,1.0,1.0,1.0,1.0,1.0,0.09031794126840442,0.05873015594298889,0.09031794126840442,0.05873015594298889,1.0,0.1555769035548151,1.0,1.0,1.0
2070,mul8_406,0.1134999990463256,resnet34,mnist,resnet34mnist,2,NO,NO,0.553814076061799,0.10864468582019209,0.33999168499513927,0.33997120921305185,0.10761154338595087,0.024879532113025706,0.014992019357229023,0.024879532113025706,0.014992019357229023,0.3305404894108816,0.07196888267856183,0.9769451158547636,0.39243323442136496,0.14285714285714285
2071,mul8_162,0.1107999980449676,resnet18,mnist,resnet18mnist,2,NO,NO,0.2562439523611598,1.0,1.0,1.0,1.0,0.08255686427555751,0.046591501712897034,0.08255686427555751,0.046591501712897034,1.0,0.139416617402053,1.0,1.0,0.42857142857142855
2072,mul8_163,0.1000000014901161,vgg16,cifar,vgg16cifar,2,NO,NO,1.0,0.7046280654981785,0.9559904675215056,0.9558541266794626,0.7749995295489396,0.04952056762191783,0.034986646251205,0.04952056762191783,0.034986646251205,0.9114130354560163,0.11302944531030736,1.0,1.0,0.6190475714285714
2073,mul8_054,0.0116999996826052,resnet34,cifar100,resnet34cifar100,2,NO,NO,0.6893834245470942,0.4138723771940998,0.5683863284948961,0.5683781190019194,0.31260880633911775,0.04025443251359159,0.032703954149495264,0.04025443251359159,0.032703954149495264,0.5572563357894631,0.10716098481455605,0.9960221059726445,0.7989614243323442,0.29017857142857145
2074,ReFAM_sta3_j3_k4_const1,0.124899998307228,vgg16,cifar,vgg16cifar,2,NO,YES,0.11612492632220067,0.041059759763584947,0.17843527097038855,0.17850287907869483,0.019534518853767592,1.0,1.0,1.0,1.0,0.16023606378658825,1.0,0.9908030927184278,0.13353115727002968,1.0
2075,mul8_276,0.6542999744415283,vgg16,cifar,vgg16cifar,1,YES,NO,0.07387798484304184,0.002972192711385117,0.0393199720197142,0.03934740882917467,0.003910958302222012,0.003006502646047551,0.0006479333734853022,0.003006502646047551,0.0006479333734853022,0.05041671014797747,0.014560679075377845,0.5846384260286832,0.057863501483679525,0.14285714285714285
2076,ReFAM_new2_sta3_j4_k5,0.1009000018239021,resnet34,mnist,resnet34mnist,2,NO,NO,1.0,1.0,0.9387481159991073,0.9388195777351247,1.0,0.11177360167814883,0.24096800192448503,0.11177360167814883,0.24096800192448503,1.0,0.29153006932874725,0.8450311450673911,0.7477744807121661,0.2857142857142857
2077,mul8_440,0.1134999990463256,resnet18,mnist,resnet18mnist,2,NO,NO,1.0,0.6321583277711258,0.7183261514570379,0.7183301343570058,0.6797488926925509,1.0,1.0,1.0,1.0,0.758202960480589,1.0,0.9850699160437314,1.0,1.0
2078,ReFAM_sta1_j3_k5_const1,0.1000000014901161,vgg16,cifar,vgg16cifar,2,NO,YES,0.43676837959991893,0.29940386722033985,0.5138693703984056,0.513915547024952,0.1354146293808129,1.0,1.0,1.0,1.0,0.4486825388179094,1.0,1.0,0.37388724035608306,1.0
2079,mul8_334,0.1134999990463256,resnet18,mnist,resnet18mnist,2,NO,NO,1.0,0.74585919388327,0.8851968619501972,0.8850767754318618,0.8606227605057118,0.048418424224027805,0.03330798959794769,0.048418424224027805,0.03330798959794769,0.8932834653013617,0.11031466652335142,0.9995021269057137,1.0,0.14285714285714285
2080,ReFAM_sta3_j5_k4_const0,0.1000000014901161,vgg16,cifar,vgg16cifar,2,YES,NO,1.0,0.7866265297429496,1.0,1.0,1.0,0.11344398130331165,0.0866966460229358,0.11344398130331165,0.0866966460229358,1.0,0.19051297898640296,1.0,1.0,0.14285714285714285
2081,mul8_117,0.0939999967813491,resnet18,cifar,resnet18cifar,2,NO,NO,0.32990528622225723,1.0,1.0,1.0,1.0,0.07343707935613143,0.03612974821906118,0.07343707935613143,0.03612974821906118,1.0,0.12306972286415506,1.0,1.0,0.42857142857142855
2082,ReFAM_new_sta3_j3_k3,0.8773000240325928,resnet34,cifar,resnet34cifar,1,NO,NO,0.01689877659166353,0.002369992026087178,0.02656404360293676,0.02663147792706334,0.002349428939666606,0.0019450120784075652,0.00034240381525646045,0.0019450120784075652,0.00034240381525646045,0.037508424429245416,0.010555316696822583,0.33606739307946215,0.03857566765578635,0.063492
2083,mul8_068,0.1009000018239021,vgg16,cifar,vgg16cifar,2,NO,NO,0.7210144679109773,0.1673550429266553,0.43124984115192533,0.43114203454894434,0.1725508707030275,0.028066714004628998,0.020459944899324498,0.028066714004628998,0.020459944899324498,0.4189581512585165,0.08384538674214602,0.9775356401792751,0.4755192878338279,1.0
2084,mul8_423,0.100500002503395,resnet34,cifar,resnet34cifar,2,NO,NO,1.0,0.6571910108781495,0.9360091065811618,0.9359404990403072,0.7496314381947604,0.05139692158701421,0.03823860453764072,0.05139692158701421,0.03823860453764072,0.8940006737946302,0.11805518233878527,0.9962094447238687,0.9310089020771514,0.14285714285714285
2085,ReFAM_new1_sta4_j3_k1,0.1009000018239021,resnet34,mnist,resnet34mnist,2,NO,YES,1.0,1.0,1.0,1.0,1.0,1.0,1.0,1.0,1.0,1.0,1.0,1.0,1.0,1.0
2086,ReFAM_new2_sta2_j1_k4,0.0104999998584389,resnet34,cifar100,resnet34cifar100,2,YES,NO,0.13519021273330825,0.0038309173821109216,0.07195208956100194,0.07197696737044146,0.005040910733446713,0.009926517750832479,0.011035938353265919,0.009926517750832479,0.011035938353265919,0.07064017763421673,0.05974304771800338,0.8431516486828253,0.04599406528189911,0.2857142857142857
2087,ReFAM_new1_sta3_j5_k1,0.0995000004768371,resnet18,cifar,resnet18cifar,2,NO,YES,0.2296500408610685,0.014734343553358979,0.12395592352255941,0.12404030710172745,0.018863984031486015,1.0,1.0,1.0,1.0,0.12851540188808183,1.0,0.6070091164737961,0.0712166172106825,1.0
2088,mul8_330,0.7930999994277954,vgg16,mnist,vgg16mnist,2,NO,NO,0.5303616037999016,0.08571160166101954,0.29984902016308607,0.29990403071017274,0.10018833115874236,0.02000570946415956,0.009820843788355812,0.02000570946415956,0.009820843788355812,0.30362530199237175,0.05822032329529508,0.9643302945087346,0.38427299703264095,0.17857142857142858
2089,mul8_143,0.788100004196167,vgg16,mnist,vgg16mnist,2,NO,NO,0.4864258869817726,0.07012510490917892,0.2793751231856672,0.2792706333973129,0.07869952053766333,0.020811538899338167,0.012421356867303597,0.020811538899338167,0.012421356867303597,0.27642643294217933,0.06509199046953655,0.9738682804949816,0.28857566765578635,0.4375
2090,ReFAM_sta3_j5_k2_const1,0.6773999929428101,vgg16,mnist,vgg16mnist,2,NO,YES,0.08146076921109599,0.03859498000152854,0.1680899995333077,0.16818618042226488,0.018316070741398714,1.0,1.0,1.0,1.0,0.15235994502524028,1.0,0.8970919731453972,0.13056379821958458,1.0
2091,ReFAM_new1_sta3_j4_k4,0.0979999974370002,vgg16,mnist,vgg16mnist,2,NO,YES,0.9030012927442769,0.26292178304842945,0.5238867395590286,0.5237523992322457,0.2924406463638077,1.0,1.0,1.0,1.0,0.5249365257679642,1.0,0.8952888376648632,0.36795252225519287,1.0
2092,ReFAM_new2_sta2_j1_k1,0.979099988937378,resnet18,mnist,resnet18mnist,0,YES,NO,0.013865662844441871,6.368939953634117e-05,0.007379701493436096,0.007437619961612285,8.380566472895615e-05,0.0011988067942623499,0.0007743593975799951,0.0011988067942623499,0.0007743593975799951,0.008120812372828586,0.01571242602843613,0.5090726935443474,0.004451038575667656,0.2857142857142857
2093,mul8_430,0.1142000034451484,resnet18,mnist,resnet18mnist,2,NO,NO,0.3879677493833576,1.0,1.0,1.0,1.0,0.07342443180894254,0.03728338568892525,0.07342443180894254,0.03728338568892525,1.0,0.12454243623964696,1.0,1.0,0.44642857142857145
2094,ReFAM_sta1_j2_k6_const1,0.1000000014901161,vgg16,cifar,vgg16cifar,2,NO,YES,0.4437012110221399,0.3010788984281456,0.5167088249333783,0.5167946257197698,0.13614490056245174,1.0,1.0,1.0,1.0,0.45078840081305677,1.0,1.0,0.37537091988130566,1.0
2095,ReFAM_sta1_j3_k4_const1,0.1115999966859817,vgg16,cifar,vgg16cifar,2,NO,YES,0.214917774088849,0.07358673222428859,0.2542537780160405,0.2543186180422265,0.03335345967771798,1.0,1.0,1.0,1.0,0.22219983013480202,1.0,0.9912999476673271,0.18397626112759644,1.0
2096,ReFAM_sta4_j4_k6_const1,0.1009000018239021,resnet34,mnist,resnet34mnist,2,NO,YES,1.0,1.0,1.0,1.0,1.0,1.0,1.0,1.0,1.0,1.0,1.0,1.0,1.0,1.0
2097,mul8_116,0.8967999815940857,resnet34,cifar,resnet34cifar,1,NO,NO,0.011726232664533024,0.0041471562046213025,0.049867034014431565,0.04990403071017274,0.002443635373461281,0.005760054348317062,0.0032203517804120434,0.005760054348317062,0.0032203517804120434,0.04905740796895156,0.03231907943844312,0.7580163677052428,0.05341246290801187,0.2857142857142857
2098,ReFAM_sta2_j3_k5_const0,0.1005999967455864,resnet34,cifar,resnet34cifar,2,YES,NO,1.0,0.24491042085955214,1.0,1.0,0.3222652555779189,0.0653417457590064,0.0449110891426384,0.0653417457590064,0.0449110891426384,0.8463974894735932,0.13101700077031941,0.9979494551904035,0.5133531157270029,0.14285714285714285
2099,ReFAM_new1_sta1_j6_k2,0.1000000014901161,vgg16,cifar,vgg16cifar,2,NO,YES,1.0,0.4503604820013757,0.7232107463567373,0.7231285988483686,0.5039067008822675,1.0,1.0,1.0,1.0,0.7083698985317217,1.0,0.7198603511787068,0.3323442136498516,1.0
2100,ReFAM_sta3_j3_k5_const0,0.1134999990463256,resnet18,mnist,resnet18mnist,2,YES,NO,1.0,0.1853743662904746,0.9040134329459217,0.9040307101727448,0.24392476776009978,0.0658467442503347,0.052120884350038546,0.0658467442503347,0.052120884350038546,0.739236816718535,0.13963681529651326,0.9980421064206284,0.5103857566765578,0.14285714285714285
2101,mul8_376,0.101000003516674,resnet34,mnist,resnet34mnist,2,NO,NO,0.3793017101055814,1.0,1.0,1.0,1.0,0.07309559558203108,0.03666705882146363,0.07309559558203108,0.03666705882146363,1.0,0.12362208368415709,1.0,1.0,0.44642857142857145
2102,ReFAM_sta3_j6_k4_const0,0.1134999990463256,resnet18,mnist,resnet18mnist,2,YES,NO,1.0,1.0,1.0,1.0,1.0,0.1826197406530109,0.131528718900515,0.1826197406530109,0.131528718900515,1.0,0.25397401216985244,1.0,1.0,0.14285714285714285
2103,mul8_120,0.1518000066280365,vgg16,mnist,vgg16mnist,2,NO,NO,0.6083559572998871,0.5037498129187578,0.6147708223369632,0.6146833013435701,0.3266429839611843,0.0419898566671545,0.02924830949090699,0.0419898566671545,0.02924830949090699,0.5883928514123672,0.10239351379110609,1.0,0.81973293768546,0.42857142857142855
2104,ReFAM_new2_sta3_j5_k4,0.0099999997764825,resnet34,cifar100,resnet34cifar100,2,NO,NO,1.0,1.0,0.9174143657224791,0.9174664107485605,1.0,0.10847259186184541,0.22875384326333664,0.10847259186184541,0.22875384326333664,1.0,0.2839328687530977,0.7541942499221119,0.7359050445103857,0.2857142857142857
2105,ReFAM_sta4_j6_k4_const0,0.1000000014901161,resnet18,cifar,resnet18cifar,2,YES,NO,1.0,1.0,1.0,1.0,1.0,0.1570120711803956,0.12245413983771815,0.1570120711803956,0.12245413983771815,1.0,0.23597824594089442,1.0,1.0,0.14285714285714285
2106,mul8_232,0.1000000014901161,vgg16,cifar,vgg16cifar,2,NO,NO,0.7385428842524069,0.2360322949328714,0.4756680209107679,0.47576775431861806,0.22224914118837283,0.033822251371807166,0.022997244966224937,0.033822251371807166,0.022997244966224937,0.4679028450586707,0.08987806261681686,0.9908651995870402,0.6283382789317508,0.14285714285714285
2107,ReFAM_sta4_j2_k3_const1,0.973900020122528,vgg16,mnist,vgg16mnist,0,NO,YES,0.10052605562220357,0.0012769724607036405,0.0550018376932659,0.05494241842610365,0.0014800702396777277,1.0,1.0,1.0,1.0,0.04769897200991207,1.0,0.9704198220689122,0.02225519287833828,1.0
2108,mul8_049,0.0105999996885657,resnet34,cifar100,resnet34cifar100,2,NO,NO,1.0,1.0,1.0,1.0,1.0,0.06299743254792065,0.04661608455091545,0.06299743254792065,0.04661608455091545,1.0,0.13229041639048625,1.0,1.0,0.14285714285714285
2109,mul8_210,0.1134999990463256,resnet34,mnist,resnet34mnist,2,NO,NO,0.7478791896720834,0.17545454328331592,0.42786729224494624,0.4277831094049904,0.2005472696994567,1.0,1.0,1.0,1.0,0.43151036913101204,1.0,0.9761061640558024,0.4495548961424332,1.0
2110,mul8_219,0.1134999990463256,resnet18,mnist,resnet18mnist,2,NO,NO,1.0,1.0,1.0,1.0,1.0,0.06269931179275366,0.0464598079377984,0.06269931179275366,0.0464598079377984,1.0,0.13200751807862035,1.0,1.0,0.14285714285714285
2111,ReFAM_sta1_j8_k1_const1,0.0979999974370002,vgg16,mnist,vgg16mnist,2,NO,YES,0.6655518165332098,0.795658930527603,0.8080773135312525,0.8080614203454894,0.3975573123412222,1.0,1.0,1.0,1.0,0.7247316355062478,1.0,0.8192893752456275,0.56973293768546,1.0
2112,mul8_369,0.1070000007748603,resnet34,cifar,resnet34cifar,2,NO,NO,0.8154742960387376,0.49852379913637174,0.6567381441922236,0.6566698656429942,0.3569129749947487,0.04546070497428031,0.03391904871440537,0.04546070497428031,0.03391904871440537,0.6230235766483647,0.110333327361865,1.0,0.7640949554896143,0.2857142857142857
2113,mul8_109,0.5623999834060669,resnet34,cifar100,resnet34cifar100,2,NO,NO,0.012565756952775446,0.07332834234326038,0.013721632464357739,0.013675623800383879,0.09631233435061459,0.0006097924537506301,0.0007164141365365942,0.0006097924537506301,0.0007164141365365942,0.20544210881428943,0.015086168287920317,0.003045272852782286,1.0,0.14271771428571428
2114,ReFAM_new2_sta1_j2_k5,0.7023000121116638,vgg16,cifar,vgg16cifar,0,NO,NO,0.16638795413330246,0.07166331235829108,0.16987727098874925,0.16986564299424184,0.06842572831749016,0.012833646811824372,0.01638094970526933,0.012833646811824372,0.01638094970526933,0.21317884465900763,0.07286982796199758,0.5717120521942051,0.18694362017804153,0.2857142857142857
2115,ReFAM_sta2_j5_k1_const0,0.1154000014066696,vgg16,cifar,vgg16cifar,2,YES,NO,0.28424608831105835,0.008699971976664203,0.15128388061543996,0.1513915547024952,0.01144785380197541,0.013540102661947323,0.006033330816518964,0.013540102661947323,0.006033330816518964,0.1316139601084961,0.04516370780411195,0.8849118998796552,0.0712166172106825,0.14285714285714285
2116,mul8_364,0.9890999794006348,vgg16,mnist,vgg16mnist,0,NO,NO,0.0,0.0,0.0,0.0,0.0,0.0,0.0,0.0,0.0,0.0,0.0,0.0,0.0,0.0
2117,mul8_400,0.6978999972343445,resnet34,cifar100,resnet34cifar100,0,YES,NO,0.001733207855555234,0.0008144281965709627,0.000922462686679512,0.0009596928982725527,0.001071664937721527,5.691396235005881e-05,3.1606506023673276e-05,5.691396235005881e-05,3.1606506023673276e-05,0.021655499660876227,0.0031544281423359186,0.0009947280431856548,0.18991097922848665,0.07128928571428571
2118,ReFAM_sta4_j1_k7_const1,0.0961999967694282,resnet18,mnist,resnet18mnist,2,NO,YES,0.5494268902110091,0.10106472753674878,0.3614531299365591,0.3613243761996161,0.07741691104303383,1.0,1.0,1.0,1.0,0.3227363129263445,1.0,1.0,0.1913946587537092,1.0
2119,ReFAM_new_sta2_j2_k4,0.900600016117096,resnet34,cifar,resnet34cifar,1,NO,NO,0.018198682483329957,0.002408852508088554,0.029057574630404627,0.029030710172744723,0.002245729922033747,0.0016252098137739014,0.00010535502007891092,0.0016252098137739014,0.00010535502007891092,0.0378971244065334,0.005919964410048787,0.3827992482014462,0.02373887240356083,0.040816285714285715
2120,ReFAM_new1_sta1_j3_k2,0.1000000014901161,resnet34,cifar,resnet34cifar,2,NO,YES,0.15772191485552628,0.007036882531271495,0.09040134329459217,0.0904510556621881,0.00787354220128543,1.0,1.0,1.0,1.0,0.08854623596299646,1.0,0.7198603511787068,0.04154302670623145,1.0
2121,mul8_044,0.1298999935388565,vgg16,mnist,vgg16mnist,2,NO,NO,0.03396004488620107,1.0,1.0,1.0,1.0,0.08037064540433304,0.045090192676772556,0.08037064540433304,0.045090192676772556,1.0,0.13681007147847585,1.0,1.0,0.42857142857142855
2122,ReFAM_new2_sta2_j2_k2,0.1182999983429908,resnet18,mnist,resnet18mnist,2,YES,NO,0.07106152207776459,0.0010309721549945227,0.03782097015385999,0.03790786948176583,0.0013566041977999778,0.005466450574288981,0.0048902288486627815,0.005466450574288981,0.0048902288486627815,0.03691770570949603,0.03964756393949708,0.7477005186432601,0.020771513353115726,0.2857142857142857
2123,ReFAM_sta2_j8_k2_const1,0.1027999967336654,resnet18,mnist,resnet18mnist,2,NO,YES,0.0,1.0,1.0,1.0,1.0,1.0,1.0,1.0,1.0,1.0,1.0,0.9034299281800244,0.9495548961424333,1.0
2124,ReFAM_new2_sta4_j1_k4,0.100100003182888,resnet34,cifar,resnet34cifar,2,NO,NO,1.0,1.0,1.0,1.0,1.0,1.0,1.0,1.0,1.0,1.0,1.0,1.0,1.0,0.2857142857142857
2125,mul8_155,0.1011999994516372,resnet18,cifar,resnet18cifar,2,NO,NO,0.6453220293609432,0.5097474773647874,0.6291750661199115,0.6290786948176584,0.3286375344780907,0.044373015916034736,0.0318523344038574,0.044373015916034736,0.0318523344038574,0.5972616880544818,0.1070102052393663,1.0,0.8100890207715133,0.2857142857142857
2126,mul8_494,0.0099999997764825,resnet34,cifar100,resnet34cifar100,2,NO,NO,0.8942269279755285,0.13433029489465773,0.4797832929993288,0.47984644913627644,0.17222845207470258,0.0312873215566601,0.0174871774160979,0.0312873215566601,0.0174871774160979,0.4462975915708826,0.07884950705528983,0.9894357234635678,0.4992581602373887,0.14285714285714285
2127,ReFAM_sta4_j2_k5_const0,0.1018999963998794,resnet34,cifar,resnet34cifar,2,YES,NO,0.5511600980665644,0.023517310778793977,0.29334313436408477,0.293426103646833,0.03094524170116706,0.029291719289496934,0.02232121692071859,0.029291719289496934,0.02232121692071859,0.24462238924916616,0.08757009010945702,0.9821030403857549,0.1661721068249258,0.14285714285714285
2128,ReFAM_new_sta2_j3_k6,0.1134999990463256,resnet18,mnist,resnet18mnist,2,NO,NO,0.5884240669610019,0.3612874732504522,0.4859783863597848,0.4858445297504798,0.30539324319542427,0.015570033985766087,0.0017260664122928236,0.015570033985766087,0.0017260664122928236,0.5105071631669272,0.02670963138126034,0.7302230349284956,0.516320474777448,0.04686314285714286
2129,ReFAM_sta4_j1_k2_const0,0.8885999917984009,resnet18,cifar,resnet18cifar,1,YES,NO,0.019065286411107572,7.244669197258808e-05,0.01014708955347463,0.010076775431861805,9.532894362918763e-05,0.0015402905683627025,0.0006110591164576833,0.0015402905683627025,0.0006110591164576833,0.009853401227258852,0.01399115028394332,0.6999749536234776,0.0051928783382789315,0.14285714285714285
2130,mul8_048,0.1002999991178512,vgg16,cifar,vgg16cifar,2,NO,NO,0.8148785093048061,0.3521875820701602,0.5672886532455086,0.5671785028790788,0.29880684050340844,0.03867168232252329,0.028370350990249395,0.03867168232252329,0.028370350990249395,0.5512076434363727,0.10011465219182744,0.9958052410051945,0.706973293768546,0.15178571428571427
2131,mul8_372,0.1049999967217445,vgg16,mnist,vgg16mnist,2,NO,NO,1.0,0.776625920974193,0.9454194178070839,0.9452975047984645,0.7372008300748149,0.05257585366426543,0.03845107049479986,0.05257585366426543,0.03845107049479986,0.8962876299056917,0.11869189014886869,0.9989126207265893,1.0,0.14285714285714285
2132,ReFAM_new1_sta4_j5_k3,0.1000000014901161,vgg16,cifar,vgg16cifar,2,NO,YES,1.0,1.0,1.0,1.0,1.0,1.0,1.0,1.0,1.0,1.0,1.0,1.0,1.0,1.0
2133,mul8_186,0.73580002784729,vgg16,mnist,vgg16mnist,2,NO,NO,0.5976994397253085,0.15187035352711895,0.38230853534208414,0.3821976967370442,0.14448415649113777,0.02699528607848345,0.01672862127152974,0.02699528607848345,0.01672862127152974,0.37659908168391937,0.07619295008449628,0.9922936575651257,0.5044510385756676,0.28968257142857146
2134,mul8_371,0.0110999997705221,resnet34,cifar100,resnet34cifar100,2,NO,NO,0.9735110307691469,0.28423002343769904,0.5862362988093088,0.5861324376199616,0.2814096751922819,1.0,1.0,1.0,1.0,0.5549661069910155,1.0,0.996441581872125,0.7655786350148368,1.0
2135,ReFAM_new2_sta4_j6_k3,0.1000000014901161,vgg16,cifar,vgg16cifar,2,NO,NO,1.0,1.0,1.0,1.0,1.0,1.0,1.0,1.0,1.0,1.0,1.0,1.0,1.0,0.2857142857142857
2136,mul8_195,0.1000000014901161,vgg16,cifar,vgg16cifar,2,NO,NO,1.0,1.0,1.0,1.0,1.0,0.07571454124636157,0.04996813010642613,0.07571454124636157,0.04996813010642613,1.0,0.14060046099735465,1.0,1.0,0.42857142857142855
2137,ReFAM_new2_sta2_j1_k4,0.1934999972581863,resnet18,cifar,resnet18cifar,2,YES,NO,0.13519021273330825,0.0038309173821109216,0.07195208956100194,0.07197696737044146,0.005040910733446713,0.009926517750832479,0.011035938353265919,0.009926517750832479,0.011035938353265919,0.07064017763421673,0.05974304771800338,0.8431516486828253,0.04599406528189911,0.2857142857142857
2138,mul8_152,0.9861000180244446,vgg16,mnist,vgg16mnist,0,NO,NO,0.32064345327771826,0.2427959327949456,0.2967703895027112,0.29678502879078694,0.24691164893419584,0.01580853058989967,0.008187840977132693,0.01580853058989967,0.008187840977132693,0.39413604367647914,0.05261983244059882,0.7480731598549346,0.39317507418397624,0.2857142857142857
2139,ReFAM_new1_sta1_j7_k2,0.1000000014901161,resnet18,cifar,resnet18cifar,2,NO,YES,1.0,1.0,1.0,1.0,1.0,1.0,1.0,1.0,1.0,1.0,1.0,0.7357688728519678,0.6646884272997032,1.0
2140,mul8_449,0.1059999987483024,vgg16,mnist,vgg16mnist,2,NO,NO,1.0,0.633027501477594,0.6958351569805674,0.6957773512476008,0.6656470634001824,1.0,1.0,1.0,1.0,0.742690414148952,1.0,0.9915331029609704,1.0,1.0
2141,ReFAM_new_sta1_j3_k5,0.6718999743461609,vgg16,cifar,vgg16cifar,1,NO,NO,0.1893529582194093,0.060228228976129214,0.12781873602302987,0.12787907869481768,0.071641726720251,0.004902731328155066,0.0008305487416220811,0.004902731328155066,0.0008305487416220811,0.20028136232766885,0.016727575643574997,0.39572460389053715,0.2789317507418398,0.060421
2142,mul8_311,0.1071999967098236,resnet34,mnist,resnet34mnist,2,NO,NO,1.0,1.0,1.0,1.0,1.0,0.09031794126840442,0.05873015594298889,0.09031794126840442,0.05873015594298889,1.0,0.1555769035548151,1.0,1.0,1.0
2143,mul8_245,0.1134999990463256,resnet18,mnist,resnet18mnist,2,NO,NO,0.5580116836373483,0.1574520361501032,0.3830713234275502,0.3831573896353167,0.13511494506714275,0.02898004759091328,0.019385323694519608,0.02898004759091328,0.019385323694519608,0.37154423059064057,0.08200244233054466,0.9925115406779627,0.4970326409495549,0.22321428571428573
2144,ReFAM_sta2_j5_k1_const1,0.5234000086784363,vgg16,cifar,vgg16cifar,2,NO,YES,0.048529819955546546,0.008699971976664203,0.07933179105443802,0.07941458733205375,0.004521315612127185,1.0,1.0,1.0,1.0,0.07323754367741714,1.0,0.771563810225845,0.03560830860534125,1.0
2145,ReFAM_new1_sta3_j2_k2,0.6129999756813049,vgg16,cifar,vgg16cifar,2,YES,YES,0.09705963991109309,0.0011209334318396046,0.051657910454052665,0.051583493282149714,0.0014749796992296284,1.0,1.0,1.0,1.0,0.04561812211687306,1.0,0.9226942570491296,0.020771513353115726,1.0
2146,mul8_337,0.101000003516674,vgg16,mnist,vgg16mnist,2,NO,NO,1.0,1.0,1.0,1.0,1.0,0.0876836378682017,0.061139274068793326,0.0876836378682017,0.061139274068793326,1.0,0.1569996058830906,1.0,1.0,1.0
2147,mul8_021,0.9236999750137328,resnet18,cifar,resnet18cifar,0,NO,NO,0.0,0.0,0.0,0.0,0.0,0.0,0.0,0.0,0.0,0.0,0.0,0.0,0.0,0.0
2148,ReFAM_new1_sta1_j1_k7,0.1000000014901161,resnet18,cifar,resnet18cifar,2,NO,YES,1.0,0.5146453774233817,0.8247897434488103,0.8248560460652592,0.5683642094367859,1.0,1.0,1.0,1.0,0.7839610539481563,1.0,0.9714145501120978,0.37833827893175076,1.0
2149,mul8_131,0.1000000014901161,vgg16,cifar,vgg16cifar,2,NO,NO,0.30834851351878906,1.0,1.0,1.0,1.0,0.07438203181038797,0.037353622368977865,0.07438203181038797,0.037353622368977865,1.0,0.12501791440497304,1.0,1.0,0.4330357142857143
2150,ReFAM_new2_sta2_j2_k6,0.1000000014901161,resnet18,cifar,resnet18cifar,2,NO,NO,0.459300081722137,0.3006259075739434,0.4337592532970071,0.43378119001919385,0.23752026254807468,0.043921317802145386,0.07496185270314643,0.043921317802145386,0.07496185270314643,0.45287638077935916,0.15843872974925804,0.9011309558959781,0.3768545994065282,0.2857142857142857
2151,ReFAM_sta4_j4_k1_const0,0.9879999756813048,vgg16,mnist,vgg16mnist,0,YES,NO,0.09012680848887217,0.0012100985911904821,0.04796805970733462,0.047984644913627646,0.0015923076298501669,0.005883819631522746,0.002726939103042477,0.005883819631522746,0.002726939103042477,0.04398252824542385,0.02981180917575823,0.7755406861078135,0.02967359050445104,0.14285714285714285
2152,ReFAM_sta4_j7_k2_const0,0.1134999990463256,resnet18,mnist,resnet18mnist,2,YES,NO,1.0,0.4185378620487606,1.0,1.0,0.5507328377812426,0.08241503106779627,0.05973629638474249,0.08241503106779627,0.05973629638474249,1.0,0.15359586893821323,0.985225692287956,0.8071216617210683,0.14285714285714285
2153,mul8_121,0.100100003182888,resnet18,cifar,resnet18cifar,2,NO,NO,0.0075286250889837585,1.0,1.0,1.0,1.0,0.05697539329354776,0.03491992140515502,0.05697539329354776,0.03491992140515502,1.0,0.11531054621020763,0.9835009540022277,1.0,0.32034628571428575
2154,mul8_229,0.0989999994635582,resnet34,mnist,resnet34mnist,2,NO,NO,0.6236840177388694,1.0,1.0,1.0,1.0,0.07748339106035228,0.04103051256973185,0.07748339106035228,0.04103051256973185,1.0,0.13083561741996738,1.0,1.0,0.42857142857142855
2155,ReFAM_new2_sta2_j3_k3,0.6455000042915344,vgg16,cifar,vgg16cifar,2,YES,NO,0.23051664478884612,0.014399377117672535,0.12268753732837509,0.12260076775431861,0.018947413224407874,0.015271009834371333,0.018900690602156617,0.015271009834371333,0.018900690602156617,0.1280012245318838,0.07846285448128841,0.7685806442416752,0.08902077151335312,0.2857142857142857
2156,mul8_376,0.1132000014185905,resnet18,mnist,resnet18mnist,2,NO,NO,0.3793017101055814,1.0,1.0,1.0,1.0,0.07309559558203108,0.03666705882146363,0.07309559558203108,0.03666705882146363,1.0,0.12362208368415709,1.0,1.0,0.44642857142857145
2157,ReFAM_new_sta1_j1_k7,0.1146999970078468,resnet18,mnist,resnet18mnist,2,NO,NO,0.1902195621471869,0.060303462079331516,0.12811421189112557,0.1281190019193858,0.0717623343855607,0.004946094347088444,0.0008428401606312873,0.004946094347088444,0.0008428401606312873,0.20051446212601853,0.016849244310683555,0.40218779080777617,0.28041543026706234,0.06074242857142857
2158,ReFAM_sta1_j3_k1_const0,0.7196000218391418,resnet34,mnist,resnet34mnist,2,YES,NO,0.06239548279998842,0.0008279621939724352,0.03320865672046243,0.033109404990403074,0.00108947364147643,0.003606357741292615,0.0011817321418851174,0.003606357741292615,0.0011817321418851174,0.03270804981941898,0.01959835904050447,0.7477005186432601,0.026706231454005934,0.14285714285714285
2159,ReFAM_sta2_j7_k1_const1,0.296099990606308,vgg16,mnist,vgg16mnist,2,NO,YES,0.2773132568888374,0.207474587929585,0.3880108675845697,0.3879558541266795,0.1144812715258817,1.0,1.0,1.0,1.0,0.3620421329996928,1.0,0.8140693438460238,0.28486646884273,1.0
2160,mul8_106,0.101000003516674,vgg16,mnist,vgg16mnist,2,NO,NO,1.0,1.0,1.0,1.0,1.0,0.08818321598216335,0.0448759708026121,0.08818321598216335,0.0448759708026121,1.0,0.13981595934624366,1.0,1.0,0.36160714285714285
2161,ReFAM_sta3_j3_k6_const1,0.1000000014901161,resnet34,cifar,resnet34cifar,2,NO,YES,0.2448156095971768,0.7973406789799506,0.7534691423243031,0.753358925143954,0.37117831492159414,1.0,1.0,1.0,1.0,0.6839665541743765,1.0,1.0,0.6706231454005934,1.0
2162,mul8_087,0.9890999794006348,vgg16,mnist,vgg16mnist,0,NO,NO,0.0,0.0,0.0,0.0,0.0,0.0,0.0,0.0,0.0,0.0,0.0,0.0,0.0,0.0
2163,mul8_386,0.0109000001102685,resnet34,cifar100,resnet34cifar100,2,NO,NO,0.7879596213317982,0.4949865371563957,0.6505785213669959,0.6506717850287909,0.34678682514165876,0.04540650120061358,0.03392431646540932,0.04540650120061358,0.03392431646540932,0.6159526364337826,0.11032660946000011,1.0,0.7618694362017804,0.2857142857142857
2164,mul8_478,0.1000000014901161,resnet18,cifar,resnet18cifar,2,NO,NO,1.0,0.2686244836318243,0.5906072996937218,0.5906909788867564,0.27277248593520115,0.03619276307349851,0.024586349852415177,0.03619276307349851,0.024586349852415177,0.5540576669010541,0.09324895648591032,0.9945315411259467,0.766320474777448,0.14285714285714285
2165,ReFAM_sta3_j1_k6_const1,0.1023000031709671,resnet18,mnist,resnet18mnist,2,NO,YES,0.12999058916664255,0.04157882836980613,0.18157380635763645,0.1816218809980806,0.020016578356478465,1.0,1.0,1.0,1.0,0.16277114590582653,1.0,1.0,0.13204747774480713,1.0
2166,mul8_036,0.0105999996885657,resnet34,cifar100,resnet34cifar100,2,NO,NO,0.46666621510824674,0.4637403809135608,0.5804745083118906,0.5803742802303263,0.27134405233795145,0.04257887100766622,0.030703964684997274,0.04257887100766622,0.030703964684997274,0.547694295775454,0.10478583328854732,1.0,0.6491097922848664,0.2857142857142857
2167,ReFAM_sta4_j6_k3_const0,0.1000000014901161,resnet18,cifar,resnet18cifar,2,YES,NO,1.0,0.42896700122283643,1.0,1.0,0.5644560153806092,0.09005956994725972,0.07072306906197158,0.09005956994725972,0.07072306906197158,1.0,0.1672653063661824,0.9990521066446204,0.8308605341246291,0.14285714285714285
2168,mul8_026,0.1134999990463256,resnet18,mnist,resnet18mnist,2,NO,NO,0.05949777418327416,1.0,0.6872720871440021,0.6871401151631478,1.0,0.033749979673584875,0.03855115776387481,0.033749979673584875,0.03855115776387481,0.955146246640782,0.11406101646333817,0.9494307549140787,1.0,1.0
2169,ReFAM_new_sta1_j5_k2,0.6887999773025513,vgg16,cifar,vgg16cifar,0,NO,NO,0.07799435349998553,0.01341856036481288,0.056731455230789984,0.05662188099808062,0.01581596218326997,0.0025367366076026214,0.00033538014725119976,0.0025367366076026214,0.00033538014725119976,0.09298635509433949,0.010515009285633245,0.2863533901186954,0.11869436201780416,0.05442171428571429
2170,mul8_477,0.1072999984025955,resnet18,cifar,resnet18cifar,2,NO,NO,0.2001313480375591,1.0,1.0,1.0,1.0,0.04596208988069749,0.025327346826970184,0.04596208988069749,0.025327346826970184,1.0,0.09736031242722272,0.8972620034250411,1.0,0.14285714285714285
2171,mul8_357,0.991599977016449,resnet18,mnist,resnet18mnist,0,NO,NO,0.0,0.0,0.0,0.0,0.0,0.0,0.0,0.0,0.0,0.0,0.0,0.0,0.0,0.0
2172,mul8_233,0.0109000001102685,resnet34,cifar100,resnet34cifar100,2,NO,NO,0.9333324302164935,0.7216198045372328,0.6881432018676903,0.6880998080614203,0.6703537431303829,0.04135296232657051,0.028366839156246763,0.04135296232657051,0.028366839156246763,0.740214386577289,0.10083869272615442,0.9935062687211483,1.0,0.15178571428571427
2173,ReFAM_sta3_j8_k2_const1,0.1000000014901161,resnet18,cifar,resnet18cifar,2,NO,YES,0.6105224671193311,1.0,1.0,1.0,1.0,1.0,1.0,1.0,1.0,1.0,1.0,0.9096283972966204,1.0,1.0
2174,ReFAM_new1_sta3_j1_k1,0.4769000113010406,resnet18,mnist,resnet18mnist,2,YES,YES,0.027731325688883743,6.368939953634117e-05,0.014759402986872191,0.01487523992322457,8.380566472895615e-05,1.0,1.0,1.0,1.0,0.012404746626742444,1.0,0.8908772137026079,0.004451038575667656,1.0
2175,mul8_097,0.1000000014901161,vgg16,cifar,vgg16cifar,2,NO,NO,0.2619310371707847,1.0,1.0,1.0,1.0,0.08522097975127695,0.050851356358087664,0.08522097975127695,0.050851356358087664,1.0,0.14523655971766897,1.0,1.0,0.42857142857142855
2176,ReFAM_sta3_j2_k4_const1,0.1110000014305114,resnet18,mnist,resnet18mnist,2,NO,YES,0.10312586740553642,0.009562764311008077,0.0946028730240591,0.09452975047984645,0.005274033018067782,1.0,1.0,1.0,1.0,0.08439395902620837,1.0,0.9942831136514969,0.06083086053412463,1.0
2177,mul8_196,0.987600028514862,vgg16,mnist,vgg16mnist,0,NO,NO,0.16140498154858116,0.01457550566835656,0.10613996256247915,0.10604606525911708,0.014395032763134821,0.009185732844053936,0.004423154926312943,0.009185732844053936,0.004423154926312943,0.11115864072207512,0.03822635447830267,0.9292816577035934,0.16765578635014836,0.2857142857142857
2178,mul8_128,0.1088000014424324,resnet18,mnist,resnet18mnist,2,NO,NO,0.25494404646949337,1.0,1.0,1.0,1.0,0.08226145370907388,0.04579255947729863,0.08226145370907388,0.04579255947729863,1.0,0.13838429981548164,1.0,1.0,0.42857142857142855
2179,ReFAM_new_sta1_j3_k1,0.9890000224113464,vgg16,mnist,vgg16mnist,0,NO,NO,0.007366133386109744,0.0001671349196239778,0.005996007463416828,0.005998080614203456,0.00019458627779254508,0.00047608981203938085,3.687425702761882e-05,0.00047608981203938085,3.687425702761882e-05,0.010218464226666987,0.003440312188363997,0.23067407333497592,0.011869436201780416,0.04664728571428572
2180,ReFAM_new1_sta4_j1_k4,0.1000000014901161,resnet18,cifar,resnet18cifar,2,NO,YES,1.0,1.0,1.0,1.0,1.0,1.0,1.0,1.0,1.0,1.0,1.0,1.0,1.0,1.0
2181,mul8_079,0.1158000007271766,resnet34,mnist,resnet34mnist,2,NO,NO,0.3990101760862227,0.22278027074363743,0.41755219640727204,0.4174664107485605,0.13402703606066568,1.0,1.0,1.0,1.0,0.39041900709268773,1.0,0.9935062687211483,0.43991097922848665,1.0
2182,ReFAM_new_sta3_j2_k6,0.0087999999523162,resnet34,cifar100,resnet34cifar100,2,NO,NO,0.20798494266662806,0.059711996535296664,0.1783514929091843,0.1782629558541267,0.054497327791841375,0.009270652089465134,0.002043887389530872,0.009270652089465134,0.002043887389530872,0.2023469694558841,0.026588709147692326,0.5832710567738232,0.228486646884273,0.06762471428571429
2183,ReFAM_sta2_j2_k1_const0,0.984499990940094,resnet18,mnist,resnet18mnist,0,YES,NO,0.017332078555552338,6.687386951315823e-05,0.00922462686679512,0.009117082533589253,8.799594796540397e-05,0.0013840030209569855,0.0004986804283735117,0.0013840030209569855,0.0004986804283735117,0.009179671563434416,0.012630401939532911,0.6363408669304342,0.004451038575667656,0.14285714285714285
2184,ReFAM_sta3_j6_k2_const1,0.1000000014901161,resnet18,cifar,resnet18cifar,2,NO,YES,0.013865662844441871,0.1712990089929432,0.3445830548356985,0.34452975047984646,0.07929559183112483,1.0,1.0,1.0,1.0,0.31395806936012377,1.0,0.9010993933889784,0.3086053412462908,1.0
2185,mul8_024,0.1053000018000602,resnet34,cifar,resnet34cifar,2,NO,NO,0.42891478497085,1.0,1.0,1.0,1.0,0.07492587633951076,0.03905335002625096,0.07492587633951076,0.03905335002625096,1.0,0.12737589795954926,1.0,1.0,0.42857142857142855
2186,ReFAM_new1_sta2_j2_k5,0.1009000018239021,resnet34,mnist,resnet34mnist,2,NO,YES,0.48183178384435504,0.08136639237765267,0.29164234563044483,0.2917466410748561,0.08331668547631428,1.0,1.0,1.0,1.0,0.28670544323896063,1.0,0.9644545082459596,0.18694362017804153,1.0
2187,mul8_293,0.0986000001430511,resnet34,mnist,resnet34mnist,2,NO,NO,1.0,1.0,1.0,1.0,1.0,0.0872084514523901,0.045990978098447245,0.0872084514523901,0.045990978098447245,1.0,0.14065942924705754,1.0,1.0,0.7539682857142856
2188,ReFAM_sta4_j1_k5_const1,0.8831999897956848,vgg16,mnist,vgg16mnist,2,NO,YES,0.18891965625552049,0.005530628232237027,0.10645796127953279,0.10652591170825336,0.0057714839507012495,1.0,1.0,1.0,1.0,0.09285821408897116,1.0,1.0,0.04673590504451038,1.0
2189,mul8_108,0.3215000033378601,resnet34,mnist,resnet34mnist,2,NO,NO,0.08590211434095628,0.019928459761037375,0.10726241146978002,0.10724568138195778,0.014632314255851857,0.009884961524354658,0.00531691667998237,0.009884961524354658,0.00531691667998237,0.11220023235863887,0.04187566805801878,0.9292816577035934,0.19881305637982197,0.21428571428571427
2190,mul8_237,0.1040000021457672,resnet34,cifar,resnet34cifar,2,NO,NO,0.637820490844326,0.1401214556849158,0.3911827333936127,0.39107485604606523,0.13786049430341749,0.02859339400542399,0.017666280950232045,0.02859339400542399,0.017666280950232045,0.3776577946999025,0.07850913336080208,0.9798651568249339,0.45178041543026703,0.2380952857142857
2191,mul8_420,0.1134999990463256,resnet18,mnist,resnet18mnist,2,NO,NO,1.0,1.0,1.0,1.0,1.0,0.061211418205602136,0.046199932221603755,0.061211418205602136,0.046199932221603755,1.0,0.13121555209210392,1.0,1.0,0.14285714285714285
2192,ReFAM_sta3_j6_k1_const1,0.1127000004053115,resnet18,cifar,resnet18cifar,2,NO,YES,0.05372944352221225,0.03464623723027539,0.15399361475756101,0.15403071017274472,0.0174021112365196,1.0,1.0,1.0,1.0,0.14272518584337,1.0,0.7734280344296044,0.11869436201780416,1.0
2193,mul8_042,0.8575000166893005,resnet34,mnist,resnet34mnist,2,NO,NO,0.045740436829804484,0.004565711869156498,0.05496445212550015,0.05494241842610365,0.0030181857074430304,0.005608283782050239,0.004526754029390539,0.005608283782050239,0.004526754029390539,0.054271554210798344,0.03818306133295116,0.9237510919609276,0.06231454005934718,1.0
2194,mul8_042,0.4422000050544739,resnet18,cifar,resnet18cifar,2,NO,NO,0.045740436829804484,0.004565711869156498,0.05496445212550015,0.05494241842610365,0.0030181857074430304,0.005608283782050239,0.004526754029390539,0.005608283782050239,0.004526754029390539,0.054271554210798344,0.03818306133295116,0.9237510919609276,0.06231454005934718,1.0
2195,ReFAM_new1_sta1_j1_k2,0.3722000122070312,resnet34,cifar,resnet34cifar,2,NO,YES,0.048529819955546546,0.0004076121570325835,0.026751417913705847,0.02663147792706334,0.00047664471814593814,1.0,1.0,1.0,1.0,0.024362437118485757,1.0,0.874968692029347,0.010385756676557863,1.0
2196,mul8_331,0.1134999990463256,resnet18,mnist,resnet18mnist,2,NO,NO,0.20175623040214213,1.0,1.0,1.0,1.0,0.07842472992969769,0.04366614398870595,0.07842472992969769,0.04366614398870595,1.0,0.13436624806673714,1.0,1.0,0.42857142857142855
2197,mul8_084,0.1134999990463256,resnet34,mnist,resnet34mnist,2,NO,NO,0.3996330493925207,0.17536930768348918,0.3545042554163098,0.35460652591170827,0.1317394958612436,0.026694455134633137,0.016791834283577084,0.026694455134633137,0.016791834283577084,0.35387782284885794,0.07625415763482082,0.989932578412467,0.5682492581602374,0.2857142857142857
2198,ReFAM_sta4_j5_k5_const1,0.1027999967336654,resnet18,mnist,resnet18mnist,2,NO,YES,1.0,1.0,1.0,1.0,1.0,1.0,1.0,1.0,1.0,1.0,1.0,1.0,1.0,1.0
2199,ReFAM_sta3_j5_k3_const0,0.1000000014901161,vgg16,cifar,vgg16cifar,2,YES,NO,1.0,0.18006267036914375,0.8781844777188953,0.8781190019193859,0.23693537532170483,0.06253579707552573,0.04616130204757481,0.06253579707552573,0.04616130204757481,0.7201674709659099,0.13159399389715937,0.9945315411259467,0.49851632047477745,0.14285714285714285
2200,ReFAM_new1_sta2_j1_k2,0.9857000112533568,vgg16,mnist,vgg16mnist,0,YES,YES,0.058929067088877955,0.0002897867678903523,0.03136373134710341,0.03142994241842611,0.0003813157745167505,1.0,1.0,1.0,1.0,0.026383961770203804,1.0,0.9545113003956514,0.010385756676557863,1.0
2201,ReFAM_new2_sta3_j1_k6,0.7793999910354614,vgg16,mnist,vgg16mnist,2,NO,NO,0.533828019511012,0.075790385448246,0.29118471558143383,0.2912667946257198,0.0947241451322628,0.040644699683992,0.07396098001239677,0.040644699683992,0.07396098001239677,0.29503134672826503,0.15683165833646834,0.9823514678602046,0.1884272997032641,0.2857142857142857
2202,ReFAM_sta1_j1_k2_const1,0.987600028514862,vgg16,mnist,vgg16mnist,0,NO,YES,0.019065286411107572,0.00020619443099890455,0.015451250001881824,0.015355086372360844,0.00010416782652135297,1.0,1.0,1.0,1.0,0.013191980885101902,1.0,0.9545113003956514,0.00741839762611276,1.0
2203,mul8_260,0.1134999990463256,resnet34,mnist,resnet34mnist,2,NO,NO,1.0,1.0,1.0,1.0,1.0,0.06340938122778775,0.04257571953088922,0.06340938122778775,0.04257571953088922,1.0,0.12749234159187403,1.0,1.0,0.2857142857142857
2204,ReFAM_new2_sta3_j1_k2,0.5329999923706055,resnet34,cifar,resnet34cifar,2,YES,NO,0.03639736496665991,0.000285806180419331,0.01937171642026975,0.019433781190019195,0.00037607792047119075,0.002989338117719755,0.0024284332128188964,0.002989338117719755,0.0024284332128188964,0.019140938834504094,0.027867349802642973,0.6999749536234776,0.010385756676557863,0.2857142857142857
2205,ReFAM_new_sta1_j3_k4,0.0152000002562999,resnet34,cifar100,resnet34cifar100,2,NO,NO,0.0922933183083162,0.014865454156370216,0.06287159933392586,0.06285988483685222,0.01766489908386369,0.003068836985764282,0.00044073516733011064,0.003068836985764282,0.00044073516733011064,0.09924719554985761,0.012095209090963377,0.36689072652818533,0.13649851632047477,0.05960485714285714
2206,ReFAM_new1_sta1_j1_k7,0.1000000014901161,resnet34,cifar,resnet34cifar,2,NO,YES,1.0,0.5146453774233817,0.8247897434488103,0.8248560460652592,0.5683642094367859,1.0,1.0,1.0,1.0,0.7839610539481563,1.0,0.9714145501120978,0.37833827893175076,1.0
2207,ReFAM_sta2_j1_k3_const1,0.1480000019073486,resnet34,mnist,resnet34mnist,2,NO,YES,0.046796612099991315,0.000499165668866074,0.028942266794569686,0.029030710172744723,0.0003892871346899076,1.0,1.0,1.0,1.0,0.024920001268254336,1.0,0.986328343742173,0.01112759643916914,1.0
2208,mul8_271,0.1008000001311302,resnet34,cifar,resnet34cifar,2,NO,NO,1.0,0.4077479026443839,0.6852467686574868,0.6852207293666027,0.3697422182349284,0.04395203327388986,0.03149763916959173,0.04395203327388986,0.03149763916959173,0.6437058916891685,0.10636304735971529,0.998197882664853,0.8100890207715133,0.14285714285714285
2209,mul8_201,0.1000000014901161,vgg16,cifar,vgg16cifar,2,NO,NO,1.0,1.0,1.0,1.0,1.0,0.060498638581884735,0.04153797258311194,0.060498638581884735,0.04153797258311194,1.0,0.12521646572675757,1.0,1.0,1.0
2210,mul8_152,0.0092000002041459,resnet34,cifar100,resnet34cifar100,2,NO,NO,0.32064345327771826,0.2427959327949456,0.2967703895027112,0.29678502879078694,0.24691164893419584,0.01580853058989967,0.008187840977132693,0.01580853058989967,0.008187840977132693,0.39413604367647914,0.05261983244059882,0.7480731598549346,0.39317507418397624,0.2857142857142857
2211,mul8_328,0.1000000014901161,vgg16,cifar,vgg16cifar,2,NO,NO,1.0,1.0,1.0,1.0,1.0,0.09031794126840442,0.05873015594298889,0.09031794126840442,0.05873015594298889,1.0,0.1555769035548151,1.0,1.0,1.0
2212,ReFAM_new2_sta1_j6_k1,0.09009999781847,resnet34,mnist,resnet34mnist,2,NO,NO,0.12479096559997684,0.05619952615086745,0.13283462688184972,0.13291746641074856,0.05765829733352183,0.008505475484536566,0.008841042101621942,0.008505475484536566,0.008841042101621942,0.186287651534122,0.05343045926562883,0.3261252033745411,0.142433234421365,0.2857142857142857
2213,mul8_020,0.1128000020980835,resnet34,cifar,resnet34cifar,2,NO,NO,0.2868459000943912,1.0,1.0,1.0,1.0,0.07396827633806533,0.0371604714988332,0.07396827633806533,0.0371604714988332,1.0,0.12460588309059314,1.0,1.0,0.4330357142857143
2214,ReFAM_sta2_j8_k1_const1,0.1011999994516372,resnet18,cifar,resnet18cifar,2,NO,YES,0.4437012110221399,0.8005502764119939,0.748463162404589,0.7483205374280231,0.43241063152488624,1.0,1.0,1.0,1.0,0.70038050797246,1.0,0.8081030118776841,0.56973293768546,1.0
2215,ReFAM_new1_sta2_j3_k3,0.5206000208854675,vgg16,mnist,vgg16mnist,2,YES,YES,0.296378543299945,0.01788955621226403,0.15774111942219654,0.1576295585412668,0.023539963651554672,1.0,1.0,1.0,1.0,0.1538912405964478,1.0,0.8630370462380546,0.08902077151335312,1.0
2216,ReFAM_new1_sta3_j7_k2,0.1009000018239021,resnet34,mnist,resnet34mnist,2,NO,YES,1.0,1.0,0.8163074112364339,0.8162188099808062,1.0,1.0,1.0,1.0,1.0,0.8973977395431824,1.0,0.6154139066442132,0.6646884272997032,1.0
2217,mul8_417,0.1020999997854232,resnet18,cifar,resnet18cifar,2,NO,NO,0.821648849024153,0.28878514945354494,0.4827002196405796,0.48272552783109407,0.32858319138200365,0.028049549476301203,0.01674266860754026,0.028049549476301203,0.01674266860754026,0.5186969699616754,0.07648331273176762,0.9900415199688855,0.6580118694362018,0.3125
2218,ReFAM_new1_sta2_j7_k2,0.1009000018239021,resnet34,mnist,resnet34mnist,2,NO,YES,1.0,1.0,0.874350494022309,0.8742802303262956,1.0,1.0,1.0,1.0,1.0,0.9491435289134716,1.0,0.6231049768982811,0.6646884272997032,1.0
2219,ReFAM_new_sta2_j4_k2,0.845300018787384,resnet34,mnist,resnet34mnist,2,NO,NO,0.018198682483329957,0.002408852508088554,0.029057574630404627,0.029030710172744723,0.002245729922033747,0.0016252098137739014,0.00010535502007891092,0.0016252098137739014,0.00010535502007891092,0.0378971244065334,0.005919964410048787,0.3827992482014462,0.02373887240356083,0.040816285714285715
2220,ReFAM_new_sta1_j6_k1,0.3887999951839447,resnet34,mnist,resnet34mnist,2,NO,NO,0.058929067088877955,0.0106966346521285,0.04796805970733462,0.047984644913627646,0.012453521778722885,0.0019874717011131647,0.0002335369611749192,0.0019874717011131647,0.0002335369611749192,0.08174771922721083,0.00875044039578892,0.23067407333497592,0.09495548961424333,0.04664728571428572
2221,mul8_363,0.1055999994277954,resnet18,cifar,resnet18cifar,2,NO,NO,0.2035435975367678,1.0,1.0,1.0,1.0,0.046160837050808805,0.02557317520715431,0.046160837050808805,0.02557317520715431,1.0,0.09782160835527848,0.8983962173862579,1.0,0.14285714285714285
2222,ReFAM_new_sta3_j3_k5,0.1272000074386596,resnet18,cifar,resnet18cifar,2,NO,NO,0.20798494266662806,0.059711996535296664,0.1783514929091843,0.1782629558541267,0.054497327791841375,0.009270652089465134,0.002043887389530872,0.009270652089465134,0.002043887389530872,0.2023469694558841,0.026588709147692326,0.5832710567738232,0.228486646884273,0.06762471428571429
2223,ReFAM_new2_sta2_j5_k4,0.1020999997854232,resnet34,mnist,resnet34mnist,2,NO,NO,0.8250069392442914,1.0,0.8221592820601317,0.8222168905950096,0.9529852067444573,0.06552784538192882,0.10930583333187008,0.06552784538192882,0.10930583333187008,0.8834077020637656,0.19394508040582098,0.7595232228781341,0.7359050445103857,0.2857142857142857
2224,ReFAM_new_sta3_j7_k1,0.1724999994039535,resnet34,mnist,resnet34mnist,2,NO,NO,0.14688936575830608,0.05567841749675184,0.15612680972050738,0.15619001919385797,0.05078040571731203,0.00753522793590223,0.0016277350602191736,0.00753522793590223,0.0016277350602191736,0.1879324354582398,0.023563414007870393,0.4305869200898411,0.18991097922848665,0.063492
2225,mul8_180,0.0102000003680586,resnet34,cifar100,resnet34cifar100,2,NO,NO,0.24828202530828725,0.06621105194507426,0.20549387633846017,0.2053742802303263,0.05663486384645906,0.015935006061788687,0.010354642556755628,0.015935006061788687,0.010354642556755628,0.2179126692114387,0.05881149865940536,0.9663187324497189,0.3004451038575668,1.0
2226,ReFAM_sta4_j8_k2_const0,0.1134999990463256,resnet34,mnist,resnet34mnist,2,YES,NO,1.0,1.0,1.0,1.0,1.0,0.13498456095846725,0.09200478311791159,0.13498456095846725,0.09200478311791159,1.0,0.20404208690874998,0.9895599372007925,1.0,0.14285714285714285
2227,ReFAM_new1_sta4_j3_k5,0.101000003516674,vgg16,mnist,vgg16mnist,2,NO,YES,1.0,1.0,1.0,1.0,1.0,1.0,1.0,1.0,1.0,1.0,1.0,1.0,1.0,1.0
2228,ReFAM_new2_sta2_j1_k7,0.6104999780654907,vgg16,cifar,vgg16cifar,2,NO,NO,0.46276649743324744,0.30037751891575165,0.4348979154084891,0.43498080614203455,0.23709036439505868,0.04420950119880679,0.07591004788385662,0.04420950119880679,0.07591004788385662,0.45325644833309486,0.15943969712712658,0.9162310701318905,0.37833827893175076,0.2857142857142857
2229,ReFAM_new2_sta3_j4_k1,0.1009000018239021,resnet34,cifar,resnet34cifar,2,NO,NO,0.12132454988886637,0.004506025017196138,0.06503361941090559,0.06501919385796545,0.005855658930233533,0.009257101146048453,0.009611889665199306,0.009257101146048453,0.009611889665199306,0.06954248201190658,0.05575261401025898,0.5647530284734539,0.03560830860534125,0.2857142857142857
2230,mul8_115,0.101000003516674,vgg16,mnist,vgg16mnist,2,NO,NO,1.0,1.0,1.0,1.0,1.0,0.09031794126840442,0.05873015594298889,0.09031794126840442,0.05873015594298889,1.0,0.1555769035548151,1.0,1.0,1.0
2231,ReFAM_sta3_j1_k9_const1,0.1027999967336654,resnet18,mnist,resnet18mnist,2,NO,YES,0.4805318779526886,1.0,1.0,1.0,1.0,1.0,1.0,1.0,1.0,1.0,1.0,1.0,1.0,1.0
2232,ReFAM_new_sta1_j3_k1,0.9204000234603882,resnet18,cifar,resnet18cifar,0,NO,NO,0.007366133386109744,0.0001671349196239778,0.005996007463416828,0.005998080614203456,0.00019458627779254508,0.00047608981203938085,3.687425702761882e-05,0.00047608981203938085,3.687425702761882e-05,0.010218464226666987,0.003440312188363997,0.23067407333497592,0.011869436201780416,0.04664728571428572
2233,mul8_286,0.9702000021934508,vgg16,mnist,vgg16mnist,0,NO,NO,0.23224985264440134,0.02247280462639798,0.1558745752133125,0.15595009596928983,0.01846963852096213,1.0,1.0,1.0,1.0,0.1454333495436478,1.0,0.97626092215464,0.15207715133531158,1.0
2234,ReFAM_new_sta3_j2_k6,0.1292999982833862,resnet18,cifar,resnet18cifar,2,NO,NO,0.20798494266662806,0.059711996535296664,0.1783514929091843,0.1782629558541267,0.054497327791841375,0.009270652089465134,0.002043887389530872,0.009270652089465134,0.002043887389530872,0.2023469694558841,0.026588709147692326,0.5832710567738232,0.228486646884273,0.06762471428571429
2235,ReFAM_new_sta1_j4_k1,0.9815000295639038,resnet18,mnist,resnet18mnist,0,NO,NO,0.014732266772219489,0.0006685396657580313,0.011992014926833655,0.011996161228406911,0.0007783451111701803,0.0007904716993063723,6.84807630512921e-05,0.0007904716993063723,6.84807630512921e-05,0.020436928453333975,0.004688349068152368,0.23067407333497592,0.02373887240356083,0.04664728571428572
2236,ReFAM_new_sta2_j3_k4,0.5072000026702881,resnet34,mnist,resnet34mnist,2,NO,NO,0.05762916119721153,0.01669811662802843,0.08601964553286448,0.08613243761996162,0.014021146025573633,0.003941517741798517,0.0003230887282419935,0.003941517741798517,0.0003230887282419935,0.10055826281032638,0.010635931519201256,0.5241117190570345,0.08902077151335312,0.04444442857142857
2237,mul8_229,0.1000000014901161,vgg16,cifar,vgg16cifar,2,NO,NO,0.6236840177388694,1.0,1.0,1.0,1.0,0.07748339106035228,0.04103051256973185,0.07748339106035228,0.04103051256973185,1.0,0.13083561741996738,1.0,1.0,0.42857142857142855
2238,ReFAM_new1_sta2_j6_k2,0.1000000014901161,vgg16,cifar,vgg16cifar,2,NO,YES,0.5320948116554568,0.31240207754821286,0.437535583075676,0.4376199616122841,0.27413215540899427,1.0,1.0,1.0,1.0,0.4720948598373365,1.0,0.6375840224480696,0.3323442136498516,1.0
2239,ReFAM_sta4_j5_k3_const0,0.1010999977588653,vgg16,mnist,vgg16mnist,2,YES,NO,1.0,0.09921534659771228,0.62358477619535,0.6235604606525912,0.1305524645147679,0.052093440078631606,0.04112182025380024,0.052093440078631606,0.04112182025380024,0.51609592519047,0.12206875548628651,0.9911757339301023,0.36795252225519287,0.14285714285714285
2240,mul8_424,0.1054999977350235,resnet34,cifar,resnet34cifar,2,NO,NO,1.0,1.0,1.0,1.0,1.0,0.08762401371716831,0.043799593680805896,0.08762401371716831,0.043799593680805896,1.0,0.13834623170491392,1.0,1.0,0.36160714285714285
2241,ReFAM_new_sta1_j2_k3,0.9760000109672546,resnet18,mnist,resnet18mnist,0,NO,NO,0.020365192302773998,0.0008581649045932795,0.014471133397284843,0.014395393474088292,0.0010160413748830923,0.0010244513223010585,0.00010535502007891092,0.0010244513223010585,0.00010535502007891092,0.023598533954073433,0.0058654747615891276,0.2982850359099878,0.03115727002967359,0.05714285714285715
2242,mul8_119,0.1960999965667724,resnet18,cifar,resnet18cifar,2,NO,NO,0.060838306467074804,0.004952054072300207,0.059004281525693654,0.059021113243762004,0.003520884115012369,0.005902790952306099,0.002895507135168735,0.005902790952306099,0.002895507135168735,0.058420542218575455,0.030701557956085822,0.9050457249093342,0.07270029673590504,0.7142857142857143
2243,mul8_274,0.0099999997764825,resnet34,cifar100,resnet34cifar100,2,NO,NO,0.76469672041231,0.34451610585178205,0.5506354528121371,0.5506238003838773,0.28398939904809745,0.037852301943928,0.02804023859400214,0.037852301943928,0.02804023859400214,0.5360340652270525,0.09937642942023014,0.9965820859355433,0.7136498516320475,0.15178571428571427
2244,ReFAM_new1_sta2_j3_k2,0.4025999903678894,vgg16,cifar,vgg16cifar,2,YES,YES,0.15598870699997106,0.004607928056454284,0.08302164180115608,0.08301343570057582,0.006063339843139978,1.0,1.0,1.0,1.0,0.0797513582660987,1.0,0.8113346053363036,0.04154302670623145,1.0
2245,mul8_434,0.0102000003680586,resnet34,cifar100,resnet34cifar100,2,NO,NO,0.7652654344395375,0.15538653516928644,0.42726834460218677,0.42730326295585414,0.18394552741785877,0.028217581174668042,0.01619657842013124,0.028217581174668042,0.01619657842013124,0.42269104237499716,0.07538381612654735,0.975205105388229,0.594213649851632,0.14285714285714285
2246,mul8_178,0.1204999983310699,vgg16,mnist,vgg16mnist,2,NO,NO,0.38710114545557994,1.0,1.0,1.0,1.0,0.07326543407285349,0.03611043313204672,0.07326543407285349,0.03611043313204672,1.0,0.12297343293742499,1.0,1.0,0.42857142857142855
2247,mul8_384,0.0109999999403953,resnet34,cifar100,resnet34cifar100,2,NO,NO,0.0915892060834126,1.0,1.0,1.0,1.0,0.055548027253657394,0.03179263322581268,0.055548027253657394,0.03179263322581268,1.0,0.11042961728859509,0.9835783330516465,0.9903560830860534,0.2857142857142857
2248,mul8_237,0.0114000001922249,resnet34,cifar100,resnet34cifar100,2,NO,NO,0.637820490844326,0.1401214556849158,0.3911827333936127,0.39107485604606523,0.13786049430341749,0.02859339400542399,0.017666280950232045,0.02859339400542399,0.017666280950232045,0.3776577946999025,0.07850913336080208,0.9798651568249339,0.45178041543026703,0.2380952857142857
2249,mul8_085,0.3034999966621399,vgg16,mnist,vgg16mnist,2,NO,NO,0.49673330876291655,0.2918734246809161,0.4898530211420478,0.4899232245681382,0.17470242881976722,0.03512585212849185,0.02863900629145062,0.03512585212849185,0.02863900629145062,0.4533409399719592,0.0996481312289879,0.9966289206233494,0.49554896142433236,0.4017857142857143
2250,ReFAM_new1_sta4_j4_k2,0.1000000014901161,resnet34,cifar,resnet34cifar,2,NO,YES,1.0,1.0,1.0,1.0,1.0,1.0,1.0,1.0,1.0,1.0,1.0,1.0,1.0,1.0
2251,ReFAM_new1_sta1_j3_k4,0.0957999974489212,resnet18,mnist,resnet18mnist,2,NO,YES,0.6984827657887592,0.12553737930858788,0.3995416511680636,0.3994721689059501,0.13880180636819536,1.0,1.0,1.0,1.0,0.3828761854196828,1.0,0.8411632107418411,0.18397626112759644,1.0
2252,mul8_483,0.1134999990463256,resnet18,mnist,resnet18mnist,2,NO,NO,1.0,0.5131080745420732,0.5665010915021291,0.5664587332053742,0.6312796628695232,0.03234158495447786,0.020946333908688806,0.03234158495447786,0.020946333908688806,0.6698487519538979,0.08579432471650454,0.978498805715461,0.973293768545994,0.42857142857142855
2253,ReFAM_new1_sta2_j2_k3,0.3628000020980835,vgg16,cifar,vgg16cifar,2,YES,YES,0.17332078555552338,0.004853132244669198,0.09224626866795119,0.09213051823416507,0.006385991652346459,1.0,1.0,1.0,1.0,0.0858572969325426,1.0,0.9226942570491296,0.04451038575667656,1.0
2254,mul8_099,0.1000000014901161,vgg16,cifar,vgg16cifar,2,NO,NO,0.9770974121951874,0.5338846641148447,0.715238853337259,0.71521113243762,0.4056669129418313,0.053278695929477274,0.04351162329259021,0.053278695929477274,0.04351162329259021,0.6728065061155172,0.12547547816532606,1.0,0.8019287833827893,0.21428571428571427
2255,ReFAM_new2_sta3_j2_k6,0.1319999992847442,vgg16,cifar,vgg16cifar,2,NO,NO,0.9012680848887216,0.31426897307212187,0.5264343195202343,0.5263915547024953,0.35562120475319103,0.07091660388062883,0.1489228327155432,0.07091660388062883,0.1489228327155432,0.5519232385949165,0.22513853806512485,0.9618134391118514,0.3768545994065282,0.2857142857142857
2256,mul8_381,0.1000000014901161,resnet18,cifar,resnet18cifar,2,NO,NO,1.0,0.25694102538659463,0.5824002856948117,0.5822936660268714,0.3034038662871408,0.03778635401930016,0.026537173640876342,0.03778635401930016,0.026537173640876342,0.5614178190205446,0.0969303667078698,0.9925115406779627,0.5593471810089021,1.0
2257,mul8_387,0.1002999991178512,resnet34,cifar,resnet34cifar,2,NO,NO,0.31051502333823305,1.0,1.0,1.0,1.0,0.07454735332007147,0.03765388417620276,0.07454735332007147,0.03765388417620276,1.0,0.1254672673963801,1.0,1.0,0.42857142857142855
2258,mul8_333,0.1134999990463256,resnet18,mnist,resnet18mnist,2,NO,NO,0.7326391484608377,0.22572159475708864,0.48878124495505154,0.48872360844529755,0.19008347471766746,0.03144541589652138,0.02209294771054762,0.03144541589652138,0.02209294771054762,0.4600844300831065,0.0876663800361871,0.9957736784981948,0.5356083086053413,0.21212114285714284
2259,ReFAM_sta4_j3_k6_const0,0.1134999990463256,resnet34,mnist,resnet34mnist,2,YES,NO,1.0,0.4362357529742949,1.0,1.0,0.5740205987605036,0.09688382505190012,0.08315847326528569,0.09688382505190012,0.08315847326528569,1.0,0.18109298770474672,1.0,0.8545994065281899,0.14285714285714285
2260,ReFAM_new1_sta2_j4_k1,0.9492999911308287,vgg16,mnist,vgg16mnist,1,YES,YES,0.12479096559997684,0.004127073089954908,0.06641731344092486,0.06645873320537428,0.005430607074436359,1.0,1.0,1.0,1.0,0.06890737763866477,1.0,0.6085006994658809,0.03560830860534125,1.0
2261,ReFAM_new_sta1_j3_k4,0.5042999982833862,resnet34,cifar,resnet34cifar,2,NO,NO,0.0922933183083162,0.014865454156370216,0.06287159933392586,0.06285988483685222,0.01766489908386369,0.003068836985764282,0.00044073516733011064,0.003068836985764282,0.00044073516733011064,0.09924719554985761,0.012095209090963377,0.36689072652818533,0.13649851632047477,0.05960485714285714
2262,ReFAM_new2_sta2_j5_k3,0.5734000205993652,vgg16,cifar,vgg16cifar,2,NO,NO,0.38823855964437237,0.29735306855526966,0.4054223507956455,0.4054702495201536,0.24148576102378488,0.0388875940209624,0.062052350909477215,0.0388875940209624,0.062052350909477215,0.4404911755341232,0.14395194759439398,0.6802137698054731,0.3560830860534125,0.2857142857142857
2263,ReFAM_new_sta2_j3_k5,0.1057000011205673,vgg16,cifar,vgg16cifar,2,NO,NO,0.28511269223883595,0.08703454990701348,0.23268400643639853,0.23272552783109407,0.07621903001406873,0.008627433975286692,0.0008112336546076141,0.008627433975286692,0.0008112336546076141,0.24991938401884056,0.017562088341902392,0.653352040057912,0.2314540059347181,0.046083
2264,ReFAM_new2_sta4_j1_k2,0.100100003182888,resnet34,cifar,resnet34cifar,2,NO,NO,1.0,1.0,1.0,1.0,1.0,1.0,1.0,1.0,1.0,1.0,1.0,1.0,1.0,0.2857142857142857
2265,ReFAM_sta3_j4_k4_const1,0.1000000014901161,resnet34,cifar,resnet34cifar,2,NO,YES,0.034664157111104675,0.18370570402262248,0.36001628729638413,0.3598848368522073,0.08258586799906932,1.0,1.0,1.0,1.0,0.32536217219322366,1.0,0.9901810058869166,0.32047477744807124,1.0
2266,ReFAM_sta4_j3_k3_const1,0.1081999987363815,resnet18,cifar,resnet18cifar,2,NO,YES,0.17505399341107863,0.005393696023233893,0.0999718936688921,0.10004798464491363,0.0054796955888671605,1.0,1.0,1.0,1.0,0.08817306027202788,1.0,0.9624660703049752,0.04451038575667656,1.0
2267,ReFAM_new2_sta3_j6_k2,0.0989999994635582,resnet34,mnist,resnet34mnist,2,NO,NO,0.7470125857443058,0.30379763967085316,0.44648635290990046,0.4464971209213052,0.34893418203014226,0.059041460466477666,0.11025227259557895,0.059041460466477666,0.11025227259557895,0.5097386771573992,0.19329568322554833,0.5712151972453058,0.3323442136498516,0.2857142857142857
2268,mul8_082,0.1008000001311302,resnet34,cifar,resnet34cifar,2,NO,NO,0.9535892970282952,0.2604456306269584,0.5428922641216418,0.5429462571976967,0.2969752613315266,0.032957701181822945,0.024017432743989056,0.032957701181822945,0.024017432743989056,0.5370777276707713,0.09144631948549828,0.9887209854018314,0.6706231454005934,1.0
2269,ReFAM_new2_sta3_j7_k1,0.6937000155448914,vgg16,mnist,vgg16mnist,2,NO,NO,0.6092225612276647,0.2707816520393346,0.37313615676186257,0.3730806142034549,0.31433383508943,0.048658727620616946,0.08311808717425545,0.048658727620616946,0.08311808717425545,0.46081585541190245,0.1673033744767501,0.42586374363913665,0.28486646884273,0.2857142857142857
2270,ReFAM_sta2_j4_k3_const1,0.660099983215332,vgg16,mnist,vgg16mnist,2,NO,YES,0.010399247133331404,0.05313925050314626,0.19381805948151576,0.19385796545105569,0.023714960925095344,1.0,1.0,1.0,1.0,0.17488575756198743,1.0,0.9644545082459596,0.13649851632047477,1.0
2271,ReFAM_sta2_j2_k4_const1,0.3919999897480011,vgg16,cifar,vgg16cifar,2,NO,YES,0.09012680848887217,0.010145721346139148,0.09437946363089757,0.09428982725527832,0.005217062212124298,1.0,1.0,1.0,1.0,0.08411130332382225,1.0,0.9942831136514969,0.04599406528189911,1.0
2272,mul8_055,0.9682999849319458,resnet18,mnist,resnet18mnist,0,YES,NO,0.031956019836799625,0.0008845331821771585,0.0170079057856535,0.017034548944337813,0.0011639125481922262,0.001479763021101529,0.0003107973092327872,0.001479763021101529,0.0003107973092327872,0.02577815999494062,0.010015645247009786,0.43052481322122876,0.02967359050445104,0.14285714285714285
2273,ReFAM_new2_sta3_j3_k2,0.1005999967455864,resnet34,mnist,resnet34mnist,2,NO,NO,0.1438562520110844,0.004858705067128627,0.07702563433773925,0.07701535508637236,0.006306114378151673,0.011048535865733638,0.01270054767051271,0.011048535865733638,0.01270054767051271,0.07713584491418249,0.06413506267056006,0.7238382452060624,0.04154302670623145,0.2857142857142857
2274,mul8_352,0.101000003516674,vgg16,mnist,vgg16mnist,2,NO,NO,1.0,0.9986546409191654,1.0,1.0,1.0,0.05895021744747203,0.03992779669290592,0.05895021744747203,0.03992779669290592,1.0,0.12264500217958595,1.0,1.0,0.2380952857142857
2275,ReFAM_sta2_j7_k3_const1,0.1000000014901161,resnet18,cifar,resnet18cifar,2,NO,YES,0.055462651377767486,1.0,1.0,1.0,1.0,1.0,1.0,1.0,1.0,1.0,1.0,0.9617197697362392,1.0,1.0
2276,ReFAM_new1_sta3_j1_k1,0.704800009727478,vgg16,cifar,vgg16cifar,0,YES,YES,0.027731325688883743,6.368939953634117e-05,0.014759402986872191,0.01487523992322457,8.380566472895615e-05,1.0,1.0,1.0,1.0,0.012404746626742444,1.0,0.8908772137026079,0.004451038575667656,1.0
2277,mul8_457,0.1134999990463256,resnet18,mnist,resnet18mnist,2,NO,NO,0.2249920447492638,0.021309848011616946,0.14619862425243255,0.14611324376199616,0.019380347271150934,0.01337387775603604,0.007211551124401453,0.01337387775603604,0.007211551124401453,0.141336258940808,0.049095919695693976,0.9328858923738874,0.19881305637982197,0.14285714285714285
2278,ReFAM_sta4_j3_k7_const0,0.101000003516674,vgg16,mnist,vgg16mnist,2,YES,NO,1.0,1.0,1.0,1.0,1.0,0.1638372296812637,0.13522492418828347,0.1638372296812637,0.13522492418828347,1.0,0.24745242232612577,1.0,1.0,0.14285714285714285
2279,mul8_193,0.1196999996900558,resnet34,cifar,resnet34cifar,2,NO,NO,0.24264909977773275,0.01392250273864418,0.14031522365410407,0.14035508637236085,0.014614385927891119,0.012390079263985025,0.006078984658553159,0.012390079263985025,0.006078984658553159,0.1303271605423348,0.0450972752190036,0.9013172765018154,0.12166172106824925,0.2857142857142857
2280,ReFAM_sta1_j3_k7_const1,0.1027999967336654,resnet18,mnist,resnet18mnist,2,NO,YES,1.0,1.0,1.0,1.0,1.0,1.0,1.0,1.0,1.0,1.0,1.0,1.0,1.0,1.0
2281,mul8_293,0.0093999998643994,resnet34,cifar100,resnet34cifar100,2,NO,NO,1.0,1.0,1.0,1.0,1.0,0.0872084514523901,0.045990978098447245,0.0872084514523901,0.045990978098447245,1.0,0.14065942924705754,1.0,1.0,0.7539682857142856
2282,mul8_367,0.0998999997973442,resnet34,cifar,resnet34cifar,2,NO,NO,0.7747439114331895,0.352297117417777,0.5798675684524137,0.57989443378119,0.25893833088002566,0.042053094403099005,0.03215084029408098,0.042053094403099005,0.03215084029408098,0.5423712467327502,0.1068116539175818,0.9955252510237451,0.6461424332344213,0.14285714285714285
2283,ReFAM_sta1_j5_k2_const1,0.1009000018239021,resnet34,mnist,resnet34mnist,2,NO,YES,0.19411927982218619,0.06542175120372964,0.23615044778995506,0.23608445297504801,0.030572306493123206,1.0,1.0,1.0,1.0,0.208275925844412,1.0,0.9107626112578372,0.1661721068249258,1.0
2284,ReFAM_sta2_j2_k8_const1,0.0979999974370002,vgg16,mnist,vgg16mnist,2,NO,YES,0.034664157111104675,1.0,1.0,1.0,1.0,1.0,1.0,1.0,1.0,1.0,1.0,1.0,1.0,1.0
2285,ReFAM_sta3_j6_k3_const0,0.1137999966740608,resnet34,cifar,resnet34cifar,2,YES,NO,1.0,0.7691692653300385,1.0,1.0,1.0,0.10875083790000126,0.07892144554111216,0.10875083790000126,0.07892144554111216,1.0,0.18197975075091213,1.0,1.0,0.14285714285714285
2286,mul8_000,0.1004000008106231,resnet18,cifar,resnet18cifar,2,NO,NO,0.15252229128886058,0.344381321172904,0.3635502935069638,0.3634836852207294,0.29855618287234964,0.017958613612013,0.009899860053414995,0.017958613612013,0.009899860053414995,0.4490579991640922,0.057979225261699595,0.8805929271476249,0.6083086053412463,0.7999999999999999
2287,ReFAM_sta2_j3_k3_const0,0.1134999990463256,resnet18,mnist,resnet18mnist,2,YES,NO,0.33450911612216017,0.009972963849896823,0.1780352985291458,0.17802303262955857,0.013122919525745421,0.016825754742378497,0.00931162785797441,0.016825754742378497,0.00931162785797441,0.1509830612874272,0.056104930641395406,0.9495396964704972,0.08605341246290801,0.14285714285714285
2288,ReFAM_sta1_j1_k3_const0,0.2994999885559082,resnet34,cifar,resnet34cifar,2,YES,NO,0.07106152207776459,0.0010086808651568033,0.03782097015385999,0.03790786948176583,0.0013272722151448431,0.004301069440454444,0.0017453814993072909,0.004301069440454444,0.0017453814993072909,0.03674362256159716,0.023795554838979355,0.7954260836630428,0.030415430267062313,0.14285714285714285
2289,ReFAM_new_sta3_j4_k3,0.9301000237464904,resnet34,mnist,resnet34mnist,1,NO,NO,0.04712158857290792,0.011652644256489951,0.06787307394587828,0.0678982725527831,0.010436172265949646,0.00431100679896001,0.0008516197456378633,0.00431100679896001,0.0008516197456378633,0.08391506118589538,0.01681640123489965,0.4556302421760618,0.0830860534124629,0.06762471428571429
2290,ReFAM_new1_sta4_j6_k3,0.1009000018239021,resnet34,mnist,resnet34mnist,2,NO,YES,1.0,1.0,1.0,1.0,1.0,1.0,1.0,1.0,1.0,1.0,1.0,1.0,1.0,1.0
2291,ReFAM_sta1_j8_k1_const1,0.1000000014901161,resnet34,cifar,resnet34cifar,2,NO,YES,0.6655518165332098,0.795658930527603,0.8080773135312525,0.8080614203454894,0.3975573123412222,1.0,1.0,1.0,1.0,0.7247316355062478,1.0,0.8192893752456275,0.56973293768546,1.0
2292,ReFAM_new2_sta4_j3_k4,0.1027999967336654,resnet18,mnist,resnet18mnist,2,NO,NO,1.0,1.0,1.0,1.0,1.0,1.0,1.0,1.0,1.0,1.0,1.0,1.0,1.0,0.2857142857142857
2293,ReFAM_sta3_j6_k3_const0,0.1134999990463256,resnet34,mnist,resnet34mnist,2,YES,NO,1.0,0.7691692653300385,1.0,1.0,1.0,0.10875083790000126,0.07892144554111216,0.10875083790000126,0.07892144554111216,1.0,0.18197975075091213,1.0,1.0,0.14285714285714285
2294,ReFAM_new_sta2_j4_k4,0.8827000260353088,vgg16,mnist,vgg16mnist,2,NO,NO,0.28511269223883595,0.08703454990701348,0.23268400643639853,0.23272552783109407,0.07621903001406873,0.008627433975286692,0.0008112336546076141,0.008627433975286692,0.0008112336546076141,0.24991938401884056,0.017562088341902392,0.653352040057912,0.2314540059347181,0.046083
2295,ReFAM_new2_sta3_j1_k8,0.0957999974489212,resnet18,mnist,resnet18mnist,2,NO,NO,1.0,1.0,0.9553211396656033,0.9553742802303264,1.0,0.11472228696561854,0.25292579670344145,0.11472228696561854,0.25292579670344145,1.0,0.29873091369436827,1.0,0.7581602373887241,0.2857142857142857
2296,ReFAM_new1_sta2_j5_k4,0.1000000014901161,resnet18,cifar,resnet18cifar,2,NO,YES,1.0,1.0,0.9715117582702619,0.9714491362763915,1.0,1.0,1.0,1.0,1.0,1.0,1.0,0.8216972890860924,0.7359050445103857,1.0
2297,ReFAM_sta3_j6_k1_const1,0.7903000116348267,vgg16,mnist,vgg16mnist,2,NO,YES,0.05372944352221225,0.03464623723027539,0.15399361475756101,0.15403071017274472,0.0174021112365196,1.0,1.0,1.0,1.0,0.14272518584337,1.0,0.7734280344296044,0.11869436201780416,1.0
2298,ReFAM_sta3_j5_k3_const1,0.1058999970555305,vgg16,cifar,vgg16cifar,2,NO,YES,0.013865662844441871,0.18006267036914375,0.35531749114118494,0.3553262955854127,0.08157810922183704,1.0,1.0,1.0,1.0,0.3218866215000256,1.0,0.9608502735756654,0.32047477744807124,1.0
2299,mul8_424,0.1134999990463256,resnet18,mnist,resnet18mnist,2,NO,NO,1.0,1.0,1.0,1.0,1.0,0.08762401371716831,0.043799593680805896,0.08762401371716831,0.043799593680805896,1.0,0.13834623170491392,1.0,1.0,0.36160714285714285
2300,ReFAM_new_sta1_j2_k6,0.1142000034451484,resnet34,mnist,resnet34mnist,2,NO,NO,0.1902195621471869,0.060303462079331516,0.12811421189112557,0.1281190019193858,0.0717623343855607,0.004946094347088444,0.0008428401606312873,0.004946094347088444,0.0008428401606312873,0.20051446212601853,0.016849244310683555,0.40218779080777617,0.28041543026706234,0.06074242857142857
2301,mul8_442,0.1096000000834465,resnet18,cifar,resnet18cifar,2,NO,NO,0.13703174607983568,0.029475550505693834,0.08670293578399248,0.08661228406909789,0.036079118108781005,1.0,1.0,1.0,1.0,0.1407786406522903,1.0,0.8823013751071599,0.2344213649851632,1.0
2302,ReFAM_sta4_j1_k1_const1,0.7089999914169312,vgg16,cifar,vgg16cifar,0,YES,YES,0.013865662844441871,1.592234988408529e-05,0.007379701493436096,0.007437619961612285,2.0951416182239038e-05,1.0,1.0,1.0,1.0,0.006202373313371222,1.0,0.8908772137026079,0.002225519287833828,1.0
2303,mul8_043,0.1000000014901161,vgg16,cifar,vgg16cifar,2,NO,NO,0.6603521929665441,0.49114239675948335,0.6195741113754587,0.6194817658349329,0.3257592112902628,0.04249304836602724,0.02965568223521211,0.04249304836602724,0.02965568223521211,0.5907712695262464,0.10316383320494676,1.0,0.8115727002967359,0.2857142857142857
2304,mul8_071,0.1040999963879585,resnet34,mnist,resnet34mnist,2,NO,NO,0.47246163234167526,1.0,1.0,1.0,1.0,0.07622134653014542,0.03939926567551005,0.07622134653014542,0.03939926567551005,1.0,0.1283268542902014,1.0,1.0,0.42857142857142855
2305,mul8_157,0.913100004196167,resnet34,cifar,resnet34cifar,0,NO,NO,0.019986056550787,0.0007698697169643084,0.015480078805765931,0.015595009596928982,0.0008573211057242055,0.0014427237757626016,0.00031255322623410233,0.0014427237757626016,0.00031255322623410233,0.02244473975989178,0.010031320351361195,0.4658218775008196,0.02967359050445104,0.14285714285714285
2306,mul8_480,0.1297000050544738,resnet18,cifar,resnet18cifar,2,NO,NO,0.4602750111408868,0.0316568626856546,0.24506878752596659,0.2449616122840691,0.04159697351760885,0.019488063425642358,0.009977120401472864,0.019488063425642358,0.009977120401472864,0.224740518321515,0.058521882445674564,0.9425796546043589,0.24629080118694363,0.14285714285714285
2307,ReFAM_sta2_j2_k6_const0,0.1005999967455864,resnet34,cifar,resnet34cifar,2,YES,NO,1.0,0.2457455481109724,1.0,1.0,0.32336415735667734,0.06578079632570687,0.04582592190032362,0.06578079632570687,0.04582592190032362,0.8485007609295936,0.13226802338426996,0.998197882664853,0.5148367952522255,0.14285714285714285
2308,mul8_026,0.0099999997764825,resnet34,cifar100,resnet34cifar100,2,NO,NO,0.05949777418327416,1.0,0.6872720871440021,0.6871401151631478,1.0,0.033749979673584875,0.03855115776387481,0.033749979673584875,0.03855115776387481,0.955146246640782,0.11406101646333817,0.9494307549140787,1.0,1.0
2309,ReFAM_sta4_j1_k8_const0,0.100100003182888,resnet18,cifar,resnet18cifar,2,YES,NO,1.0,0.4374426670955086,1.0,1.0,0.5756087161071173,0.09748368014714517,0.08457198645134442,0.09748368014714517,0.08457198645134442,1.0,0.18254554737464396,1.0,0.8553412462908012,0.14285714285714285
2310,mul8_078,0.1013000011444091,resnet34,cifar,resnet34cifar,2,NO,NO,0.6380371418262705,0.15451285918273763,0.38402081058109866,0.3841170825335893,0.16372869250907332,0.02738193966397274,0.019150030816343377,0.02738193966397274,0.019150030816343377,0.38851802507289446,0.08116643676513619,0.9804251367878328,0.4317507418397626,0.7142857142857143
2311,ReFAM_new_sta3_j2_k2,0.9276000261306764,resnet34,cifar,resnet34cifar,0,NO,NO,0.003466415711110468,6.050492955952411e-05,0.0025367723883686576,0.00263915547024952,7.588341467533027e-05,0.00024120679281691587,3.687425702761882e-05,0.00024120679281691587,3.687425702761882e-05,0.006052896226962023,0.003419412049228785,0.1034058999488891,0.005934718100890208,0.063492
2312,ReFAM_new2_sta1_j1_k2,0.9519000053405762,resnet18,mnist,resnet18mnist,1,NO,NO,0.013865662844441871,0.00021654395842355997,0.009916473881804753,0.009836852207293667,0.00023092389442389913,0.001492410568290431,0.0010763771218062065,0.001492410568290431,0.0010763771218062065,0.012404746626742444,0.018522748308581596,0.4772556501978257,0.010385756676557863,0.2857142857142857
2313,mul8_390,0.9546999931335448,vgg16,mnist,vgg16mnist,1,NO,NO,0.4376891497395984,0.07716117459811989,0.2516899811608029,0.251679462571977,0.09035203662278506,0.01776438342304058,0.009081602730802121,0.01776438342304058,0.009081602730802121,0.2712800711212085,0.05564960618166401,0.9588608174892943,0.34124629080118696,0.16071428571428573
2314,ReFAM_new_sta1_j1_k5,0.9894999861717224,vgg16,mnist,vgg16mnist,0,NO,NO,0.04463010228054727,0.0036374110768603676,0.030700713135977883,0.030710172744721688,0.004320557466155676,0.0018456384933519072,0.00022651329316965844,0.0018456384933519072,0.00022651329316965844,0.04894993172413463,0.008625785994518192,0.34004426896143064,0.06676557863501484,0.05924957142857142
2315,ReFAM_new2_sta2_j1_k8,0.1002999991178512,resnet18,cifar,resnet18cifar,2,NO,NO,0.8995348770331664,1.0,0.8490827614040077,0.8490882917466411,0.9472720245006999,0.07078922501251203,0.1242978526890991,0.07078922501251203,0.1242978526890991,0.8956159385657728,0.20702931393800422,0.9337553885344612,0.7581602373887241,0.2857142857142857
2316,mul8_442,0.1265999972820282,resnet18,mnist,resnet18mnist,2,NO,NO,0.13703174607983568,0.029475550505693834,0.08670293578399248,0.08661228406909789,0.036079118108781005,1.0,1.0,1.0,1.0,0.1407786406522903,1.0,0.8823013751071599,0.2344213649851632,1.0
2317,mul8_449,0.1000000014901161,vgg16,cifar,vgg16cifar,2,NO,NO,1.0,0.633027501477594,0.6958351569805674,0.6957773512476008,0.6656470634001824,1.0,1.0,1.0,1.0,0.742690414148952,1.0,0.9915331029609704,1.0,1.0
2318,mul8_375,0.1731999963521957,resnet34,cifar,resnet34cifar,2,YES,NO,0.09705963991109309,0.003209945736631595,0.051657910454052665,0.051583493282149714,0.00422380550233939,0.004404056610421217,0.0015416951271547297,0.004404056610421217,0.0015416951271547297,0.057295065297137855,0.02241913139021754,0.44543860685130393,0.02373887240356083,0.14285714285714285
2319,ReFAM_new2_sta1_j3_k3,0.0408000014722347,resnet34,cifar100,resnet34cifar100,2,NO,NO,0.07799435349998553,0.01711254553792067,0.08140733209946693,0.08133397312859886,0.016480318499963943,0.007392491331913193,0.007680380963752606,0.007392491331913193,0.007680380963752606,0.10378554944153727,0.04974083827472337,0.49714104775305495,0.08902077151335312,0.2857142857142857
2320,mul8_180,0.1164000034332275,resnet34,mnist,resnet34mnist,2,NO,NO,0.24828202530828725,0.06621105194507426,0.20549387633846017,0.2053742802303263,0.05663486384645906,0.015935006061788687,0.010354642556755628,0.015935006061788687,0.010354642556755628,0.2179126692114387,0.05881149865940536,0.9663187324497189,0.3004451038575668,1.0
2321,mul8_476,0.1134999990463256,resnet18,mnist,resnet18mnist,2,NO,NO,0.6443200203026582,0.16065247998879068,0.3871287165172981,0.38699616122840697,0.17166666594685984,0.027172351739128076,0.01913247164633022,0.027172351739128076,0.01913247164633022,0.39459649103108113,0.08108656837629805,0.9803783021000267,0.4406528189910979,0.7142857142857143
2322,mul8_141,0.9911999702453612,resnet18,mnist,resnet18mnist,0,NO,NO,0.0,0.0,0.0,0.0,0.0,0.0,0.0,0.0,0.0,0.0,0.0,0.0,0.0,0.0
2323,mul8_279,0.0111999996006488,resnet34,cifar100,resnet34cifar100,2,NO,NO,1.0,1.0,1.0,1.0,1.0,0.09031794126840442,0.05873015594298889,0.09031794126840442,0.05873015594298889,1.0,0.1555769035548151,1.0,1.0,1.0
2324,mul8_252,0.1134999990463256,resnet18,mnist,resnet18mnist,2,NO,NO,0.6798507813415405,0.14894716447150536,0.3945282361990948,0.3944337811900192,0.16555086786407708,0.02295710494031261,0.011390633587531585,0.02295710494031261,0.011390633587531585,0.3951526069693098,0.06303855179950198,0.9654797806507578,0.56973293768546,0.2857142857142857
2325,ReFAM_new1_sta1_j5_k1,0.1000000014901161,resnet18,cifar,resnet18cifar,2,NO,YES,0.2703804254666165,0.023424961149466284,0.154973731362158,0.15499040307101727,0.026750768181482806,1.0,1.0,1.0,1.0,0.15690900214762732,1.0,0.6124785934932364,0.0712166172106825,1.0
2326,ReFAM_new2_sta4_j1_k1,0.101000003516674,vgg16,mnist,vgg16mnist,2,NO,NO,1.0,1.0,1.0,1.0,1.0,1.0,1.0,1.0,1.0,1.0,1.0,1.0,1.0,0.2857142857142857
2327,ReFAM_sta1_j2_k6_const0,0.1000000014901161,resnet34,cifar,resnet34cifar,2,YES,NO,1.0,0.3010788984281456,0.701071641876429,0.7010556621880999,0.39617451887319444,0.03845035024671751,0.02569257756324374,0.03845035024671751,0.02569257756324374,0.6616039780871356,0.09571666577094642,0.8844140267853688,0.5637982195845698,0.14285714285714285
2328,mul8_046,0.1042999997735023,resnet34,cifar,resnet34cifar,2,NO,NO,0.9097174731845534,0.37893838079891984,0.6207510630681392,0.6206813819577736,0.31285128296175246,0.04107742647709799,0.02989975469839492,0.04107742647709799,0.02989975469839492,0.58664585352985,0.10314666523351428,0.9942047164566912,0.7099406528189911,0.15178571428571427
2329,ReFAM_sta4_j5_k3_const0,0.1000000014901161,vgg16,cifar,vgg16cifar,2,YES,NO,1.0,0.09921534659771228,0.62358477619535,0.6235604606525912,0.1305524645147679,0.052093440078631606,0.04112182025380024,0.052093440078631606,0.04112182025380024,0.51609592519047,0.12206875548628651,0.9911757339301023,0.36795252225519287,0.14285714285714285
2330,mul8_493,0.0998999997973442,resnet34,cifar,resnet34cifar,2,NO,NO,1.0,0.364189764845999,0.6526431404538144,0.652591170825336,0.39527512395478853,0.03815222949155053,0.024612688607434905,0.03815222949155053,0.024612688607434905,0.634069007561394,0.09382744247983137,0.9857072750560489,0.7344213649851632,0.14285714285714285
2331,ReFAM_new1_sta4_j1_k5,0.1000000014901161,resnet18,cifar,resnet18cifar,2,NO,YES,1.0,1.0,1.0,1.0,1.0,1.0,1.0,1.0,1.0,1.0,1.0,1.0,1.0,1.0
2332,ReFAM_new_sta2_j3_k5,0.8838000297546387,vgg16,mnist,vgg16mnist,2,NO,NO,0.28511269223883595,0.08703454990701348,0.23268400643639853,0.23272552783109407,0.07621903001406873,0.008627433975286692,0.0008112336546076141,0.008627433975286692,0.0008112336546076141,0.24991938401884056,0.017562088341902392,0.653352040057912,0.2314540059347181,0.046083
2333,ReFAM_new2_sta3_j3_k5,0.1017000004649162,resnet34,mnist,resnet34mnist,2,NO,NO,0.8908688377553902,0.31543767355361374,0.5213787922846933,0.5213531669865643,0.3571812384695703,0.07004753670950571,0.1455339129030049,0.07004753670950571,0.1455339129030049,0.5499548348838667,0.2225499065465207,0.893828817179778,0.37388724035608306,0.2857142857142857
2334,ReFAM_sta3_j3_k6_const1,0.1009000018239021,resnet34,mnist,resnet34mnist,2,NO,YES,0.2448156095971768,0.7973406789799506,0.7534691423243031,0.753358925143954,0.37117831492159414,1.0,1.0,1.0,1.0,0.6839665541743765,1.0,1.0,0.6706231454005934,1.0
2335,ReFAM_sta2_j1_k9_const1,0.0979999974370002,vgg16,mnist,vgg16mnist,2,NO,YES,0.039863780677770376,1.0,1.0,1.0,1.0,1.0,1.0,1.0,1.0,1.0,1.0,1.0,1.0,1.0
2336,mul8_195,0.1026000007987022,resnet34,cifar,resnet34cifar,2,NO,NO,1.0,1.0,1.0,1.0,1.0,0.07571454124636157,0.04996813010642613,0.07571454124636157,0.04996813010642613,1.0,0.14060046099735465,1.0,1.0,0.42857142857142855
2337,ReFAM_sta1_j3_k7_const1,0.1000000014901161,vgg16,cifar,vgg16cifar,2,NO,YES,1.0,1.0,1.0,1.0,1.0,1.0,1.0,1.0,1.0,1.0,1.0,1.0,1.0,1.0
2338,ReFAM_sta2_j4_k5_const1,0.1027999967336654,resnet18,mnist,resnet18mnist,2,NO,YES,0.4333019638888085,0.9755655618678827,0.8418679150622335,0.841890595009597,0.4766540567284868,1.0,1.0,1.0,1.0,0.76799779982289,1.0,1.0,0.7062314540059347,1.0
2339,ReFAM_new_sta3_j4_k4,0.1290999948978424,resnet34,cifar,resnet34cifar,2,NO,NO,0.20711833873885044,0.05960352552671133,0.177992057168245,0.17802303262955857,0.054386829603867926,0.009228192466759535,0.002024572302516405,0.009228192466759535,0.002024572302516405,0.202057061868049,0.026471519081827034,0.5785794428301184,0.22551928783382788,0.06762471428571429
2340,mul8_036,0.1036999970674514,resnet34,cifar,resnet34cifar,2,NO,NO,0.46666621510824674,0.4637403809135608,0.5804745083118906,0.5803742802303263,0.27134405233795145,0.04257887100766622,0.030703964684997274,0.04257887100766622,0.030703964684997274,0.547694295775454,0.10478583328854732,1.0,0.6491097922848664,0.2857142857142857
2341,mul8_158,0.1094999983906745,resnet18,cifar,resnet18cifar,2,NO,NO,0.7634780603720805,0.5476975884008866,0.6603589689010229,0.6602687140115163,0.38711718625809977,0.04435675478393472,0.031427402489539125,0.04435675478393472,0.031427402489539125,0.6355544584398194,0.10637424386282343,1.0,0.8976261127596439,0.2857142857142857
2342,ReFAM_new_sta2_j4_k2,0.9014999866485596,resnet34,cifar,resnet34cifar,1,NO,NO,0.018198682483329957,0.002408852508088554,0.029057574630404627,0.029030710172744723,0.002245729922033747,0.0016252098137739014,0.00010535502007891092,0.0016252098137739014,0.00010535502007891092,0.0378971244065334,0.005919964410048787,0.3827992482014462,0.02373887240356083,0.040816285714285715
2343,ReFAM_new1_sta2_j2_k6,0.1000000014901161,resnet34,cifar,resnet34cifar,2,NO,YES,0.7054155972109802,0.33942548977148246,0.517825871899186,0.5177543186180423,0.2900560393259258,1.0,1.0,1.0,1.0,0.5206898173179675,1.0,0.9778767188839498,0.3768545994065282,1.0
2344,mul8_286,0.1134999990463256,resnet18,mnist,resnet18mnist,2,NO,NO,0.23224985264440134,0.02247280462639798,0.1558745752133125,0.15595009596928983,0.01846963852096213,1.0,1.0,1.0,1.0,0.1454333495436478,1.0,0.97626092215464,0.15207715133531158,1.0
2345,mul8_255,0.1024999991059303,resnet34,cifar,resnet34cifar,2,NO,NO,0.7685422788082388,0.2262242820421369,0.4716799896353569,0.4716890595009597,0.22976074296523172,0.030305329857064647,0.020071887242033844,0.030305329857064647,0.020071887242033844,0.46923727048246117,0.08364235681911826,0.9844641195384136,0.5756676557863502,0.36153842857142854
2346,ReFAM_sta2_j7_k1_const1,0.0945999994874,resnet34,mnist,resnet34mnist,2,NO,YES,0.2773132568888374,0.207474587929585,0.3880108675845697,0.3879558541266795,0.1144812715258817,1.0,1.0,1.0,1.0,0.3620421329996928,1.0,0.8140693438460238,0.28486646884273,1.0
2347,ReFAM_sta2_j4_k4_const1,0.1006999984383583,resnet18,cifar,resnet18cifar,2,NO,YES,0.21145135837773854,0.24349412783736274,0.4225095293347415,0.42250479846449135,0.11622853722098975,1.0,1.0,1.0,1.0,0.38325875418362937,1.0,0.994904182337621,0.3264094955489614,1.0
2348,ReFAM_new1_sta2_j1_k2,0.6800000071525574,vgg16,cifar,vgg16cifar,1,YES,YES,0.058929067088877955,0.0002897867678903523,0.03136373134710341,0.03142994241842611,0.0003813157745167505,1.0,1.0,1.0,1.0,0.026383961770203804,1.0,0.9545113003956514,0.010385756676557863,1.0
2349,ReFAM_sta2_j2_k3_const0,0.1146999970078468,resnet18,mnist,resnet18mnist,2,YES,NO,0.14558945986663965,0.002401090362520062,0.077486865681079,0.07749520153550864,0.003159473560281647,0.008456692088236515,0.004179082463130133,0.008456692088236515,0.004179082463130133,0.0679166249944924,0.03707908612648764,0.9028088594939003,0.040059347181008904,0.14285714285714285
2350,mul8_073,0.1150000020861625,vgg16,mnist,vgg16mnist,2,NO,NO,0.3459374588861432,1.0,1.0,1.0,1.0,0.08505475484536566,0.04964152954418151,0.08505475484536566,0.04964152954418151,1.0,0.14384072899685302,1.0,1.0,0.42857142857142855
2351,ReFAM_sta2_j4_k4_const0,0.1134999990463256,resnet34,mnist,resnet34mnist,2,YES,NO,1.0,0.24349412783736274,1.0,1.0,0.3204016271085087,0.06439769670097766,0.043130589303304816,0.06439769670097766,0.043130589303304816,0.8416703916607442,0.12851719484303994,0.9972031546216674,0.5103857566765578,0.14285714285714285
2352,mul8_317,0.1225000023841857,resnet18,cifar,resnet18cifar,2,NO,NO,0.1370046664403005,0.013788244796576057,0.09708919777301862,0.09716890595009597,0.013084374233249247,0.008541611333647715,0.004240539558176165,0.008541611333647715,0.004240539558176165,0.10389088720576269,0.03735153436878594,0.963770314545836,0.14614243323442136,0.42857142857142855
2353,mul8_384,0.1022000014781951,vgg16,cifar,vgg16cifar,2,NO,NO,0.0915892060834126,1.0,1.0,1.0,1.0,0.055548027253657394,0.03179263322581268,0.055548027253657394,0.03179263322581268,1.0,0.11042961728859509,0.9835783330516465,0.9903560830860534,0.2857142857142857
2354,ReFAM_sta2_j1_k9_const0,0.1000000014901161,vgg16,cifar,vgg16cifar,2,YES,NO,1.0,1.0,1.0,1.0,1.0,0.176463095360699,0.12252613243477206,0.176463095360699,0.12252613243477206,1.0,0.2452280503753068,1.0,1.0,0.14285714285714285
2355,ReFAM_new_sta3_j2_k3,0.6899999976158142,resnet34,cifar100,resnet34cifar100,0,NO,NO,0.0028164627652772552,0.00043417013986192136,0.009166972948877649,0.009117082533589253,0.00047061709627710564,0.0007651766049285684,0.00012115827309074755,0.0007651766049285684,0.00012115827309074755,0.015841945430041124,0.006243170133104029,0.21078765763435955,0.01483679525222552,0.063492
2356,ReFAM_sta2_j3_k5_const0,0.1000000014901161,vgg16,cifar,vgg16cifar,2,YES,NO,1.0,0.24491042085955214,1.0,1.0,0.3222652555779189,0.0653417457590064,0.0449110891426384,0.0653417457590064,0.0449110891426384,0.8463974894735932,0.13101700077031941,0.9979494551904035,0.5133531157270029,0.14285714285714285
2357,mul8_213,0.9312000274658204,resnet34,cifar,resnet34cifar,0,NO,NO,0.0,0.0,0.0,0.0,0.0,0.0,0.0,0.0,0.0,0.0,0.0,0.0,0.0,0.0
2358,mul8_011,0.010700000450015,resnet34,cifar100,resnet34cifar100,2,NO,NO,0.3157552663642016,1.0,1.0,1.0,1.0,0.0749918242641386,0.039046326358245696,0.0749918242641386,0.039046326358245696,1.0,0.12739306593098176,1.0,1.0,0.42857142857142855
2359,mul8_022,0.100100003182888,resnet34,cifar,resnet34cifar,2,NO,NO,1.0,0.8930129544238657,0.8664674452291101,0.8663627639155471,0.7641286192857913,0.05266167630590441,0.03848443291782484,0.05266167630590441,0.03848443291782484,0.8591355304817413,0.11876280133522031,1.0,1.0,0.14285714285714285
2360,ReFAM_new1_sta1_j2_k1,0.2009000033140182,resnet34,mnist,resnet34mnist,2,NO,YES,0.038130572822215145,0.0003534761674266935,0.021216641793628775,0.02111324376199616,0.00041798075283566884,1.0,1.0,1.0,1.0,0.02061542120235129,1.0,0.6840664319502168,0.008902077151335312,1.0
2361,mul8_035,0.1519999951124191,resnet34,cifar,resnet34cifar,2,NO,NO,0.10399247133331403,0.03960206863169694,0.1056652189857049,0.10556621880998081,0.042136454717500584,0.00989128529794911,0.006351151793757013,0.00989128529794911,0.006351151793757013,0.15630073435234026,0.045630228766951504,0.744841566396315,0.20771513353115728,0.2857142857142857
2362,ReFAM_new_sta1_j1_k8,0.1136000007390976,resnet34,mnist,resnet34mnist,2,NO,NO,0.3843388419693731,0.25477904356354925,0.27317507435565835,0.2732725527831094,0.2948943713694238,0.007339190954474249,0.001343276506006114,0.007339190954474249,0.001343276506006114,0.41119618404975594,0.021522664708025056,0.4459354618002032,0.5652818991097923,0.06098442857142857
2363,mul8_330,0.1134999990463256,resnet34,mnist,resnet34mnist,2,NO,NO,0.5303616037999016,0.08571160166101954,0.29984902016308607,0.29990403071017274,0.10018833115874236,0.02000570946415956,0.009820843788355812,0.02000570946415956,0.009820843788355812,0.30362530199237175,0.05822032329529508,0.9643302945087346,0.38427299703264095,0.17857142857142858
2364,mul8_031,0.1013000011444091,vgg16,mnist,vgg16mnist,2,NO,NO,1.0,1.0,0.7306458509591355,0.7305662188099808,1.0,0.028770459666068615,0.023209710923384076,0.028770459666068615,0.023209710923384076,1.0,0.08904802851973272,0.7945565875024689,0.8100890207715133,0.8401544285714285
2365,ReFAM_sta2_j8_k2_const0,0.1134999990463256,resnet34,mnist,resnet34mnist,2,YES,NO,1.0,1.0,1.0,1.0,1.0,0.14160735870431299,0.0781400624755269,0.14160735870431299,0.0781400624755269,1.0,0.19617318452434268,0.9865146643480103,1.0,0.14285714285714285
2366,mul8_311,0.1017000004649162,resnet18,cifar,resnet18cifar,2,NO,NO,1.0,1.0,1.0,1.0,1.0,0.09031794126840442,0.05873015594298889,0.09031794126840442,0.05873015594298889,1.0,0.1555769035548151,1.0,1.0,1.0
2367,mul8_390,0.0063000000081956,resnet34,cifar100,resnet34cifar100,2,NO,NO,0.4376891497395984,0.07716117459811989,0.2516899811608029,0.251679462571977,0.09035203662278506,0.01776438342304058,0.009081602730802121,0.01776438342304058,0.009081602730802121,0.2712800711212085,0.05564960618166401,0.9588608174892943,0.34124629080118696,0.16071428571428573
2368,mul8_180,0.3711000084877014,vgg16,cifar,vgg16cifar,2,NO,NO,0.24828202530828725,0.06621105194507426,0.20549387633846017,0.2053742802303263,0.05663486384645906,0.015935006061788687,0.010354642556755628,0.015935006061788687,0.010354642556755628,0.2179126692114387,0.05881149865940536,0.9663187324497189,0.3004451038575668,1.0
2369,ReFAM_new_sta2_j2_k3,0.9132999777793884,resnet34,cifar,resnet34cifar,0,NO,NO,0.012132454988886637,0.0004959811988892569,0.01130016791182402,0.011276391554702494,0.0005467664933711526,0.0007272339633618626,4.389792503287955e-05,0.0007272339633618626,4.389792503287955e-05,0.017542960565965833,0.0037650107785003255,0.25055947089020525,0.011869436201780416,0.031746
2370,ReFAM_sta4_j1_k3_const1,0.1935999989509582,resnet18,mnist,resnet18mnist,2,NO,YES,0.05719585923332272,0.00030809747025705044,0.030671884332093773,0.030710172744721688,0.0003880595157906919,1.0,1.0,1.0,1.0,0.02599928430197783,1.0,0.986328343742173,0.01112759643916914,1.0
2371,ReFAM_sta1_j2_k1_const0,0.9677000045776368,resnet18,mnist,resnet18mnist,0,YES,NO,0.027731325688883743,0.0001846992586553894,0.014759402986872191,0.01487523992322457,0.00024303642771397285,0.0018817743424630556,0.0005970117804471619,0.0018817743424630556,0.0005970117804471619,0.014949552065328449,0.013853806512483354,0.6840664319502168,0.011869436201780416,0.14285714285714285
2372,mul8_437,0.1027999967336654,resnet34,cifar,resnet34cifar,2,NO,NO,1.0,1.0,1.0,1.0,1.0,0.09031794126840442,0.05873015594298889,0.09031794126840442,0.05873015594298889,1.0,0.1555769035548151,1.0,1.0,1.0
2373,ReFAM_sta1_j1_k8_const0,0.1000000014901161,vgg16,cifar,vgg16cifar,2,YES,NO,1.0,1.0,1.0,1.0,1.0,0.06089974650701848,0.04122717527387915,0.06089974650701848,0.04122717527387915,1.0,0.1249552139875674,0.9187173811671612,1.0,0.14285714285714285
2374,ReFAM_sta4_j2_k6_const1,0.1000000014901161,resnet18,cifar,resnet18cifar,2,NO,YES,0.5442272666443434,0.10086171757572669,0.35955775692379094,0.3596449136276392,0.07684910151712776,1.0,1.0,1.0,1.0,0.3212086717207048,1.0,1.0,0.1913946587537092,1.0
2375,ReFAM_new2_sta3_j1_k6,0.100100003182888,resnet34,cifar,resnet34cifar,2,NO,NO,0.533828019511012,0.075790385448246,0.29118471558143383,0.2912667946257198,0.0947241451322628,0.040644699683992,0.07396098001239677,0.040644699683992,0.07396098001239677,0.29503134672826503,0.15683165833646834,0.9823514678602046,0.1884272997032641,0.2857142857142857
2376,ReFAM_new2_sta1_j2_k7,0.097800001502037,resnet34,cifar,resnet34cifar,2,NO,NO,0.6655518165332098,1.0,0.6820962966030734,0.682101727447217,0.8975542037125588,0.033801473258568256,0.041871596813361826,0.033801473258568256,0.041871596813361826,0.8017380292573325,0.11860157169046297,0.6639326069205378,0.7566765578635015,0.2857142857142857
2377,ReFAM_new2_sta1_j5_k1,0.7062000036239624,vgg16,cifar,vgg16cifar,0,NO,NO,0.06239548279998842,0.014049881537716863,0.06641731344092486,0.06645873320537428,0.014414574333380458,0.0054619335931500885,0.0048410631726259565,0.0054619335931500885,0.0048410631726259565,0.093143825767061,0.03945423765249637,0.3261252033745411,0.0712166172106825,0.2857142857142857
2378,ReFAM_new1_sta4_j5_k1,0.1000000014901161,resnet34,cifar,resnet34cifar,2,NO,YES,1.0,1.0,1.0,1.0,1.0,1.0,1.0,1.0,1.0,1.0,1.0,1.0,1.0,1.0
2379,mul8_313,0.0109999999403953,resnet34,cifar100,resnet34cifar100,2,NO,NO,1.0,1.0,1.0,1.0,1.0,0.09031794126840442,0.05873015594298889,0.09031794126840442,0.05873015594298889,1.0,0.1555769035548151,1.0,1.0,1.0
2380,mul8_391,0.1216999962925911,resnet18,cifar,resnet18cifar,2,NO,NO,0.4246359246110323,0.1064168264209105,0.2956655079748154,0.2955854126679463,0.09529042666300613,0.019918080030065028,0.010686510870004197,0.019918080030065028,0.010686510870004197,0.29783597485178226,0.060514113565384595,0.9715387638493226,0.4035608308605341,0.2857142857142857
2381,ReFAM_new2_sta1_j4_k2,0.6735000014305115,resnet34,cifar,resnet34cifar,2,NO,NO,0.07279472993331983,0.01602106845336662,0.07656440299439948,0.07653550863723609,0.015712514565870167,0.006680615104423569,0.006507428406874064,0.006680615104423569,0.006507428406874064,0.10012009896487549,0.045775783307357445,0.4295300851780431,0.0830860534124629,0.2857142857142857
2382,mul8_326,0.0102000003680586,resnet34,cifar100,resnet34cifar100,2,NO,NO,0.3014156820965681,1.0,1.0,1.0,1.0,0.07507312992463867,0.03900067251621151,0.07507312992463867,0.03900067251621151,1.0,0.12736843362414385,1.0,1.0,0.42857142857142855
2383,ReFAM_new1_sta4_j1_k4,0.1009000018239021,resnet34,mnist,resnet34mnist,2,NO,YES,1.0,1.0,1.0,1.0,1.0,1.0,1.0,1.0,1.0,1.0,1.0,1.0,1.0,1.0
2384,ReFAM_new1_sta3_j1_k7,0.1009000018239021,resnet34,mnist,resnet34mnist,2,NO,YES,0.9601971519775996,0.26814192545792676,0.5531235818981118,0.5530230326295587,0.2977074716924416,1.0,1.0,1.0,1.0,0.542961992521874,1.0,1.0,0.37833827893175076,1.0
2385,ReFAM_sta4_j6_k4_const1,0.1009000018239021,resnet34,mnist,resnet34mnist,2,NO,YES,1.0,1.0,1.0,1.0,1.0,1.0,1.0,1.0,1.0,1.0,1.0,0.9882078401267388,1.0,1.0
2386,mul8_347,0.1079000011086463,resnet34,mnist,resnet34mnist,2,NO,NO,1.0,1.0,1.0,1.0,1.0,0.09031794126840442,0.05873015594298889,0.09031794126840442,0.05873015594298889,1.0,0.1555769035548151,1.0,1.0,1.0
2387,ReFAM_sta2_j8_k2_const1,0.1000000014901161,resnet18,cifar,resnet18cifar,2,NO,YES,0.0,1.0,1.0,1.0,1.0,1.0,1.0,1.0,1.0,1.0,1.0,0.9034299281800244,0.9495548961424333,1.0
2388,mul8_372,0.1134999990463256,resnet34,mnist,resnet34mnist,2,NO,NO,1.0,0.776625920974193,0.9454194178070839,0.9452975047984645,0.7372008300748149,0.05257585366426543,0.03845107049479986,0.05257585366426543,0.03845107049479986,0.8962876299056917,0.11869189014886869,0.9989126207265893,1.0,0.14285714285714285
2389,ReFAM_new1_sta2_j2_k2,0.9758999943733216,vgg16,mnist,vgg16mnist,0,YES,YES,0.09532643205553787,0.001209302473696278,0.050735447767373154,0.05062380038387716,0.001591260059041055,1.0,1.0,1.0,1.0,0.04561812211687306,1.0,0.8908772137026079,0.020771513353115726,1.0
2390,ReFAM_sta3_j2_k5_const0,0.1485999971628189,vgg16,mnist,vgg16mnist,2,YES,NO,0.748745793599861,0.041417216518482666,0.39850388064554915,0.39851247600767753,0.05449882377324019,0.03488283854321938,0.025257110146917575,0.03488283854321938,0.025257110146917575,0.3305956459685178,0.09404764037429163,0.9822272541229797,0.22551928783382788,0.14285714285714285
2391,mul8_140,0.1134999990463256,resnet34,mnist,resnet34mnist,2,NO,NO,1.0,0.2928668967212697,0.6056245679000284,0.6055662188099808,0.3201268077511912,0.03867529590743441,0.024358080642244203,0.03867529590743441,0.024358080642244203,0.5808184803832939,0.09354081200026275,0.9937852405572106,0.6379821958456974,0.14285714285714285
2392,mul8_047,0.100100003182888,resnet34,cifar,resnet34cifar,2,NO,NO,1.0,0.4398159057906402,0.691510548589593,0.6914587332053743,0.3584231950598025,0.04750509063774353,0.03624212690714535,0.04750509063774353,0.03624212690714535,0.6434672751522802,0.11419537450063597,0.9963336584610937,0.7603857566765578,0.14732142857142858
2393,ReFAM_sta3_j1_k6_const0,0.1134999990463256,resnet18,mnist,resnet18mnist,2,YES,NO,0.7504790014554162,0.04157882836980613,0.39942634333222865,0.3994721689059501,0.054711480647489916,0.03504273967553621,0.025603025796176668,0.03504273967553621,0.025603025796176668,0.3313345641001964,0.09467016594710473,0.9823514678602046,0.22626112759643918,0.14285714285714285
2394,mul8_430,0.1096000000834465,resnet34,cifar,resnet34cifar,2,NO,NO,0.3879677493833576,1.0,1.0,1.0,1.0,0.07342443180894254,0.03728338568892525,0.07342443180894254,0.03728338568892525,1.0,0.12454243623964696,1.0,1.0,0.44642857142857145
2395,ReFAM_new1_sta3_j4_k4,0.1000000014901161,resnet18,cifar,resnet18cifar,2,NO,YES,0.9030012927442769,0.26292178304842945,0.5238867395590286,0.5237523992322457,0.2924406463638077,1.0,1.0,1.0,1.0,0.5249365257679642,1.0,0.8952888376648632,0.36795252225519287,1.0
2396,mul8_082,0.2329999953508377,vgg16,mnist,vgg16mnist,2,NO,NO,0.9535892970282952,0.2604456306269584,0.5428922641216418,0.5429462571976967,0.2969752613315266,0.032957701181822945,0.024017432743989056,0.032957701181822945,0.024017432743989056,0.5370777276707713,0.09144631948549828,0.9887209854018314,0.6706231454005934,1.0
2397,mul8_443,0.1134999990463256,resnet18,mnist,resnet18mnist,2,NO,NO,0.47143253671102364,0.0978571701525998,0.30339360886560734,0.30326295585412666,0.09295085893477459,0.022821595506145802,0.014066651097535923,0.022821595506145802,0.014066651097535923,0.3002916760300761,0.06941682640344433,0.9689282390768271,0.4043026706231454,0.14285714285714285
2398,ReFAM_new1_sta4_j6_k3,0.1000000014901161,resnet34,cifar,resnet34cifar,2,NO,YES,1.0,1.0,1.0,1.0,1.0,1.0,1.0,1.0,1.0,1.0,1.0,1.0,1.0,1.0
2399,ReFAM_sta3_j5_k3_const0,0.1000000014901161,resnet18,cifar,resnet18cifar,2,YES,NO,1.0,0.18006267036914375,0.8781844777188953,0.8781190019193859,0.23693537532170483,0.06253579707552573,0.04616130204757481,0.06253579707552573,0.04616130204757481,0.7201674709659099,0.13159399389715937,0.9945315411259467,0.49851632047477745,0.14285714285714285
2400,ReFAM_sta2_j8_k1_const0,0.1010999977588653,resnet18,cifar,resnet18cifar,2,YES,NO,1.0,0.8005502764119939,1.0,1.0,1.0,0.07827928313702533,0.03838610156575119,0.07827928313702533,0.03838610156575119,1.0,0.12792079444414586,0.9563755245994108,0.8545994065281899,0.14285714285714285
2401,ReFAM_sta4_j6_k4_const1,0.1027999967336654,resnet18,mnist,resnet18mnist,2,NO,YES,1.0,1.0,1.0,1.0,1.0,1.0,1.0,1.0,1.0,1.0,1.0,0.9882078401267388,1.0,1.0
2402,ReFAM_sta3_j5_k3_const1,0.100100003182888,vgg16,mnist,vgg16mnist,2,NO,YES,0.013865662844441871,0.18006267036914375,0.35531749114118494,0.3553262955854127,0.08157810922183704,1.0,1.0,1.0,1.0,0.3218866215000256,1.0,0.9608502735756654,0.32047477744807124,1.0
2403,mul8_290,0.0099999997764825,resnet34,cifar100,resnet34cifar100,2,NO,NO,1.0,0.5467002024558633,0.8585186359159032,0.8584452975047985,0.6172612925043266,0.04791161894024395,0.03250729144534797,0.04791161894024395,0.03250729144534797,0.816411646945982,0.10900318279261688,0.9946557548631715,1.0,0.14732142857142858
2404,ReFAM_sta1_j4_k3_const1,0.1009000018239021,resnet34,mnist,resnet34mnist,2,NO,YES,0.20798494266662806,0.0709754668432986,0.24860369406012847,0.2485604606525912,0.0323927226666575,1.0,1.0,1.0,1.0,0.21776971043042742,1.0,0.9644545082459596,0.17804154302670624,1.0
2405,mul8_369,0.1045000031590461,resnet18,cifar,resnet18cifar,2,NO,NO,0.8154742960387376,0.49852379913637174,0.6567381441922236,0.6566698656429942,0.3569129749947487,0.04546070497428031,0.03391904871440537,0.04546070497428031,0.03391904871440537,0.6230235766483647,0.110333327361865,1.0,0.7640949554896143,0.2857142857142857
2406,ReFAM_sta1_j6_k1_const0,0.9865000247955322,vgg16,mnist,vgg16mnist,0,YES,NO,0.49916386239990734,0.052989580414235855,0.26566925376369943,0.265595009596929,0.06972631305449152,0.015888029457944194,0.006914801151179185,0.015888029457944194,0.006914801151179185,0.26166439855535184,0.048648059571368,0.7477005186432601,0.21364985163204747,0.14285714285714285
2407,ReFAM_sta1_j3_k5_const1,0.1009000018239021,resnet34,mnist,resnet34mnist,2,NO,YES,0.43676837959991893,0.29940386722033985,0.5138693703984056,0.513915547024952,0.1354146293808129,1.0,1.0,1.0,1.0,0.4486825388179094,1.0,1.0,0.37388724035608306,1.0
2408,ReFAM_new2_sta1_j1_k8,0.1033999994397163,resnet34,mnist,resnet34mnist,2,NO,NO,0.6690182322443203,1.0,0.6834079241581584,0.6833013435700576,0.8982825012205099,0.034081526089179665,0.04252655385485239,0.034081526089179665,0.04252655385485239,0.8025373391636904,0.11952789571427717,0.6711410762611257,0.7581602373887241,0.2857142857142857
2409,ReFAM_sta3_j4_k2_const1,0.1000000014901161,resnet34,cifar,resnet34cifar,2,NO,YES,0.08059416528331838,0.009016627709983951,0.08705741605537894,0.08709213051823417,0.004799298348348947,1.0,1.0,1.0,1.0,0.07859447274934046,1.0,0.8998256935097305,0.05934718100890208,1.0
2410,ReFAM_new1_sta4_j6_k3,0.101000003516674,vgg16,mnist,vgg16mnist,2,NO,YES,1.0,1.0,1.0,1.0,1.0,1.0,1.0,1.0,1.0,1.0,1.0,1.0,1.0,1.0
2411,ReFAM_sta3_j8_k2_const1,0.1134999990463256,resnet18,mnist,resnet18mnist,2,NO,YES,0.6105224671193311,1.0,1.0,1.0,1.0,1.0,1.0,1.0,1.0,1.0,1.0,0.9096283972966204,1.0,1.0
2412,ReFAM_new2_sta1_j3_k5,0.1775999963283538,resnet18,cifar,resnet18cifar,2,NO,NO,0.3275762846999392,0.28763963900848344,0.33975453828764773,0.3397312859884837,0.2738034800676354,0.01965248153909808,0.028782991485558462,0.01965248153909808,0.028782991485558462,0.42640924294189536,0.0969370846097347,0.5722099252884915,0.37388724035608306,0.2857142857142857
2413,mul8_058,0.2937999963760376,vgg16,mnist,vgg16mnist,2,NO,NO,0.0914808805924404,1.0,1.0,1.0,1.0,0.05544232989500729,0.03172942021376533,0.05544232989500729,0.03172942021376533,1.0,0.11030197715316219,0.9820867500595615,0.9903560830860534,0.2857142857142857
2414,ReFAM_new1_sta1_j4_k5,0.1000000014901161,resnet34,cifar,resnet34cifar,2,NO,YES,1.0,1.0,1.0,1.0,1.0,1.0,1.0,1.0,1.0,1.0,1.0,0.8869003378206395,0.7477744807121661,1.0
2415,ReFAM_sta1_j5_k3_const1,0.1000000014901161,resnet34,cifar,resnet34cifar,2,NO,YES,0.41596988533325613,0.2839018673731944,0.49720738812025694,0.4971209213051824,0.12957089066663,1.0,1.0,1.0,1.0,0.4355394235677923,1.0,0.9644545082459596,0.3560830860534125,1.0
2416,ReFAM_new2_sta2_j6_k1,0.1198000013828277,resnet34,cifar,resnet34cifar,2,NO,NO,0.21838418979995947,0.061342445163427,0.16950251867736033,0.16938579654510558,0.06197841388131424,0.01755027851705702,0.02128346997294132,0.01755027851705702,0.02128346997294132,0.20629634248166215,0.08344977696565808,0.43251325116221295,0.142433234421365,0.2857142857142857
2417,mul8_266,0.0991000011563301,resnet18,cifar,resnet18cifar,2,NO,NO,1.0,0.6756794394823326,0.7034684471564224,0.7034548944337813,0.7280625072127753,1.0,1.0,1.0,1.0,0.7646070791357383,1.0,0.9809067195559257,1.0,1.0
2418,mul8_088,0.1006999984383583,resnet18,cifar,resnet18cifar,2,NO,NO,0.38190152188891424,1.0,1.0,1.0,1.0,0.07328169520495349,0.03648093161932422,0.07328169520495349,0.03648093161932422,1.0,0.12345786830523757,1.0,1.0,0.44642857142857145
2419,ReFAM_sta3_j2_k3_const1,0.9767000079154968,vgg16,mnist,vgg16mnist,0,NO,YES,0.07106152207776459,0.0020945851272514203,0.05024539131000004,0.05014395393474089,0.0014091454050508142,1.0,1.0,1.0,1.0,0.04443831696066123,1.0,0.9704198220689122,0.025222551928783383,1.0
2420,mul8_090,0.1103999987244606,resnet18,mnist,resnet18mnist,2,NO,NO,0.3029322389701789,1.0,1.0,1.0,1.0,0.07443533218782691,0.03762227767017909,0.07443533218782691,0.03762227767017909,1.0,0.12538068110567707,1.0,1.0,0.42857142857142855
2421,ReFAM_new2_sta4_j1_k1,0.1000000014901161,vgg16,cifar,vgg16cifar,2,NO,NO,1.0,1.0,1.0,1.0,1.0,1.0,1.0,1.0,1.0,1.0,1.0,1.0,1.0,0.2857142857142857
2422,mul8_424,0.0947000011801719,resnet18,cifar,resnet18cifar,2,NO,NO,1.0,1.0,1.0,1.0,1.0,0.08762401371716831,0.043799593680805896,0.08762401371716831,0.043799593680805896,1.0,0.13834623170491392,1.0,1.0,0.36160714285714285
2423,ReFAM_new_sta1_j6_k2,0.1624999940395355,resnet34,cifar,resnet34cifar,2,NO,NO,0.15598870699997106,0.05367424145925152,0.11346291046157997,0.11348368522072937,0.06326384873307989,0.0038032981189483742,0.0005917440294432163,0.0038032981189483742,0.0005917440294432163,0.18597271018867897,0.014061315036754387,0.2863533901186954,0.23738872403560832,0.05442171428571429
2424,ReFAM_sta3_j8_k1_const1,0.0992999970912933,resnet34,cifar,resnet34cifar,2,NO,YES,0.36094053591937747,0.6546441812600311,0.6762660446149005,0.6763435700575816,0.3438280804791717,1.0,1.0,1.0,1.0,0.6296408693352383,1.0,0.7967781807370965,0.56973293768546,1.0
2425,mul8_131,0.0094999996945261,resnet34,cifar100,resnet34cifar100,2,NO,NO,0.30834851351878906,1.0,1.0,1.0,1.0,0.07438203181038797,0.037353622368977865,0.07438203181038797,0.037353622368977865,1.0,0.12501791440497304,1.0,1.0,0.4330357142857143
2426,ReFAM_new2_sta4_j6_k1,0.1026000007987022,resnet34,mnist,resnet34mnist,2,NO,NO,1.0,1.0,1.0,1.0,1.0,1.0,1.0,1.0,1.0,1.0,1.0,1.0,1.0,0.2857142857142857
2427,ReFAM_sta1_j4_k5_const1,0.1000000014901161,vgg16,cifar,vgg16cifar,2,NO,YES,0.8735367591998379,1.0,0.9947030458301012,0.9947216890595011,0.49518478590834825,1.0,1.0,1.0,1.0,0.8654413927210544,1.0,1.0,0.7477744807121661,1.0
2428,ReFAM_new_sta1_j2_k3,0.1000000014901161,resnet18,cifar,resnet18cifar,2,NO,NO,0.020365192302773998,0.0008581649045932795,0.014471133397284843,0.014395393474088292,0.0010160413748830923,0.0010244513223010585,0.00010535502007891092,0.0010244513223010585,0.00010535502007891092,0.023598533954073433,0.0058654747615891276,0.2982850359099878,0.03115727002967359,0.05714285714285715
2429,ReFAM_new_sta1_j4_k4,0.1145000010728836,resnet18,mnist,resnet18mnist,2,NO,NO,0.1845866366166324,0.059461816612742975,0.12574319497800096,0.12571976967370443,0.07065959633545477,0.004695853591993741,0.0007848948995878863,0.004695853591993741,0.0007848948995878863,0.19849439109971523,0.016249858177627297,0.36689072652818533,0.27299703264094954,0.05960485714285714
2430,ReFAM_new2_sta3_j1_k7,0.0970000028610229,resnet18,cifar,resnet18cifar,2,NO,NO,0.9047345005998321,0.31366710824650346,0.5280292611953541,0.5280710172744721,0.3549419412189441,0.0712318891641236,0.15026084147054536,0.0712318891641236,0.15026084147054536,0.5524739325374177,0.22614771621193935,0.9982599895334655,0.37833827893175076,0.2857142857142857
2431,mul8_383,0.1134999990463256,resnet34,mnist,resnet34mnist,2,NO,NO,0.9893096294095868,0.3884135020253229,0.630812009366081,0.6307581573896353,0.36252633376355514,0.039950891381057944,0.028602132034423,0.039950891381057944,0.028602132034423,0.610448052044359,0.10082376405534357,0.9953236582371017,0.8553412462908012,0.15178571428571427
2432,mul8_356,0.1024999991059303,resnet18,cifar,resnet18cifar,2,NO,NO,0.5209643657248552,0.5224626865844648,0.617017860264998,0.6170825335892515,0.3134421630976848,0.04430616459517911,0.03182775156583899,0.04430616459517911,0.03182775156583899,0.5847433312626434,0.1069549691573661,1.0,0.8100890207715133,0.2857142857142857
2433,mul8_109,0.9803000092506408,resnet34,mnist,resnet34mnist,0,NO,NO,0.012565756952775446,0.07332834234326038,0.013721632464357739,0.013675623800383879,0.09631233435061459,0.0006097924537506301,0.0007164141365365942,0.0006097924537506301,0.0007164141365365942,0.20544210881428943,0.015086168287920317,0.003045272852782286,1.0,0.14271771428571428
2434,ReFAM_new1_sta2_j1_k5,0.1026000007987022,vgg16,cifar,vgg16cifar,2,YES,YES,0.3241098689888287,0.018450022928183832,0.17250052240906874,0.17250479846449138,0.024277453501169485,1.0,1.0,1.0,1.0,0.1631814093469018,1.0,0.9912999476673271,0.09347181008902077,1.0
2435,ReFAM_sta4_j1_k3_const0,0.8492000102996826,resnet34,mnist,resnet34mnist,2,YES,NO,0.046796612099991315,0.00030809747025705044,0.02490649254034682,0.02495201535508637,0.00040540990312632543,0.0034952400052758337,0.0016821684872599441,0.0034952400052758337,0.0016821684872599441,0.022607386097032243,0.02328275499662612,0.8272431270095645,0.012611275964391691,0.14285714285714285
2436,ReFAM_sta2_j2_k3_const1,0.977500021457672,vgg16,mnist,vgg16mnist,0,NO,YES,0.06239548279998842,0.002401090362520062,0.0502742164240334,0.050383877159309025,0.0014055781331259614,1.0,1.0,1.0,1.0,0.04443831696066123,1.0,0.9704198220689122,0.02225519287833828,1.0
2437,mul8_412,0.1004000008106231,resnet34,cifar,resnet34cifar,2,NO,NO,1.0,0.636128138842891,0.8840640519419996,0.8841170825335892,0.6452874341982127,0.04977442196192365,0.03656345971838604,0.04977442196192365,0.03656345971838604,0.8382946674071078,0.1152963639729373,0.9957278619557759,0.9918397626112759,0.6190475714285714
2438,mul8_475,0.1133000031113624,resnet34,cifar,resnet34cifar,2,NO,NO,1.0,0.8529573717040736,0.8825691015322651,0.8824376199616123,0.6531510093079862,0.058063082351793326,0.051074357817254695,0.058063082351793326,0.051074357817254695,0.8394964583093504,0.1360434842323379,1.0,0.9577151335311572,0.2857142857142857
2439,ReFAM_sta1_j1_k4_const1,0.1577000021934509,resnet18,cifar,resnet18cifar,2,NO,YES,0.06066227494443319,0.004396956920490153,0.06408233161019271,0.0640595009596929,0.0020135282761619914,1.0,1.0,1.0,1.0,0.05559116456588334,1.0,1.0,0.04302670623145401,1.0
2440,mul8_058,0.1124000027775764,resnet18,mnist,resnet18mnist,2,NO,NO,0.0914808805924404,1.0,1.0,1.0,1.0,0.05544232989500729,0.03172942021376533,0.05544232989500729,0.03172942021376533,1.0,0.11030197715316219,0.9820867500595615,0.9903560830860534,0.2857142857142857
2441,ReFAM_new1_sta2_j2_k4,0.4918999969959259,vgg16,mnist,vgg16mnist,2,YES,YES,0.3137106218554973,0.018297168369296613,0.16696574628899166,0.16698656429942418,0.02407631990581999,1.0,1.0,1.0,1.0,0.1597781149352597,1.0,0.9465575486317144,0.09198813056379822,1.0
2442,mul8_328,0.1134999990463256,resnet18,mnist,resnet18mnist,2,NO,NO,1.0,1.0,1.0,1.0,1.0,0.09031794126840442,0.05873015594298889,0.09031794126840442,0.05873015594298889,1.0,0.1555769035548151,1.0,1.0,1.0
2443,mul8_466,0.4465000033378601,vgg16,mnist,vgg16mnist,2,NO,NO,0.37580144137863625,0.17591562620691414,0.35054257705493175,0.35052783109404995,0.12945260922867843,0.02617319551120482,0.016689991097500804,0.02617319551120482,0.016689991097500804,0.35032339741201995,0.07591602324095473,0.9896994231188236,0.5682492581602374,0.5
2444,mul8_096,0.0110999997705221,resnet34,cifar100,resnet34cifar100,2,NO,NO,1.0,1.0,1.0,1.0,1.0,0.09031794126840442,0.05873015594298889,0.09031794126840442,0.05873015594298889,1.0,0.1555769035548151,1.0,1.0,1.0
2445,ReFAM_sta2_j2_k7_const1,0.1027999967336654,resnet18,mnist,resnet18mnist,2,NO,YES,0.4090370539110352,0.9788360125340738,0.8417237784225144,0.8416506717850288,0.4741285444609092,1.0,1.0,1.0,1.0,0.7671935470487344,1.0,1.0,0.7062314540059347,1.0
2446,ReFAM_sta1_j2_k1_const1,0.7074000239372253,vgg16,cifar,vgg16cifar,0,NO,YES,0.013865662844441871,0.0001846992586553894,0.013145093285183046,0.013195777351247601,9.735861626212527e-05,1.0,1.0,1.0,1.0,0.011642979235984173,1.0,0.8272431270095645,0.00741839762611276,1.0
2447,mul8_402,0.0098999999463558,resnet34,cifar100,resnet34cifar100,2,NO,NO,0.4559961577139005,0.0833163259113953,0.2769225790202939,0.2768714011516315,0.08773620704061241,0.019330872482008862,0.009736559772292683,0.019330872482008862,0.009736559772292683,0.28218413222551414,0.057832177854212574,0.9677787529348041,0.39243323442136496,0.2857142857142857
2448,mul8_472,0.53329998254776,vgg16,cifar,vgg16cifar,2,NO,NO,0.45255682164232525,0.24197487734695436,0.3968361972528087,0.3968330134357006,0.195954934367929,0.02997468683769764,0.023260632516422214,0.02997468683769764,0.023260632516422214,0.41282004334732636,0.08940930235335566,0.9869494124282971,0.594213649851632,0.30357142857142855
2449,ReFAM_new_sta2_j2_k1,0.989199995994568,vgg16,mnist,vgg16mnist,0,NO,NO,0.0,0.0,0.0,0.0,0.0,0.0,0.0,0.0,0.0,0.0,0.0,0.0,0.0,0.0
2450,mul8_248,0.9243000149726868,resnet18,cifar,resnet18cifar,0,NO,NO,0.0,0.0,0.0,0.0,0.0,0.0,0.0,0.0,0.0,0.0,0.0,0.0,0.0,0.0
2451,mul8_231,0.0068999999202787,resnet34,cifar100,resnet34cifar100,2,NO,NO,0.2852210177298082,0.024857720747458793,0.17204649734423733,0.1720249520153551,0.024638169709206795,0.015239390966399079,0.00821066789814979,0.015239390966399079,0.00821066789814979,0.16340647766181476,0.05257355356108513,0.9410880716122739,0.19881305637982197,0.14285714285714285
2452,mul8_065,0.0115000000223517,resnet34,cifar100,resnet34cifar100,2,NO,NO,0.1230712975641892,0.6600085825924134,0.5952444974805552,0.5952495201535509,0.43756308255298615,0.029050512496680014,0.01221240274414709,0.029050512496680014,0.01221240274414709,0.6180464390225563,0.06671697628729928,0.9749566779137794,0.787833827893175,0.14285714285714285
2453,mul8_074,0.0099999997764825,resnet34,cifar100,resnet34cifar100,2,NO,NO,1.0,0.7749833653733473,1.0,1.0,0.8819180904636108,0.05361475932621095,0.03803140633148552,0.05361475932621095,0.03803140633148552,0.97302942593417,0.1184485528146516,0.9988810582195896,1.0,0.14285714285714285
2454,mul8_047,0.1000000014901161,vgg16,cifar,vgg16cifar,2,NO,NO,1.0,0.4398159057906402,0.691510548589593,0.6914587332053743,0.3584231950598025,0.04750509063774353,0.03624212690714535,0.04750509063774353,0.03624212690714535,0.6434672751522802,0.11419537450063597,0.9963336584610937,0.7603857566765578,0.14732142857142858
2455,mul8_089,0.1019999980926513,resnet34,mnist,resnet34mnist,2,NO,NO,0.29805759187642983,1.0,1.0,1.0,1.0,0.07508306728314425,0.0390586177772549,0.07508306728314425,0.0390586177772549,1.0,0.12744456984527924,1.0,1.0,0.42857142857142855
2456,ReFAM_sta2_j4_k5_const0,0.1134999990463256,resnet18,mnist,resnet18mnist,2,YES,NO,1.0,0.9755655618678827,1.0,1.0,1.0,0.1115920190363653,0.07610671058800393,0.1115920190363653,0.07610671058800393,1.0,0.18069513862763714,1.0,1.0,0.14285714285714285
2457,ReFAM_sta4_j3_k5_const0,0.1000000014901161,resnet18,cifar,resnet18cifar,2,YES,NO,1.0,0.100469231651084,0.6448014179889788,0.6446737044145874,0.13220238853911923,0.05498882498866237,0.04634216149871028,0.05498882498866237,0.04634216149871028,0.5306218875616193,0.1294957692146922,0.9978252414531785,0.3798219584569733,0.14285714285714285
2458,ReFAM_new1_sta1_j2_k1,0.713699996471405,resnet18,cifar,resnet18cifar,2,NO,YES,0.038130572822215145,0.0003534761674266935,0.021216641793628775,0.02111324376199616,0.00041798075283566884,1.0,1.0,1.0,1.0,0.02061542120235129,1.0,0.6840664319502168,0.008902077151335312,1.0
2459,mul8_093,0.9093999862670898,resnet18,mnist,resnet18mnist,2,NO,NO,0.04499569821276667,0.0028759981147937737,0.033296940089428406,0.033349328214971205,0.003125532483961148,0.00297940075921419,0.0010096522757562295,0.00297940075921419,0.0010096522757562295,0.04430672461003446,0.018069663149471824,0.5943942951277671,0.05341246290801187,0.2689075714285714
2460,ReFAM_new1_sta4_j5_k4,0.1032000035047531,resnet18,mnist,resnet18mnist,2,NO,YES,1.0,1.0,1.0,1.0,1.0,1.0,1.0,1.0,1.0,1.0,1.0,1.0,1.0,1.0
2461,mul8_101,0.1118000000715255,resnet18,cifar,resnet18cifar,2,NO,NO,0.2859792961666136,0.09001143224721678,0.2763640573823154,0.2763915547024952,0.05293541334225654,0.022225353995811853,0.012386238527277294,0.022225353995811853,0.012386238527277294,0.25347112417372053,0.06532487773418606,0.9205816053709205,0.26112759643916916,0.2857142857142857
2462,ReFAM_sta3_j3_k6_const1,0.1000000014901161,vgg16,cifar,vgg16cifar,2,NO,YES,0.2448156095971768,0.7973406789799506,0.7534691423243031,0.753358925143954,0.37117831492159414,1.0,1.0,1.0,1.0,0.6839665541743765,1.0,1.0,0.6706231454005934,1.0
2463,ReFAM_sta1_j2_k4_const0,0.1108999997377395,resnet18,cifar,resnet18cifar,2,YES,NO,0.318910245422163,0.018196061447532674,0.1697331343490302,0.1696257197696737,0.023943278413062773,0.01406858945519787,0.007208039290398822,0.01406858945519787,0.007208039290398822,0.16115942722275345,0.04921833479634307,0.8650254841790388,0.13649851632047477,0.14285714285714285
2464,ReFAM_new_sta1_j1_k1,0.9240999817848206,resnet18,cifar,resnet18cifar,0,YES,NO,0.000866603927777617,2.9854406032659923e-06,0.000461231343339756,0.0004798464491362764,3.92839053416982e-06,4.788000007227169e-05,3.5118340026303635e-06,4.788000007227169e-05,3.5118340026303635e-06,0.0013534687288047642,0.0009210989890304128,0.06363408669304342,0.001483679525222552,0.031746
2465,ReFAM_sta3_j6_k3_const1,0.0979999974370002,vgg16,mnist,vgg16mnist,2,NO,YES,0.3072110923971652,0.7691692653300385,0.7425572389573025,0.7425623800383878,0.36621716021230644,1.0,1.0,1.0,1.0,0.6759109546318391,1.0,0.9644229457389598,0.6646884272997032,1.0
2466,ReFAM_sta3_j2_k2_const0,0.7612000107765198,resnet34,mnist,resnet34mnist,2,YES,NO,0.05372944352221225,0.00041318497949201336,0.028596343287064868,0.028550863723608447,0.0005436892499291031,0.0037499977415094304,0.0016663652342481076,0.0037499977415094304,0.0016663652342481076,0.0260344907305515,0.023204379474869075,0.8192893752456275,0.017804154302670624,0.14285714285714285
2467,ReFAM_sta3_j2_k3_const0,0.354200005531311,vgg16,cifar,vgg16cifar,2,YES,NO,0.13692342058886348,0.0020945851272514203,0.07287455224768144,0.07293666026871402,0.0027561587987735454,0.008443141144819834,0.0045249981123892235,0.008443141144819834,0.0045249981123892235,0.06374248683079663,0.03853164579638487,0.9047972974348846,0.04747774480712166,0.14285714285714285
2468,ReFAM_new1_sta3_j3_k1,0.9794999957084656,vgg16,mnist,vgg16mnist,0,YES,YES,0.07972756135554075,0.0010158459226046416,0.04243328358725755,0.04246641074856046,0.0013367003524268506,1.0,1.0,1.0,1.0,0.03941360490903541,1.0,0.7556552885525841,0.017804154302670624,1.0
2469,mul8_416,0.1134999990463256,resnet18,mnist,resnet18mnist,2,NO,NO,0.826352546360693,0.21033863522533308,0.5037624817688164,0.5038387715930902,0.20248430489149358,0.032307255897822275,0.02316405708134988,0.032307255897822275,0.02316405708134988,0.4744488153574112,0.08979147632611383,0.996085230986644,0.7626112759643917,0.5089285714285714
2470,ReFAM_new1_sta4_j4_k5,0.1009000018239021,resnet34,mnist,resnet34mnist,2,NO,YES,1.0,1.0,1.0,1.0,1.0,1.0,1.0,1.0,1.0,1.0,1.0,1.0,1.0,1.0
2471,ReFAM_sta2_j1_k9_const0,0.1000000014901161,resnet18,cifar,resnet18cifar,2,YES,NO,1.0,1.0,1.0,1.0,1.0,0.176463095360699,0.12252613243477206,0.176463095360699,0.12252613243477206,1.0,0.2452280503753068,1.0,1.0,0.14285714285714285
2472,mul8_388,0.1134999990463256,resnet34,mnist,resnet34mnist,2,NO,NO,0.9825122031178732,0.9869552043538073,0.7801834034409896,0.7802303262955854,0.8859780652441173,0.04517523176630223,0.03365741708120941,0.04517523176630223,0.03365741708120941,0.8455274581192178,0.1098780029021336,1.0,1.0,0.29017857142857145
2473,mul8_163,0.1000000014901161,resnet18,cifar,resnet18cifar,2,NO,NO,1.0,0.7046280654981785,0.9559904675215056,0.9558541266794626,0.7749995295489396,0.04952056762191783,0.034986646251205,0.04952056762191783,0.034986646251205,0.9114130354560163,0.11302944531030736,1.0,1.0,0.6190475714285714
2474,mul8_204,0.1134999990463256,resnet34,mnist,resnet34mnist,2,NO,NO,0.6998368378923275,1.0,0.5938317495657562,0.5938099808061421,1.0,0.03448624759922452,0.020322983373221915,0.03448624759922452,0.020322983373221915,0.8374286287854824,0.08520986725425915,0.9642987320017349,1.0,0.32722828571428575
2475,mul8_232,0.1052000001072883,resnet34,cifar,resnet34cifar,2,NO,NO,0.7385428842524069,0.2360322949328714,0.4756680209107679,0.47576775431861806,0.22224914118837283,0.033822251371807166,0.022997244966224937,0.033822251371807166,0.022997244966224937,0.4679028450586707,0.08987806261681686,0.9908651995870402,0.6283382789317508,0.14285714285714285
2476,mul8_002,0.0979999974370002,resnet18,cifar,resnet18cifar,2,NO,NO,1.0,1.0,1.0,1.0,1.0,0.060498638581884735,0.04153797258311194,0.060498638581884735,0.04153797258311194,1.0,0.12521646572675757,1.0,1.0,1.0
2477,ReFAM_new1_sta3_j6_k1,0.1120000034570694,vgg16,cifar,vgg16cifar,2,NO,YES,0.3899717674999276,0.055485408758566224,0.21441492073506904,0.21449136276391556,0.0694464111350252,1.0,1.0,1.0,1.0,0.2347400237911109,1.0,0.541635019314218,0.142433234421365,1.0
2478,ReFAM_sta3_j4_k2_const1,0.1023999974131584,resnet34,mnist,resnet34mnist,2,NO,YES,0.08059416528331838,0.009016627709983951,0.08705741605537894,0.08709213051823417,0.004799298348348947,1.0,1.0,1.0,1.0,0.07859447274934046,1.0,0.8998256935097305,0.05934718100890208,1.0
2479,ReFAM_new2_sta3_j3_k1,0.1101000010967254,resnet34,mnist,resnet34mnist,2,YES,NO,0.06586189851109889,0.0011177489618627876,0.03505358209382145,0.03502879078694818,0.0014707894159931806,0.005113222649227506,0.0044372022623234645,0.005113222649227506,0.0044372022623234645,0.03611505002844057,0.03776057994900366,0.6045238235839125,0.017804154302670624,0.2857142857142857
2480,mul8_216,0.0110999997705221,resnet34,cifar100,resnet34cifar100,2,NO,NO,0.6094392122096091,0.1060136799862431,0.3546032356625905,0.35460652591170827,0.11421977621330473,0.026478543436194026,0.016517911231371918,0.026478543436194026,0.016517911231371918,0.3429404393444491,0.07562864632784555,0.9798651568249339,0.4280415430267062,0.14285714285714285
2481,ReFAM_sta4_j1_k1_const0,0.9908999800682068,resnet18,mnist,resnet18mnist,0,YES,NO,0.006932831422220936,1.592234988408529e-05,0.003689850746718048,0.003598848368522073,2.0951416182239038e-05,0.0005989516990172855,0.00019315087014467003,0.0005989516990172855,0.00019315087014467003,0.004060406186414293,0.007856213014218065,0.5090726935443474,0.002225519287833828,0.14285714285714285
2482,mul8_044,0.1067000031471252,resnet34,cifar,resnet34cifar,2,NO,NO,0.03396004488620107,1.0,1.0,1.0,1.0,0.08037064540433304,0.045090192676772556,0.08037064540433304,0.045090192676772556,1.0,0.13681007147847585,1.0,1.0,0.42857142857142855
2483,ReFAM_sta3_j8_k1_const0,0.1134999990463256,resnet34,mnist,resnet34mnist,2,YES,NO,1.0,0.6546441812600311,1.0,1.0,0.8614132205805364,0.08231114050160171,0.047348301940463876,0.08231114050160171,0.047348301940463876,1.0,0.1401757403127855,0.9695187634013387,0.8545994065281899,0.14285714285714285
2484,mul8_386,0.1134999990463256,resnet18,mnist,resnet18mnist,2,NO,NO,0.7879596213317982,0.4949865371563957,0.6505785213669959,0.6506717850287909,0.34678682514165876,0.04540650120061358,0.03392431646540932,0.04540650120061358,0.03392431646540932,0.6159526364337826,0.11032660946000011,1.0,0.7618694362017804,0.2857142857142857
2485,mul8_126,0.1009000018239021,vgg16,cifar,vgg16cifar,2,NO,NO,0.553814076061799,0.10864468582019209,0.33999168499513927,0.33997120921305185,0.10761154338595087,0.024879532113025706,0.014992019357229023,0.024879532113025706,0.014992019357229023,0.3305404894108816,0.07196888267856183,0.9769451158547636,0.39243323442136496,0.14285714285714285
2486,ReFAM_new2_sta1_j2_k5,0.1385000050067901,resnet18,cifar,resnet18cifar,2,NO,NO,0.16638795413330246,0.07166331235829108,0.16987727098874925,0.16986564299424184,0.06842572831749016,0.012833646811824372,0.01638094970526933,0.012833646811824372,0.01638094970526933,0.21317884465900763,0.07286982796199758,0.5717120521942051,0.18694362017804153,0.2857142857142857
2487,mul8_454,0.1010999977588653,vgg16,mnist,vgg16mnist,2,NO,NO,1.0,0.2568716601533641,0.5823487126509249,0.5822936660268714,0.303317276782602,0.03778545062307238,0.02653892955787766,0.03778545062307238,0.02653892955787766,0.5613553104207734,0.0969303667078698,0.9925115406779627,0.5593471810089021,1.0
2488,mul8_220,0.0989999994635582,resnet18,cifar,resnet18cifar,2,NO,NO,0.9079842653289981,1.0,1.0,1.0,1.0,0.08558143484616065,0.05227189321215165,0.08558143484616065,0.05227189321215165,1.0,0.14692275308575625,1.0,1.0,0.8660714285714286
2489,ReFAM_sta2_j1_k3_const0,0.6682000160217285,vgg16,cifar,vgg16cifar,1,YES,NO,0.05719585923332272,0.000499165668866074,0.030441268660423893,0.03047024952015355,0.0006568268973131939,0.0038846037794484584,0.001740113748303345,0.0038846037794484584,0.001740113748303345,0.02803347200712258,0.023717925750762852,0.8272431270095645,0.017062314540059347,0.14285714285714285
2490,ReFAM_sta4_j6_k1_const0,0.100100003182888,vgg16,cifar,vgg16cifar,2,YES,NO,0.4437012110221399,0.022240338318090337,0.23615044778995506,0.23608445297504801,0.02926493812335149,0.022027510221928313,0.013106164497816517,0.022027510221928313,0.013106164497816517,0.20689928843790756,0.06700883180165171,0.8645286292301395,0.142433234421365,0.14285714285714285
2491,ReFAM_new_sta2_j1_k8,0.6820999979972839,vgg16,mnist,vgg16mnist,2,NO,NO,0.5884240669610019,0.3612874732504522,0.4859783863597848,0.4858445297504798,0.30539324319542427,0.015570033985766087,0.0017260664122928236,0.015570033985766087,0.0017260664122928236,0.5105071631669272,0.02670963138126034,0.7302230349284956,0.516320474777448,0.04686314285714286
2492,mul8_175,0.1134999990463256,resnet18,mnist,resnet18mnist,2,NO,NO,1.0,0.7083547739026317,0.966057044531687,0.9659309021113245,0.7868625690004595,0.05090637743533037,0.03518682078935493,0.05090637743533037,0.03518682078935493,0.9199310475897496,0.11372959997133696,1.0,1.0,0.15178571428571427
2493,mul8_331,0.0098999999463558,resnet34,cifar100,resnet34cifar100,2,NO,NO,0.20175623040214213,1.0,1.0,1.0,1.0,0.07842472992969769,0.04366614398870595,0.07842472992969769,0.04366614398870595,1.0,0.13436624806673714,1.0,1.0,0.42857142857142855
2494,mul8_142,0.9890999794006348,vgg16,mnist,vgg16mnist,0,NO,NO,0.0,0.0,0.0,0.0,0.0,0.0,0.0,0.0,0.0,0.0,0.0,0.0,0.0,0.0
2495,mul8_049,0.1134999990463256,resnet34,mnist,resnet34mnist,2,NO,NO,1.0,1.0,1.0,1.0,1.0,0.06299743254792065,0.04661608455091545,0.06299743254792065,0.04661608455091545,1.0,0.13229041639048625,1.0,1.0,0.14285714285714285
2496,mul8_389,0.1134999990463256,resnet18,mnist,resnet18mnist,2,NO,NO,1.0,0.9780770695615622,0.8582424136890039,0.8582053742802304,0.7579981017101447,0.04863885290360581,0.036524829544357096,0.04863885290360581,0.036524829544357096,0.8531113981722038,0.11491120426601698,0.9999837096738066,1.0,0.21651785714285715
2497,ReFAM_sta1_j2_k6_const1,0.1005999967455864,resnet18,cifar,resnet18cifar,2,NO,YES,0.4437012110221399,0.3010788984281456,0.5167088249333783,0.5167946257197698,0.13614490056245174,1.0,1.0,1.0,1.0,0.45078840081305677,1.0,1.0,0.37537091988130566,1.0
2498,ReFAM_new1_sta4_j2_k6,0.1000000014901161,vgg16,cifar,vgg16cifar,2,NO,YES,1.0,1.0,1.0,1.0,1.0,1.0,1.0,1.0,1.0,1.0,1.0,1.0,1.0,1.0
2499,ReFAM_sta3_j5_k4_const1,0.1000000014901161,vgg16,cifar,vgg16cifar,2,NO,YES,0.27947976670828145,0.7866265297429496,0.7498144263363953,0.7497600767754319,0.37018155127996294,1.0,1.0,1.0,1.0,0.6814819212485357,1.0,0.9921857341540943,0.6765578635014837,1.0
2500,mul8_321,0.1076999977231025,resnet18,mnist,resnet18mnist,2,NO,NO,0.3000074507139295,1.0,1.0,1.0,1.0,0.074516637848327,0.0382017302806131,0.074516637848327,0.0382017302806131,1.0,0.12614428261765287,1.0,1.0,0.42857142857142855
2501,mul8_234,0.1080999970436096,resnet34,cifar,resnet34cifar,2,NO,NO,0.3788684081416926,1.0,1.0,1.0,1.0,0.07312269746886445,0.03766266376120934,0.07312269746886445,0.03766266376120934,1.0,0.12490445650681047,1.0,1.0,0.7142857142857143
2502,mul8_298,0.1134999990463256,resnet18,mnist,resnet18mnist,2,NO,NO,1.0,1.0,1.0,1.0,1.0,0.09031794126840442,0.05873015594298889,0.09031794126840442,0.05873015594298889,1.0,0.1555769035548151,1.0,1.0,1.0
2503,mul8_337,0.0099999997764825,resnet34,cifar100,resnet34cifar100,2,NO,NO,1.0,1.0,1.0,1.0,1.0,0.0876836378682017,0.061139274068793326,0.0876836378682017,0.061139274068793326,1.0,0.1569996058830906,1.0,1.0,1.0
2504,mul8_181,0.0063999998383224,resnet34,cifar100,resnet34cifar100,2,NO,NO,0.4954807957068525,0.09212222582987287,0.29719716501977805,0.29726487523992323,0.09809476642790599,0.020738363804888096,0.011306349571468456,0.020738363804888096,0.011306349571468456,0.30070078631579444,0.06230107546144521,0.9708861326561987,0.3983679525222552,0.2857142857142857
2505,ReFAM_new1_sta3_j1_k8,0.1000000014901161,resnet18,cifar,resnet18cifar,2,NO,YES,1.0,1.0,0.9861144127075627,0.986084452975048,1.0,1.0,1.0,1.0,1.0,1.0,1.0,1.0,0.7581602373887241,1.0
2506,ReFAM_new1_sta3_j2_k2,0.9753999710083008,vgg16,mnist,vgg16mnist,0,YES,YES,0.09705963991109309,0.0011209334318396046,0.051657910454052665,0.051583493282149714,0.0014749796992296284,1.0,1.0,1.0,1.0,0.04561812211687306,1.0,0.9226942570491296,0.020771513353115726,1.0
2507,ReFAM_sta1_j1_k3_const0,0.6467999815940857,vgg16,cifar,vgg16cifar,2,YES,NO,0.07106152207776459,0.0010086808651568033,0.03782097015385999,0.03790786948176583,0.0013272722151448431,0.004301069440454444,0.0017453814993072909,0.004301069440454444,0.0017453814993072909,0.03674362256159716,0.023795554838979355,0.7954260836630428,0.030415430267062313,0.14285714285714285
2508,mul8_481,0.0991000011563301,resnet18,cifar,resnet18cifar,2,NO,NO,0.8095705602471682,0.14034222202124677,0.4428807303861777,0.44289827255278313,0.1717567843235679,0.028117304193384606,0.014637324122963355,0.028117304193384606,0.014637324122963355,0.42503006101418084,0.07200172575434574,0.9768209021175388,0.5348664688427299,0.14285714285714285
2509,ReFAM_new2_sta4_j2_k7,0.1023000031709671,resnet34,mnist,resnet34mnist,2,NO,NO,1.0,1.0,1.0,1.0,1.0,1.0,1.0,1.0,1.0,1.0,1.0,1.0,1.0,0.2857142857142857
2510,mul8_112,0.100500002503395,resnet34,cifar,resnet34cifar,2,NO,NO,0.948064696988713,0.4155279532774565,0.654752572777952,0.6547504798464492,0.332450332127078,0.043877954783212006,0.0324651494373164,0.043877954783212006,0.0324651494373164,0.6132393403800852,0.10777604605196371,0.9955252510237451,0.7470326409495549,0.14732142857142858
2511,ReFAM_sta1_j4_k6_const0,0.1134999990463256,resnet34,mnist,resnet34mnist,2,YES,NO,1.0,1.0,1.0,1.0,1.0,0.09637521297566069,0.056623055541410665,0.09637521297566069,0.056623055541410665,1.0,0.1559098129138974,0.9490428415215979,1.0,0.14285714285714285
2512,mul8_156,0.4190999865531921,vgg16,cifar,vgg16cifar,2,NO,NO,0.10437161401813246,0.005406395804142358,0.07005942120883113,0.07005758157389635,0.004870276650989958,0.006959764538807191,0.0034222822355632894,0.006959764538807191,0.0034222822355632894,0.06907084688479236,0.03344917981882565,0.8983341105176454,0.07640949554896143,0.7142857142857143
2513,ReFAM_new1_sta4_j4_k3,0.1000000014901161,vgg16,cifar,vgg16cifar,2,NO,YES,1.0,1.0,1.0,1.0,1.0,1.0,1.0,1.0,1.0,1.0,1.0,1.0,1.0,1.0
2514,mul8_300,0.9810000061988832,vgg16,mnist,vgg16mnist,0,NO,NO,0.2344163624638454,0.026103448704557615,0.15354409500049135,0.15355086372360846,0.024487315959334493,0.013359423416391581,0.007046494926277825,0.013359423416391581,0.007046494926277825,0.15294945103700863,0.04855400894525955,0.929530085178043,0.19881305637982197,0.21428571428571427
2515,mul8_459,0.9179999828338624,resnet18,mnist,resnet18mnist,1,YES,NO,0.04495507875346388,0.0013022460831019285,0.023926375935749842,0.023992322456813823,0.0017135598612884368,0.0021753781164911366,0.0005355546854011304,0.0021753781164911366,0.0005355546854011304,0.03251495584975532,0.013152158984372667,0.5249812152176082,0.03560830860534125,0.14285714285714285
2516,ReFAM_sta3_j1_k8_const1,0.1027999967336654,resnet18,mnist,resnet18mnist,2,NO,YES,0.23094994675273492,0.799380332000102,0.7538458096682297,0.7538387715930902,0.3708627779954284,1.0,1.0,1.0,1.0,0.6840890755775828,1.0,1.0,0.6698813056379822,1.0
2517,ReFAM_sta1_j2_k5_const0,0.8892999887466431,vgg16,mnist,vgg16mnist,2,YES,NO,0.6516861536887679,0.07444653911802919,0.3468459701914965,0.34692898272552786,0.09796044150167685,0.02379726343214681,0.013977099330468848,0.02379726343214681,0.013977099330468848,0.327980969060276,0.06943772654257956,0.8779518580135169,0.2789317507418398,0.14285714285714285
2518,mul8_291,0.9653000235557556,vgg16,mnist,vgg16mnist,0,NO,NO,0.6919155302987577,0.3868154552900415,0.5609884987647413,0.5609404990403071,0.28851123437267384,0.03848196911468976,0.027682031525733845,0.03848196911468976,0.027682031525733845,0.54360210743635,0.09896663740647188,0.9932568231013116,0.8427299703264095,0.15178571428571427
2519,mul8_223,0.1006999984383583,resnet18,cifar,resnet18cifar,2,NO,NO,1.0,1.0,1.0,1.0,1.0,0.09031794126840442,0.05873015594298889,0.09031794126840442,0.05873015594298889,1.0,0.1555769035548151,1.0,1.0,1.0
2520,mul8_184,0.1134999990463256,resnet34,mnist,resnet34mnist,2,NO,NO,1.0,1.0,1.0,1.0,1.0,0.06572749594826792,0.045167453024830426,0.06572749594826792,0.045167453024830426,1.0,0.13145739655923994,1.0,1.0,0.2857142857142857
2521,mul8_429,0.1000000014901161,resnet18,cifar,resnet18cifar,2,NO,NO,0.25526902294241,1.0,1.0,1.0,1.0,0.08217924465234602,0.04625963339964847,0.08217924465234602,0.04625963339964847,1.0,0.13888366385410508,1.0,1.0,0.7142857142857143
2522,ReFAM_sta3_j2_k8_const0,0.0993999987840652,resnet34,cifar,resnet34cifar,2,YES,NO,1.0,1.0,1.0,1.0,1.0,0.19106288179783074,0.1469562056740702,0.19106288179783074,0.1469562056740702,1.0,0.26749192358909135,1.0,1.0,0.14285714285714285
2523,mul8_476,0.0102000003680586,resnet34,cifar100,resnet34cifar100,2,NO,NO,0.6443200203026582,0.16065247998879068,0.3871287165172981,0.38699616122840697,0.17166666594685984,0.027172351739128076,0.01913247164633022,0.027172351739128076,0.01913247164633022,0.39459649103108113,0.08108656837629805,0.9803783021000267,0.4406528189910979,0.7142857142857143
2524,mul8_109,0.989199995994568,vgg16,mnist,vgg16mnist,0,NO,NO,0.012565756952775446,0.07332834234326038,0.013721632464357739,0.013675623800383879,0.09631233435061459,0.0006097924537506301,0.0007164141365365942,0.0006097924537506301,0.0007164141365365942,0.20544210881428943,0.015086168287920317,0.003045272852782286,1.0,0.14271771428571428
2525,ReFAM_new2_sta1_j1_k5,0.5778999924659729,resnet34,cifar,resnet34cifar,2,NO,NO,0.08666039277776169,0.017791633760476905,0.08518366556798655,0.08517274472168906,0.017097017501847084,0.008079975861252794,0.008997318714738993,0.008079975861252794,0.008997318714738993,0.10667531886890867,0.05384771561479252,0.5766836561193592,0.09347181008902077,0.2857142857142857
2526,mul8_358,0.097300000488758,resnet18,cifar,resnet18cifar,2,NO,NO,0.25451074450560457,1.0,1.0,1.0,1.0,0.08236624767149622,0.04616656979857876,0.08236624767149622,0.04616656979857876,1.0,0.1388545529460239,1.0,1.0,0.42857142857142855
2527,mul8_045,0.1000000014901161,vgg16,cifar,vgg16cifar,2,NO,NO,0.604022937660999,0.4629731724326803,0.5954165589107254,0.5954894433781189,0.29998979473781734,0.041942880063310005,0.029499405622095055,0.041942880063310005,0.029499405622095055,0.5674049393742241,0.10276747699491827,1.0,0.766320474777448,0.2857142857142857
2528,ReFAM_new2_sta4_j2_k4,0.101000003516674,vgg16,mnist,vgg16mnist,2,NO,NO,1.0,1.0,1.0,1.0,1.0,1.0,1.0,1.0,1.0,1.0,1.0,1.0,1.0,0.2857142857142857
2529,ReFAM_sta1_j2_k1_const0,0.9775999784469604,resnet34,mnist,resnet34mnist,0,YES,NO,0.027731325688883743,0.0001846992586553894,0.014759402986872191,0.01487523992322457,0.00024303642771397285,0.0018817743424630556,0.0005970117804471619,0.0018817743424630556,0.0005970117804471619,0.014949552065328449,0.013853806512483354,0.6840664319502168,0.011869436201780416,0.14285714285714285
2530,ReFAM_new2_sta4_j1_k2,0.008899999782443,resnet34,cifar100,resnet34cifar100,2,NO,NO,1.0,1.0,1.0,1.0,1.0,1.0,1.0,1.0,1.0,1.0,1.0,1.0,1.0,0.2857142857142857
2531,ReFAM_sta4_j7_k1_const0,0.1134999990463256,resnet18,mnist,resnet18mnist,2,YES,NO,0.970596399110931,0.09426031131378493,0.5165791045405267,0.5165547024952015,0.12403238379885512,0.04052003100455853,0.026535417723875028,0.04052003100455853,0.026535417723875028,0.44479521150559725,0.097675307381332,0.897650934962909,0.3323442136498516,0.14285714285714285
2532,ReFAM_new_sta1_j4_k3,0.2293999940156936,resnet18,cifar,resnet18cifar,2,NO,NO,0.08752699670553932,0.014439780080503402,0.06076722948501285,0.06070057581573897,0.017126194997139858,0.0028664762307418507,0.0004003490762998615,0.0028664762307418507,0.0004003490762998615,0.09733689354439783,0.011509258761636899,0.3281136413155253,0.13056379821958458,0.05793285714285714
2533,ReFAM_sta2_j2_k7_const1,0.1009000018239021,resnet34,mnist,resnet34mnist,2,NO,YES,0.4090370539110352,0.9788360125340738,0.8417237784225144,0.8416506717850288,0.4741285444609092,1.0,1.0,1.0,1.0,0.7671935470487344,1.0,1.0,0.7062314540059347,1.0
2534,ReFAM_new2_sta4_j2_k2,0.1027999967336654,resnet18,mnist,resnet18mnist,2,NO,NO,1.0,1.0,1.0,1.0,1.0,1.0,1.0,1.0,1.0,1.0,1.0,1.0,1.0,0.2857142857142857
2535,mul8_243,0.1134999990463256,resnet34,mnist,resnet34mnist,2,NO,NO,0.9025679907803881,0.4901862098947851,0.6794718053929029,0.6794625719769674,0.36072538770755674,0.045626026483963814,0.03405425432350664,0.045626026483963814,0.03405425432350664,0.6373176194458958,0.11057442539546049,0.9945773576683656,0.7826409495548962,0.14732142857142858
2536,mul8_398,0.989400029182434,vgg16,mnist,vgg16mnist,0,NO,NO,0.03845554929513175,0.03732494558377704,0.02495694017975595,0.02495201535508637,0.048862938796005555,0.0016279200024572377,0.0009025413386760036,0.0016279200024572377,0.0009025413386760036,0.14729819394838198,0.01697389871195428,0.12994080502719466,0.7833827893175074,0.18998142857142858
2537,mul8_285,0.2061000019311905,vgg16,cifar,vgg16cifar,2,NO,NO,0.43156875603325323,0.15723599151657197,0.3197893905514848,0.31981765834932824,0.1459527747872971,0.021655310976083485,0.013877012061393882,0.021655310976083485,0.013877012061393882,0.34473920469890557,0.06872861467906344,0.9726882499913457,0.4473293768545994,0.3452381428571428
2538,mul8_479,0.1066000014543533,vgg16,cifar,vgg16cifar,2,NO,NO,0.4688327249276908,0.08306610322777877,0.281680375888933,0.28166986564299423,0.08827501360490309,0.019830450595970488,0.010437170655817441,0.019830450595970488,0.010437170655817441,0.2851206856529654,0.05983635191057129,0.9677787529348041,0.39243323442136496,0.2857142857142857
2539,ReFAM_new2_sta1_j7_k2,0.1032000035047531,resnet18,mnist,resnet18mnist,2,NO,NO,0.5823578394665586,0.9079560797900798,0.6106702985818369,0.6106046065259118,0.8539084887730436,0.026474026455055134,0.02766096052171806,0.026474026455055134,0.02766096052171806,0.7576330608168261,0.09620557974000227,0.463335566465549,0.6646884272997032,0.2857142857142857
2540,ReFAM_new1_sta3_j6_k1,0.1000000014901161,resnet18,cifar,resnet18cifar,2,NO,YES,0.3899717674999276,0.055485408758566224,0.21441492073506904,0.21449136276391556,0.0694464111350252,1.0,1.0,1.0,1.0,0.2347400237911109,1.0,0.541635019314218,0.142433234421365,1.0
2541,mul8_307,0.2287999987602234,resnet34,mnist,resnet34mnist,2,NO,NO,0.1022321838382236,0.005279975415891779,0.0701456751598864,0.07005758157389635,0.004534897426331287,0.00734641812429648,0.007251937215431701,0.00734641812429648,0.007251937215431701,0.06804904025410628,0.048350232588691235,0.9097994457216513,0.08531157270029674,1.0
2542,mul8_190,0.1134999990463256,resnet18,mnist,resnet18mnist,2,NO,NO,0.8803341854915514,0.22663414572134613,0.495089731118805,0.49496161228406915,0.2667191965366872,0.030118326837914454,0.017973566425462204,0.030118326837914454,0.017973566425462204,0.4985189654900366,0.07951383290637334,0.9844641195384136,0.5756676557863502,0.14285714285714285
2543,mul8_384,0.1114000007510185,resnet18,mnist,resnet18mnist,2,NO,NO,0.0915892060834126,1.0,1.0,1.0,1.0,0.055548027253657394,0.03179263322581268,0.055548027253657394,0.03179263322581268,1.0,0.11042961728859509,0.9835783330516465,0.9903560830860534,0.2857142857142857
2544,ReFAM_new2_sta3_j3_k5,0.0099999997764825,resnet34,cifar100,resnet34cifar100,2,NO,NO,0.8908688377553902,0.31543767355361374,0.5213787922846933,0.5213531669865643,0.3571812384695703,0.07004753670950571,0.1455339129030049,0.07004753670950571,0.1455339129030049,0.5499548348838667,0.2225499065465207,0.893828817179778,0.37388724035608306,0.2857142857142857
2545,ReFAM_new2_sta4_j1_k8,0.100100003182888,resnet34,cifar,resnet34cifar,2,NO,NO,1.0,1.0,1.0,1.0,1.0,1.0,1.0,1.0,1.0,1.0,1.0,1.0,1.0,0.2857142857142857
2546,mul8_126,0.0105999996885657,resnet34,cifar100,resnet34cifar100,2,NO,NO,0.553814076061799,0.10864468582019209,0.33999168499513927,0.33997120921305185,0.10761154338595087,0.024879532113025706,0.014992019357229023,0.024879532113025706,0.014992019357229023,0.3305404894108816,0.07196888267856183,0.9769451158547636,0.39243323442136496,0.14285714285714285
2547,ReFAM_new_sta2_j7_k1,0.9527000188827516,vgg16,mnist,vgg16mnist,1,NO,NO,0.21838418979995947,0.08157019845616896,0.2067469496520456,0.20681381957773515,0.0713437460081335,0.007122375859807359,0.000637397871477411,0.007122375859807359,0.000637397871477411,0.23279662135441945,0.015397431074326867,0.5118074320540675,0.18991097922848665,0.040816285714285715
2548,ReFAM_sta1_j7_k2_const0,0.1000000014901161,vgg16,cifar,vgg16cifar,2,YES,NO,1.0,0.9684864851094184,1.0,1.0,1.0,0.04667125591950378,0.02617018698760147,0.04667125591950378,0.02617018698760147,1.0,0.09894946943503938,0.8451400866238096,0.9970326409495549,0.14285714285714285
2549,ReFAM_sta4_j6_k3_const0,0.100500002503395,resnet34,cifar,resnet34cifar,2,YES,NO,1.0,0.42896700122283643,1.0,1.0,0.5644560153806092,0.09005956994725972,0.07072306906197158,0.09005956994725972,0.07072306906197158,1.0,0.1672653063661824,0.9990521066446204,0.8308605341246291,0.14285714285714285
2550,ReFAM_sta4_j1_k4_const1,0.9721999764442444,vgg16,mnist,vgg16mnist,0,NO,YES,0.10572567918886927,0.0013016521030239727,0.057653917917469495,0.05758157389635317,0.0015187157805100523,1.0,1.0,1.0,1.0,0.04952659873154156,1.0,1.0,0.022997032640949554,1.0
2551,mul8_061,0.101000003516674,vgg16,mnist,vgg16mnist,2,NO,NO,1.0,1.0,1.0,1.0,1.0,0.08982649372049283,0.05875298286400598,0.08982649372049283,0.05875298286400598,1.0,0.15540597027403066,1.0,1.0,1.0
2552,ReFAM_new1_sta1_j2_k5,0.0957999974489212,resnet18,mnist,resnet18mnist,2,NO,YES,0.7140816364887563,0.1271877308740733,0.40761319967650933,0.4076295585412668,0.14063688853305722,1.0,1.0,1.0,1.0,0.3884620293646464,1.0,0.8968425275255605,0.18694362017804153,1.0
2553,ReFAM_new2_sta4_j2_k2,0.1000000014901161,vgg16,cifar,vgg16cifar,2,NO,NO,1.0,1.0,1.0,1.0,1.0,1.0,1.0,1.0,1.0,1.0,1.0,1.0,1.0,0.2857142857142857
2554,mul8_044,0.092299997806549,resnet18,cifar,resnet18cifar,2,NO,NO,0.03396004488620107,1.0,1.0,1.0,1.0,0.08037064540433304,0.045090192676772556,0.08037064540433304,0.045090192676772556,1.0,0.13681007147847585,1.0,1.0,0.42857142857142855
2555,ReFAM_new_sta2_j4_k1,0.986299991607666,resnet18,mnist,resnet18mnist,0,NO,NO,0.012132454988886637,0.0004959811988892569,0.01130016791182402,0.011276391554702494,0.0005467664933711526,0.0007272339633618626,4.389792503287955e-05,0.0007272339633618626,4.389792503287955e-05,0.017542960565965833,0.0037650107785003255,0.25055947089020525,0.011869436201780416,0.031746
2556,ReFAM_new2_sta3_j4_k2,0.1052000001072883,resnet18,cifar,resnet18cifar,2,NO,NO,0.25911457440550745,0.019273805505311697,0.1396377891961111,0.13963531669865645,0.02477045014596148,0.019665129086286984,0.02696210555519462,0.019665129086286984,0.02696210555519462,0.14602416029927076,0.09391178946991276,0.6726326592532108,0.0830860534124629,0.2857142857142857
2557,ReFAM_sta3_j2_k2_const1,0.4580999910831451,resnet34,cifar,resnet34cifar,2,NO,YES,0.043330196388880846,0.00041318497949201336,0.026059570898696212,0.026151631477927068,0.0003623940309674491,1.0,1.0,1.0,1.0,0.02288923242511855,1.0,0.9226942570491296,0.010385756676557863,1.0
2558,ReFAM_new2_sta4_j4_k2,0.1024999991059303,resnet34,mnist,resnet34mnist,2,NO,NO,1.0,1.0,1.0,1.0,1.0,1.0,1.0,1.0,1.0,1.0,1.0,1.0,1.0,0.2857142857142857
2559,ReFAM_sta2_j1_k9_const0,0.101000003516674,vgg16,mnist,vgg16mnist,2,YES,NO,1.0,1.0,1.0,1.0,1.0,0.176463095360699,0.12252613243477206,0.176463095360699,0.12252613243477206,1.0,0.2452280503753068,1.0,1.0,0.14285714285714285
2560,ReFAM_sta1_j6_k1_const0,0.1132000014185905,vgg16,cifar,vgg16cifar,2,YES,NO,0.49916386239990734,0.052989580414235855,0.26566925376369943,0.265595009596929,0.06972631305449152,0.015888029457944194,0.006914801151179185,0.015888029457944194,0.006914801151179185,0.26166439855535184,0.048648059571368,0.7477005186432601,0.21364985163204747,0.14285714285714285
2561,ReFAM_new1_sta4_j3_k4,0.1009000018239021,resnet34,mnist,resnet34mnist,2,NO,YES,1.0,1.0,1.0,1.0,1.0,1.0,1.0,1.0,1.0,1.0,1.0,1.0,1.0,1.0
2562,mul8_077,0.0974999964237213,resnet18,cifar,resnet18cifar,2,NO,NO,1.0,0.8620182993783915,1.0,1.0,0.9749229196263088,0.05588409065039107,0.040684596920472764,0.05588409065039107,0.040684596920472764,1.0,0.12264500217958595,0.9988505138579769,1.0,0.1462052857142857
2563,mul8_184,0.1011999994516372,resnet34,cifar,resnet34cifar,2,NO,NO,1.0,1.0,1.0,1.0,1.0,0.06572749594826792,0.045167453024830426,0.06572749594826792,0.045167453024830426,1.0,0.13145739655923994,1.0,1.0,0.2857142857142857
2564,mul8_477,0.100500002503395,resnet34,cifar,resnet34cifar,2,NO,NO,0.2001313480375591,1.0,1.0,1.0,1.0,0.04596208988069749,0.025327346826970184,0.04596208988069749,0.025327346826970184,1.0,0.09736031242722272,0.8972620034250411,1.0,0.14285714285714285
2565,mul8_420,0.101000003516674,vgg16,mnist,vgg16mnist,2,NO,NO,1.0,1.0,1.0,1.0,1.0,0.061211418205602136,0.046199932221603755,0.061211418205602136,0.046199932221603755,1.0,0.13121555209210392,1.0,1.0,0.14285714285714285
2566,ReFAM_new1_sta4_j6_k3,0.1000000014901161,vgg16,cifar,vgg16cifar,2,NO,YES,1.0,1.0,1.0,1.0,1.0,1.0,1.0,1.0,1.0,1.0,1.0,1.0,1.0,1.0
2567,ReFAM_sta1_j7_k3_const0,0.1000000014901161,vgg16,cifar,vgg16cifar,2,YES,NO,1.0,1.0,1.0,1.0,1.0,0.08418839786292587,0.04392777562190191,0.08418839786292587,0.04392777562190191,1.0,0.13703101580647664,0.913745777242007,1.0,0.14285714285714285
2568,ReFAM_new1_sta1_j3_k4,0.1134999990463256,resnet34,mnist,resnet34mnist,2,NO,YES,0.6984827657887592,0.12553737930858788,0.3995416511680636,0.3994721689059501,0.13880180636819536,1.0,1.0,1.0,1.0,0.3828761854196828,1.0,0.8411632107418411,0.18397626112759644,1.0
2569,ReFAM_new1_sta1_j3_k6,0.1000000014901161,resnet34,cifar,resnet34cifar,2,NO,YES,1.0,1.0,1.0,1.0,1.0,1.0,1.0,1.0,1.0,1.0,1.0,0.9132489222931078,0.7537091988130564,1.0
2570,ReFAM_sta3_j1_k7_const1,0.1000000014901161,resnet34,cifar,resnet34cifar,2,NO,YES,0.06239548279998842,0.18642205691284744,0.3640619687998619,0.3639635316698656,0.08349249196059244,1.0,1.0,1.0,1.0,0.3283800772120885,1.0,1.0,0.3219584569732938,1.0
2571,ReFAM_new1_sta1_j7_k2,0.1027999967336654,resnet18,mnist,resnet18mnist,2,NO,YES,1.0,1.0,1.0,1.0,1.0,1.0,1.0,1.0,1.0,1.0,1.0,0.7357688728519678,0.6646884272997032,1.0
2572,ReFAM_new_sta1_j1_k3,0.7081000208854675,vgg16,cifar,vgg16cifar,0,NO,NO,0.008232737313887361,0.00018265921076096093,0.006341930970921644,0.006238003838771593,0.00021447374753878412,0.0005140324536060866,4.389792503287955e-05,0.0005140324536060866,4.389792503287955e-05,0.01074282508158053,0.003750828541230003,0.2465825950082368,0.013353115727002967,0.052478142857142855
2573,mul8_183,0.1318999975919723,resnet34,cifar,resnet34cifar,2,NO,NO,0.49201437999574205,0.16998799006445367,0.34519044854681724,0.34524952015355087,0.1614061765853551,0.0230637056951905,0.01482871907610671,0.0230637056951905,0.01482871907610671,0.36700362723393365,0.0711940846634779,0.9892494028577304,0.5126112759643917,0.3125
2574,ReFAM_sta4_j1_k7_const0,0.1134999990463256,resnet18,mnist,resnet18mnist,2,YES,NO,1.0,0.10106472753674878,0.6484912687356968,0.6485124760076776,0.13298597150433497,0.05558868008390744,0.04768719392171771,0.05558868008390744,0.04768719392171771,0.5333577053349642,0.13130363124988803,0.9982599895334655,0.3805637982195846,0.14285714285714285
2575,mul8_338,0.1134999990463256,resnet18,mnist,resnet18mnist,2,NO,NO,0.6993493697165368,0.23688018272488726,0.4105936360288126,0.4105086372360845,0.2747120221732128,0.027505704947178418,0.018256269062673944,0.027505704947178418,0.018256269062673944,0.45916139960024865,0.07943097878337303,0.9774419708036629,0.7670623145400594,0.42857142857142855
2576,ReFAM_sta3_j3_k7_const1,0.1000000014901161,resnet34,cifar,resnet34cifar,2,NO,YES,0.49439754079713044,1.0,1.0,1.0,1.0,1.0,1.0,1.0,1.0,1.0,1.0,1.0,1.0,1.0
2577,mul8_408,0.1040999963879585,resnet34,cifar,resnet34cifar,2,NO,NO,0.39100086313057925,1.0,1.0,1.0,1.0,0.0733919095447425,0.037053360561752964,0.0733919095447425,0.037053360561752964,1.0,0.12423639848802423,1.0,1.0,0.42857142857142855
2578,ReFAM_new2_sta1_j2_k5,0.9872999787330629,vgg16,mnist,vgg16mnist,0,NO,NO,0.16638795413330246,0.07166331235829108,0.16987727098874925,0.16986564299424184,0.06842572831749016,0.012833646811824372,0.01638094970526933,0.012833646811824372,0.01638094970526933,0.21317884465900763,0.07286982796199758,0.5717120521942051,0.18694362017804153,0.2857142857142857
2579,ReFAM_sta4_j2_k2_const0,0.5874999761581421,resnet18,cifar,resnet18cifar,2,YES,NO,0.045063404244436084,0.00029615570784398643,0.02398402985366731,0.023992322456813823,0.0003896963409896461,0.0033353388729590017,0.0015118445381323716,0.0033353388729590017,0.0015118445381323716,0.021907805180487638,0.02207801126218926,0.8113346053363036,0.011869436201780416,0.14285714285714285
2580,ReFAM_sta2_j2_k2_const0,0.4343000054359436,resnet34,cifar,resnet34cifar,2,YES,NO,0.055462651377767486,0.00047767049652255877,0.029518805973744382,0.029510556621881002,0.0006285424854671712,0.0037247026471316264,0.0015715457161770878,0.0037247026471316264,0.0015715457161770878,0.027271639649865325,0.022537814323163922,0.8113346053363036,0.016320474777448073,0.14285714285714285
2581,mul8_153,0.9915000200271606,resnet18,mnist,resnet18mnist,0,NO,NO,0.0,0.0,0.0,0.0,0.0,0.0,0.0,0.0,0.0,0.0,0.0,0.0,0.0,0.0
2582,mul8_250,0.1000000014901161,vgg16,cifar,vgg16cifar,2,NO,NO,0.3394920887068814,1.0,1.0,1.0,1.0,0.07523574124563884,0.03901647576922334,0.07523574124563884,0.03901647576922334,1.0,0.12745501991484684,1.0,1.0,0.4330357142857143
2583,ReFAM_sta1_j3_k7_const0,0.1134999990463256,resnet34,mnist,resnet34mnist,2,YES,NO,1.0,1.0,1.0,1.0,1.0,0.09772308014750654,0.05828590894165615,0.09772308014750654,0.05828590894165615,1.0,0.1581588171715543,0.9530197174035663,1.0,0.14285714285714285
2584,ReFAM_sta1_j5_k2_const1,0.0983999967575073,resnet18,cifar,resnet18cifar,2,NO,YES,0.19411927982218619,0.06542175120372964,0.23615044778995506,0.23608445297504801,0.030572306493123206,1.0,1.0,1.0,1.0,0.208275925844412,1.0,0.9107626112578372,0.1661721068249258,1.0
2585,ReFAM_sta3_j3_k1_const1,0.9864000082015992,vgg16,mnist,vgg16mnist,0,NO,YES,0.034664157111104675,0.000382136397218047,0.022139104480308286,0.022072936660268716,0.0003184615259700334,1.0,1.0,1.0,1.0,0.020075184159248867,1.0,0.7954260836630428,0.008902077151335312,1.0
2586,ReFAM_new2_sta4_j4_k2,0.1000000014901161,resnet18,cifar,resnet18cifar,2,NO,NO,1.0,1.0,1.0,1.0,1.0,1.0,1.0,1.0,1.0,1.0,1.0,1.0,1.0,0.2857142857142857
2587,mul8_194,0.1000000014901161,resnet18,cifar,resnet18cifar,2,NO,NO,1.0,0.2588650337553818,0.6562630611491806,0.656190019193858,0.30039177400577455,1.0,1.0,1.0,1.0,0.6025886919328112,1.0,0.9991610482010389,0.6706231454005934,1.0
2588,ReFAM_sta4_j3_k2_const1,0.6158000230789185,vgg16,cifar,vgg16cifar,2,NO,YES,0.09186001634442739,0.0012411471734644485,0.050735447767373154,0.05062380038387716,0.0014068875966373514,1.0,1.0,1.0,1.0,0.04472594801409444,1.0,0.9067857353758687,0.020771513353115726,1.0
2589,mul8_047,0.1134999990463256,resnet34,mnist,resnet34mnist,2,NO,NO,1.0,0.4398159057906402,0.691510548589593,0.6914587332053743,0.3584231950598025,0.04750509063774353,0.03624212690714535,0.04750509063774353,0.03624212690714535,0.6434672751522802,0.11419537450063597,0.9963336584610937,0.7603857566765578,0.14732142857142858
2590,mul8_244,0.963699996471405,vgg16,mnist,vgg16mnist,0,NO,NO,0.25945309069819167,1.0,1.0,1.0,1.0,0.043342240820139225,0.02561004946418193,0.043342240820139225,0.02561004946418193,1.0,0.09699978502714034,0.799169804251368,1.0,0.19047614285714287
2591,ReFAM_sta4_j4_k6_const1,0.1027999967336654,resnet18,mnist,resnet18mnist,2,NO,YES,1.0,1.0,1.0,1.0,1.0,1.0,1.0,1.0,1.0,1.0,1.0,1.0,1.0,1.0
2592,ReFAM_new2_sta4_j4_k1,0.100100003182888,resnet34,cifar,resnet34cifar,2,NO,NO,1.0,1.0,1.0,1.0,1.0,1.0,1.0,1.0,1.0,1.0,1.0,1.0,1.0,0.2857142857142857
2593,mul8_382,0.1028999984264373,resnet34,cifar,resnet34cifar,2,NO,NO,0.8180741078220704,0.18609246427024687,0.4780822754949426,0.47816698656429946,0.19687309399482958,0.03099823476377092,0.022389697683769885,0.03099823476377092,0.022389697683769885,0.45725113549191326,0.0880940864549184,0.9805493505250575,0.5467359050445104,1.0
2594,ReFAM_new2_sta4_j1_k5,0.1000000014901161,resnet18,cifar,resnet18cifar,2,NO,NO,1.0,1.0,1.0,1.0,1.0,1.0,1.0,1.0,1.0,1.0,1.0,1.0,1.0,0.2857142857142857
2595,mul8_460,0.0166999995708465,resnet34,cifar100,resnet34cifar100,2,NO,NO,0.11089822311599977,0.006773516712098439,0.07085846576773441,0.07077735124760078,0.007020533885918374,0.006373460386978808,0.0021773370816308255,0.006373460386978808,0.0021773370816308255,0.0759698370181921,0.02681189277631477,0.8458863871925455,0.0897626112759644,0.14285714285714285
2596,mul8_284,0.1035000011324882,resnet18,cifar,resnet18cifar,2,NO,NO,1.0,1.0,1.0,1.0,1.0,0.09031794126840442,0.05873015594298889,0.09031794126840442,0.05873015594298889,1.0,0.1555769035548151,1.0,1.0,1.0
2597,ReFAM_new2_sta1_j1_k5,0.7049999833106995,vgg16,cifar,vgg16cifar,0,NO,NO,0.08666039277776169,0.017791633760476905,0.08518366556798655,0.08517274472168906,0.017097017501847084,0.008079975861252794,0.008997318714738993,0.008079975861252794,0.008997318714738993,0.10667531886890867,0.05384771561479252,0.5766836561193592,0.09347181008902077,0.2857142857142857
2598,ReFAM_new_sta2_j3_k4,0.1138999983668327,resnet34,cifar100,resnet34cifar100,2,NO,NO,0.05762916119721153,0.01669811662802843,0.08601964553286448,0.08613243761996162,0.014021146025573633,0.003941517741798517,0.0003230887282419935,0.003941517741798517,0.0003230887282419935,0.10055826281032638,0.010635931519201256,0.5241117190570345,0.08902077151335312,0.04444442857142857
2599,ReFAM_sta4_j3_k6_const1,0.1000000014901161,resnet18,cifar,resnet18cifar,2,NO,YES,0.8733201082178935,0.4362357529742949,0.6742945499812275,0.6741842610364683,0.28025000802117006,1.0,1.0,1.0,1.0,0.6059868106800343,1.0,1.0,0.47774480712166173,1.0
2600,ReFAM_sta3_j7_k1_const1,0.2432000041007995,vgg16,mnist,vgg16mnist,2,NO,YES,0.045930008172213696,0.15305975817134995,0.319662149738335,0.3195777351247601,0.07634286746589143,1.0,1.0,1.0,1.0,0.2972705416348244,1.0,0.7843649521777112,0.28486646884273,1.0
2601,ReFAM_new1_sta4_j1_k2,0.101000003516674,vgg16,mnist,vgg16mnist,2,NO,YES,1.0,1.0,1.0,1.0,1.0,1.0,1.0,1.0,1.0,1.0,1.0,1.0,1.0,1.0
2602,mul8_013,0.1010999977588653,resnet18,cifar,resnet18cifar,2,NO,NO,1.0,1.0,0.8185640206373057,0.8186180422264876,1.0,0.035075261939736244,0.01928172459144201,0.035075261939736244,0.01928172459144201,1.0,0.08341693388987419,0.8912651270950886,1.0,0.2857142857142857
2603,ReFAM_sta1_j2_k7_const1,0.0979999974370002,vgg16,mnist,vgg16mnist,2,NO,YES,0.8874024220442798,1.0,1.0,1.0,0.5014956585877708,1.0,1.0,1.0,1.0,0.8719721635659704,1.0,1.0,0.755192878338279,1.0
2604,ReFAM_new2_sta2_j2_k2,0.0218000002205371,resnet34,cifar100,resnet34cifar100,2,YES,NO,0.07106152207776459,0.0010309721549945227,0.03782097015385999,0.03790786948176583,0.0013566041977999778,0.005466450574288981,0.0048902288486627815,0.005466450574288981,0.0048902288486627815,0.03691770570949603,0.03964756393949708,0.7477005186432601,0.020771513353115726,0.2857142857142857
2605,ReFAM_sta2_j3_k7_const1,0.1000000014901161,vgg16,cifar,vgg16cifar,2,NO,YES,0.025998117833328508,1.0,1.0,1.0,1.0,1.0,1.0,1.0,1.0,1.0,1.0,1.0,1.0,1.0
2606,ReFAM_sta1_j1_k5_const1,0.3607999980449676,vgg16,cifar,vgg16cifar,2,NO,YES,0.11612492632220067,0.018306721779227066,0.12895740182436258,0.12883877159309023,0.00831858563022557,1.0,1.0,1.0,1.0,0.1121910477198452,1.0,1.0,0.09050445103857567,1.0
2607,mul8_459,0.636900007724762,resnet18,cifar,resnet18cifar,2,YES,NO,0.04495507875346388,0.0013022460831019285,0.023926375935749842,0.023992322456813823,0.0017135598612884368,0.0021753781164911366,0.0005355546854011304,0.0021753781164911366,0.0005355546854011304,0.03251495584975532,0.013152158984372667,0.5249812152176082,0.03560830860534125,0.14285714285714285
2608,mul8_043,0.0093000000342726,resnet34,cifar100,resnet34cifar100,2,NO,NO,0.6603521929665441,0.49114239675948335,0.6195741113754587,0.6194817658349329,0.3257592112902628,0.04249304836602724,0.02965568223521211,0.04249304836602724,0.02965568223521211,0.5907712695262464,0.10316383320494676,1.0,0.8115727002967359,0.2857142857142857
2609,ReFAM_sta4_j3_k1_const0,0.6891000270843506,vgg16,cifar,vgg16cifar,0,YES,NO,0.039863780677770376,0.0002794372404656969,0.021216641793628775,0.02111324376199616,0.00036769735399829514,0.0028962883062585484,0.0011694407228759111,0.0028962883062585484,0.0011694407228759111,0.020075184159248867,0.019409511354747017,0.7158834752967385,0.011869436201780416,0.14285714285714285
2610,ReFAM_new_sta2_j4_k3,0.5034000277519226,resnet34,mnist,resnet34mnist,2,NO,NO,0.05762916119721153,0.01669811662802843,0.08601964553286448,0.08613243761996162,0.014021146025573633,0.003941517741798517,0.0003230887282419935,0.003941517741798517,0.0003230887282419935,0.10055826281032638,0.010635931519201256,0.5241117190570345,0.08902077151335312,0.04444442857142857
2611,ReFAM_sta1_j4_k3_const1,0.5370000004768372,vgg16,mnist,vgg16mnist,2,NO,YES,0.20798494266662806,0.0709754668432986,0.24860369406012847,0.2485604606525912,0.0323927226666575,1.0,1.0,1.0,1.0,0.21776971043042742,1.0,0.9644545082459596,0.17804154302670624,1.0
2612,ReFAM_sta1_j8_k2_const1,0.1000000014901161,resnet18,cifar,resnet18cifar,2,NO,YES,1.0,1.0,1.0,1.0,1.0,1.0,1.0,1.0,1.0,1.0,1.0,0.9296542989152679,1.0,1.0
2613,mul8_378,0.51910001039505,resnet18,cifar,resnet18cifar,2,NO,NO,0.0656994137410563,0.002239969085165465,0.035269785208474645,0.035268714011516315,0.002921290083956267,0.003021860381919789,0.0008955176706707429,0.003021860381919789,0.0008955176706707429,0.04412027887876668,0.01703958486352209,0.5973153542433246,0.04747774480712166,0.14285714285714285
2614,mul8_249,0.1033999994397163,resnet34,mnist,resnet34mnist,2,NO,NO,0.2803463706360591,1.0,1.0,1.0,1.0,0.0738038582246096,0.03664598781744784,0.0738038582246096,0.03664598781744784,1.0,0.12388184255626616,1.0,1.0,0.4330357142857143
2615,mul8_145,0.0133999995887279,resnet34,cifar100,resnet34cifar100,2,NO,NO,0.27135535488536633,0.04379019087713041,0.17573184278319362,0.17562380038387718,0.04528138836369668,0.013501256624152838,0.007575025943673695,0.013501256624152838,0.007575025943673695,0.1908300901944252,0.05028050972453617,0.929530085178043,0.19955489614243324,0.21428571428571427
2616,mul8_218,0.1023000031709671,resnet18,cifar,resnet18cifar,2,NO,NO,0.15685531092774865,0.03145121869666013,0.09821705231166346,0.09812859884836853,0.0380892278010285,0.009138756240209442,0.004630353132468135,0.009138756240209442,0.004630353132468135,0.14779481952210485,0.03906683864495441,0.648024085247277,0.2195845697329377,0.14285714285714285
2617,ReFAM_new_sta1_j2_k4,0.704800009727478,resnet18,cifar,resnet18cifar,2,NO,NO,0.04463010228054727,0.0036374110768603676,0.030700713135977883,0.030710172744721688,0.004320557466155676,0.0018456384933519072,0.00022651329316965844,0.0018456384933519072,0.00022651329316965844,0.04894993172413463,0.008625785994518192,0.34004426896143064,0.06676557863501484,0.05924957142857142
2618,ReFAM_new2_sta1_j1_k1,0.9884999990463256,vgg16,mnist,vgg16mnist,0,YES,NO,0.008666039277776169,4.378646218123456e-05,0.00461231343339756,0.0045585412667946265,5.761639450115736e-05,0.0007597562275618961,0.00046882983935115356,0.0007597562275618961,0.00046882983935115356,0.006052896226962023,0.012216131324531388,0.3818045201582605,0.004451038575667656,0.2857142857142857
2619,mul8_349,0.2967000007629394,vgg16,mnist,vgg16mnist,2,NO,NO,0.3613467582437311,0.15880903241790437,0.3289795615920071,0.32893474088291746,0.12126560115709747,0.02428238720646398,0.01631246894221804,0.02428238720646398,0.01631246894221804,0.33355874091774096,0.07469037936738264,0.9848062163884754,0.3694362017804154,0.16071428571428573
2620,ReFAM_sta1_j1_k1_const0,0.9912999868392944,resnet34,mnist,resnet34mnist,0,YES,NO,0.008666039277776169,2.7864112297149264e-05,0.00461231343339756,0.0045585412667946265,3.6664978318918315e-05,0.0006938083029340502,0.00020895412315650666,0.0006938083029340502,0.00020895412315650666,0.005241962731161192,0.008173447268948962,0.5090726935443474,0.00370919881305638,0.14285714285714285
2621,ReFAM_sta1_j4_k1_const0,0.2162999957799911,resnet34,mnist,resnet34mnist,2,YES,NO,0.12479096559997684,0.003311848775889741,0.06641731344092486,0.06645873320537428,0.00435789456590572,0.00602836302796734,0.002086029397562436,0.00602836302796734,0.002086029397562436,0.06541609963883796,0.02620578874139362,0.7477005186432601,0.05341246290801187,0.14285714285714285
2622,ReFAM_new2_sta1_j3_k2,0.682200014591217,resnet34,mnist,resnet34mnist,2,NO,NO,0.03639736496665991,0.004005267113341655,0.03828220149719974,0.038387715930902115,0.003928128641467542,0.004094191704293119,0.0034907629986145818,0.004094191704293119,0.0034907629986145818,0.050060049482437745,0.03345216555298783,0.4295300851780431,0.04154302670623145,0.2857142857142857
2623,ReFAM_new2_sta1_j3_k4,0.9873999953269958,vgg16,mnist,vgg16mnist,0,NO,NO,0.16118833056663676,0.07073901994751994,0.16754228546816635,0.16746641074856047,0.06758545479247378,0.012428925301779508,0.015474896532590697,0.012428925301779508,0.015474896532590697,0.211314571418077,0.07082310719382788,0.5428781748318533,0.18397626112759644,0.2857142857142857
2624,mul8_084,0.1134999990463256,resnet18,mnist,resnet18mnist,2,NO,NO,0.3996330493925207,0.17536930768348918,0.3545042554163098,0.35460652591170827,0.1317394958612436,0.026694455134633137,0.016791834283577084,0.026694455134633137,0.016791834283577084,0.35387782284885794,0.07625415763482082,0.989932578412467,0.5682492581602374,0.2857142857142857
2625,mul8_208,0.1134999990463256,resnet18,mnist,resnet18mnist,2,NO,NO,0.4961036690131505,0.16909635694087077,0.3528106729611782,0.35268714011516317,0.1550939944256601,0.024136940413791604,0.01595952962495369,0.024136940413791604,0.01595952962495369,0.36714406314923437,0.07390513128273112,0.9830662059219408,0.46958456973293766,0.7142857142857143
2626,ReFAM_new2_sta1_j7_k1,0.9886999726295472,vgg16,mnist,vgg16mnist,0,NO,NO,0.24958193119995367,0.2247981046034698,0.26566925376369943,0.265595009596929,0.23063318933408733,0.012531009075518504,0.015272966077439451,0.012531009075518504,0.015272966077439451,0.372575303068244,0.07037972567074517,0.3261252033745411,0.28486646884273,0.2857142857142857
2627,mul8_126,0.1134999990463256,resnet34,mnist,resnet34mnist,2,NO,NO,0.553814076061799,0.10864468582019209,0.33999168499513927,0.33997120921305185,0.10761154338595087,0.024879532113025706,0.014992019357229023,0.024879532113025706,0.014992019357229023,0.3305404894108816,0.07196888267856183,0.9769451158547636,0.39243323442136496,0.14285714285714285
2628,mul8_356,0.1000000014901161,vgg16,cifar,vgg16cifar,2,NO,NO,0.5209643657248552,0.5224626865844648,0.617017860264998,0.6170825335892515,0.3134421630976848,0.04430616459517911,0.03182775156583899,0.04430616459517911,0.03182775156583899,0.5847433312626434,0.1069549691573661,1.0,0.8100890207715133,0.2857142857142857
2629,mul8_208,0.4108000099658966,vgg16,mnist,vgg16mnist,2,NO,NO,0.4961036690131505,0.16909635694087077,0.3528106729611782,0.35268714011516317,0.1550939944256601,0.024136940413791604,0.01595952962495369,0.024136940413791604,0.01595952962495369,0.36714406314923437,0.07390513128273112,0.9830662059219408,0.46958456973293766,0.7142857142857143
2630,ReFAM_new1_sta2_j7_k1,0.1000000014901161,resnet18,cifar,resnet18cifar,2,NO,YES,0.3917049753554829,0.28583484064912235,0.37336677243353245,0.37332053742802307,0.25800562532179283,1.0,1.0,1.0,1.0,0.4333806030482243,1.0,0.47924408813880987,0.28486646884273,1.0
2631,mul8_336,0.0109000001102685,resnet34,cifar100,resnet34cifar100,2,NO,NO,0.33747452383771237,1.0,1.0,1.0,1.0,0.057151555557964605,0.0334941168000871,0.057151555557964605,0.0334941168000871,1.0,0.11339146557747083,0.9860025372183047,0.9376854599406528,1.0
2632,ReFAM_new2_sta4_j6_k2,0.101000003516674,vgg16,mnist,vgg16mnist,2,NO,NO,1.0,1.0,1.0,1.0,1.0,1.0,1.0,1.0,1.0,1.0,1.0,1.0,1.0,0.2857142857142857
2633,mul8_200,0.1134999990463256,resnet34,mnist,resnet34mnist,2,NO,NO,1.0,1.0,1.0,1.0,1.0,0.07928837672345415,0.04395235845992032,0.07928837672345415,0.04395235845992032,1.0,0.13504923475633424,1.0,1.0,0.36160714285714285
2634,ReFAM_sta3_j2_k1_const0,0.7034000158309937,vgg16,cifar,vgg16cifar,0,YES,NO,0.019065286411107572,7.563116194940513e-05,0.01014708955347463,0.010076775431861805,9.951922686563543e-05,0.0014788596248737503,0.0005232632663919242,0.0014788596248737503,0.0005232632663919242,0.009945924349559945,0.012944650460101634,0.6681579102769559,0.005934718100890208,0.14285714285714285
2635,mul8_266,0.1134999990463256,resnet18,mnist,resnet18mnist,2,NO,NO,1.0,0.6756794394823326,0.7034684471564224,0.7034548944337813,0.7280625072127753,1.0,1.0,1.0,1.0,0.7646070791357383,1.0,0.9809067195559257,1.0,1.0
2636,mul8_308,0.0099999997764825,resnet34,cifar100,resnet34cifar100,2,NO,NO,1.0,0.9360060157312817,1.0,1.0,1.0,0.057348495935620365,0.03996818278393617,0.057348495935620365,0.03996818278393617,1.0,0.12217773478320584,0.999782116887163,1.0,0.2380952857142857
2637,mul8_077,0.1000000014901161,vgg16,cifar,vgg16cifar,2,NO,NO,1.0,0.8620182993783915,1.0,1.0,0.9749229196263088,0.05588409065039107,0.040684596920472764,0.05588409065039107,0.040684596920472764,1.0,0.12264500217958595,0.9988505138579769,1.0,0.1462052857142857
2638,mul8_141,0.708299994468689,vgg16,cifar,vgg16cifar,0,NO,NO,0.0,0.0,0.0,0.0,0.0,0.0,0.0,0.0,0.0,0.0,0.0,0.0,0.0,0.0
2639,mul8_079,0.101000003516674,vgg16,cifar,vgg16cifar,2,NO,NO,0.3990101760862227,0.22278027074363743,0.41755219640727204,0.4174664107485605,0.13402703606066568,1.0,1.0,1.0,1.0,0.39041900709268773,1.0,0.9935062687211483,0.43991097922848665,1.0
2640,ReFAM_new2_sta4_j1_k1,0.1022000014781951,resnet34,mnist,resnet34mnist,2,NO,NO,1.0,1.0,1.0,1.0,1.0,1.0,1.0,1.0,1.0,1.0,1.0,1.0,1.0,0.2857142857142857
2641,ReFAM_new1_sta3_j4_k5,0.1000000014901161,vgg16,cifar,vgg16cifar,2,NO,YES,1.0,1.0,0.9581612731331134,0.9580134357005758,1.0,1.0,1.0,1.0,1.0,0.9835984196130352,1.0,0.9223521601990677,0.7477744807121661,1.0
2642,mul8_380,0.8410000205039978,vgg16,mnist,vgg16mnist,2,NO,NO,0.49437046115759525,0.09541282180979797,0.3031647938411019,0.30326295585412666,0.09763079128254246,0.022522571354751046,0.013281756197948037,0.022522571354751046,0.013281756197948037,0.3035561478611422,0.06753357458065364,0.9680892872778661,0.4043026706231454,0.14285714285714285
2643,ReFAM_new2_sta4_j2_k1,0.1027999967336654,resnet18,mnist,resnet18mnist,2,NO,NO,1.0,1.0,1.0,1.0,1.0,1.0,1.0,1.0,1.0,1.0,1.0,1.0,1.0,0.2857142857142857
2644,ReFAM_sta4_j4_k4_const0,0.1134999990463256,resnet18,mnist,resnet18mnist,2,YES,NO,1.0,0.09997961939214838,0.6383441791822223,0.6384357005758158,0.13155813249151538,0.05404748611931696,0.04449844864732934,0.05404748611931696,0.04449844864732934,0.5261356178535616,0.12693923433833146,0.9963336584610937,0.3798219584569733,0.14285714285714285
2645,mul8_485,0.0099999997764825,resnet34,cifar100,resnet34cifar100,2,NO,NO,1.0,0.43084286551346396,0.7489696608368895,0.7490403071017275,0.5251768937835817,0.037363564584699714,0.021394092744024176,0.037363564584699714,0.021394092744024176,0.7290376746114405,0.08798510715799908,0.9926978612837999,0.9465875370919882,0.14285714285714285
2646,mul8_023,0.101000003516674,vgg16,mnist,vgg16mnist,2,NO,NO,1.0,1.0,1.0,1.0,1.0,0.09031794126840442,0.05873015594298889,0.09031794126840442,0.05873015594298889,1.0,0.1555769035548151,1.0,1.0,1.0
2647,ReFAM_sta4_j3_k1_const0,0.6881999969482422,resnet34,cifar,resnet34cifar,2,YES,NO,0.039863780677770376,0.0002794372404656969,0.021216641793628775,0.02111324376199616,0.00036769735399829514,0.0028962883062585484,0.0011694407228759111,0.0028962883062585484,0.0011694407228759111,0.020075184159248867,0.019409511354747017,0.7158834752967385,0.011869436201780416,0.14285714285714285
2648,ReFAM_new1_sta4_j1_k8,0.1000000014901161,vgg16,cifar,vgg16cifar,2,NO,YES,1.0,1.0,1.0,1.0,1.0,1.0,1.0,1.0,1.0,1.0,1.0,1.0,1.0,1.0
2649,mul8_347,0.0111999996006488,resnet34,cifar100,resnet34cifar100,2,NO,NO,1.0,1.0,1.0,1.0,1.0,0.09031794126840442,0.05873015594298889,0.09031794126840442,0.05873015594298889,1.0,0.1555769035548151,1.0,1.0,1.0
2650,mul8_353,0.1000000014901161,vgg16,cifar,vgg16cifar,2,NO,NO,1.0,1.0,1.0,1.0,1.0,0.06365510500174355,0.04281979199407203,0.06365510500174355,0.04281979199407203,1.0,0.12788048703295654,1.0,1.0,0.2857142857142857
2651,mul8_452,0.0076999999582767,resnet34,cifar100,resnet34cifar100,2,NO,NO,0.20384149437014917,1.0,1.0,1.0,1.0,0.04618071176781994,0.025596002128171407,0.04618071176781994,0.025596002128171407,1.0,0.09786714080125163,0.8993593829224438,1.0,0.14285714285714285
2652,mul8_100,0.1023999974131584,resnet34,cifar,resnet34cifar,2,NO,NO,1.0,1.0,1.0,1.0,1.0,0.08890051258701963,0.05181886662581233,0.08890051258701963,0.05181886662581233,1.0,0.14777741948967832,1.0,1.0,0.8660714285714286
2653,ReFAM_sta3_j2_k4_const1,0.0939999967813491,resnet34,mnist,resnet34mnist,2,NO,YES,0.10312586740553642,0.009562764311008077,0.0946028730240591,0.09452975047984645,0.005274033018067782,1.0,1.0,1.0,1.0,0.08439395902620837,1.0,0.9942831136514969,0.06083086053412463,1.0
2654,ReFAM_new1_sta3_j3_k5,0.1000000014901161,resnet34,cifar,resnet34cifar,2,NO,YES,0.9324658262887159,0.2659382722339694,0.5389398177668321,0.5388675623800384,0.29557351648626645,1.0,1.0,1.0,1.0,0.5343579566226753,1.0,0.9622481871921383,0.37388724035608306,1.0
2655,ReFAM_sta3_j1_k8_const0,0.1000000014901161,vgg16,cifar,vgg16cifar,2,YES,NO,1.0,0.799380332000102,1.0,1.0,1.0,0.11735388017713791,0.094642170453887,0.11735388017713791,0.094642170453887,1.0,0.19857670052489207,1.0,1.0,0.14285714285714285
2656,ReFAM_sta4_j2_k4_const1,0.1030000001192092,resnet18,mnist,resnet18mnist,2,NO,YES,0.18372003268885478,0.005480472830102158,0.10400766792311497,0.10388675623800385,0.005664673681287594,1.0,1.0,1.0,1.0,0.09109558364263634,1.0,0.9942831136514969,0.04599406528189911,1.0
2657,mul8_451,0.0957999974489212,resnet18,cifar,resnet18cifar,2,NO,NO,0.39013425920280165,1.0,1.0,1.0,1.0,0.07579855709554499,0.039393997924506104,0.07579855709554499,0.039393997924506104,1.0,0.12814994954109266,1.0,1.0,0.42857142857142855
2658,mul8_389,0.7786999940872192,vgg16,mnist,vgg16mnist,2,NO,NO,1.0,0.9780770695615622,0.8582424136890039,0.8582053742802304,0.7579981017101447,0.04863885290360581,0.036524829544357096,0.04863885290360581,0.036524829544357096,0.8531113981722038,0.11491120426601698,0.9999837096738066,1.0,0.21651785714285715
2659,mul8_164,0.098700001835823,resnet18,cifar,resnet18cifar,2,NO,NO,0.28294618241939196,1.0,1.0,1.0,1.0,0.07380024463969848,0.036756610588530705,0.07380024463969848,0.036756610588530705,1.0,0.12402291849542883,1.0,1.0,0.4330357142857143
2660,ReFAM_new2_sta2_j1_k8,0.0952999964356422,resnet34,cifar,resnet34cifar,2,NO,NO,0.8995348770331664,1.0,0.8490827614040077,0.8490882917466411,0.9472720245006999,0.07078922501251203,0.1242978526890991,0.07078922501251203,0.1242978526890991,0.8956159385657728,0.20702931393800422,0.9337553885344612,0.7581602373887241,0.2857142857142857
2661,ReFAM_new_sta1_j5_k1,0.9767000079154968,resnet34,mnist,resnet34mnist,0,NO,NO,0.029464533544438978,0.002674158663032125,0.02398402985366731,0.023992322456813823,0.0031133804446807213,0.001279209058534655,0.0001264260240946931,0.001279209058534655,0.0001264260240946931,0.040873859613605415,0.006431271385320937,0.23067407333497592,0.04747774480712166,0.04664728571428572
2662,mul8_293,0.1018999963998794,resnet18,cifar,resnet18cifar,2,NO,NO,1.0,1.0,1.0,1.0,1.0,0.0872084514523901,0.045990978098447245,0.0872084514523901,0.045990978098447245,1.0,0.14065942924705754,1.0,1.0,0.7539682857142856
2663,ReFAM_new2_sta3_j5_k3,0.1052000001072883,resnet34,cifar,resnet34cifar,2,NO,NO,0.8250069392442914,0.3146893231090617,0.4876080126319236,0.4875239923224568,0.35873501641153904,0.06495689896597266,0.1280239085658899,0.06495689896597266,0.1280239085658899,0.5336581483233842,0.20857517780046933,0.6952212328111604,0.3560830860534125,0.2857142857142857
2664,mul8_476,0.1134999990463256,resnet34,mnist,resnet34mnist,2,NO,NO,0.6443200203026582,0.16065247998879068,0.3871287165172981,0.38699616122840697,0.17166666594685984,0.027172351739128076,0.01913247164633022,0.027172351739128076,0.01913247164633022,0.39459649103108113,0.08108656837629805,0.9803783021000267,0.4406528189910979,0.7142857142857143
2665,mul8_012,0.7002999782562256,resnet34,cifar100,resnet34cifar100,0,NO,NO,0.0,0.0,0.0,0.0,0.0,0.0,0.0,0.0,0.0,0.0,0.0,0.0,0.0,0.0
2666,ReFAM_new2_sta3_j1_k8,0.1009000018239021,resnet34,mnist,resnet34mnist,2,NO,NO,1.0,1.0,0.9553211396656033,0.9553742802303264,1.0,0.11472228696561854,0.25292579670344145,0.11472228696561854,0.25292579670344145,1.0,0.29873091369436827,1.0,0.7581602373887241,0.2857142857142857
2667,ReFAM_new_sta2_j3_k1,0.9189000129699708,resnet18,cifar,resnet18cifar,0,YES,NO,0.006066227494443318,7.94127200468754e-05,0.0032286194033782916,0.0031190019193857964,0.00010449518820891721,0.00023578641545024363,1.4047336010521454e-05,0.00023578641545024363,1.4047336010521454e-05,0.007161882485407868,0.0021303213247105333,0.11135965171282598,0.005934718100890208,0.031746
2668,ReFAM_new2_sta2_j3_k6,0.8913999795913696,vgg16,mnist,vgg16mnist,2,NO,NO,0.8856692141887245,1.0,0.8444172993604545,0.8442898272552783,0.9482829405222618,0.06970695633163312,0.12091068879356212,0.06970695633163312,0.12091068879356212,0.8934862067961243,0.2041645020093991,0.8923840688754991,0.7537091988130564,0.2857142857142857
2669,mul8_395,0.0109999999403953,resnet34,cifar100,resnet34cifar100,2,NO,NO,0.20435604218547498,1.0,1.0,1.0,1.0,0.078394917854181,0.04366614398870595,0.078394917854181,0.04366614398870595,1.0,0.13435430513008842,1.0,1.0,0.42857142857142855
2670,ReFAM_sta4_j5_k1_const1,0.1349000036716461,resnet18,cifar,resnet18cifar,2,NO,YES,0.13172379702219777,0.005209792882072708,0.08152263993530187,0.081573896353167,0.0047243970354974435,1.0,1.0,1.0,1.0,0.07511446643708715,1.0,0.771563810225845,0.03560830860534125,1.0
2671,ReFAM_new_sta1_j1_k3,0.9196000099182128,resnet18,cifar,resnet18cifar,0,NO,NO,0.008232737313887361,0.00018265921076096093,0.006341930970921644,0.006238003838771593,0.00021447374753878412,0.0005140324536060866,4.389792503287955e-05,0.0005140324536060866,4.389792503287955e-05,0.01074282508158053,0.003750828541230003,0.2465825950082368,0.013353115727002967,0.052478142857142855
2672,ReFAM_new_sta1_j5_k1,0.7014999985694885,vgg16,cifar,vgg16cifar,0,NO,NO,0.029464533544438978,0.002674158663032125,0.02398402985366731,0.023992322456813823,0.0031133804446807213,0.001279209058534655,0.0001264260240946931,0.001279209058534655,0.0001264260240946931,0.040873859613605415,0.006431271385320937,0.23067407333497592,0.04747774480712166,0.04664728571428572
2673,mul8_348,0.9919999837875366,resnet34,mnist,resnet34mnist,0,YES,NO,0.001733207855555234,0.0002030099610220875,0.000922462686679512,0.0009596928982725527,0.00026713055632354775,7.407849067785432e-05,2.2826921017097364e-05,7.407849067785432e-05,2.2826921017097364e-05,0.010827749830438113,0.00268417501179365,0.003976875881968441,0.04747774480712166,0.07087485714285714
2674,mul8_238,0.1018999963998794,resnet18,cifar,resnet18cifar,2,NO,NO,0.7111703880522745,1.0,1.0,1.0,1.0,0.0493949955462566,0.027006003480227497,0.0493949955462566,0.027006003480227497,1.0,0.10116786991753401,0.9049367833529156,1.0,0.5714285714285714
2675,ReFAM_new1_sta2_j3_k4,0.1000000014901161,resnet18,cifar,resnet18cifar,2,NO,YES,0.4644997052888027,0.08054161465365704,0.28302308305685775,0.2831094049904031,0.0826094329787118,1.0,1.0,1.0,1.0,0.28146943306326877,1.0,0.9018141314507147,0.18397626112759644,1.0
2676,ReFAM_sta4_j4_k1_const1,0.3050999939441681,resnet18,cifar,resnet18cifar,2,NO,YES,0.07626114564443029,0.0012100985911904821,0.04358636194560694,0.043666026871401156,0.001281637415963187,1.0,1.0,1.0,1.0,0.03978369198436486,1.0,0.779517561989782,0.017804154302670624,1.0
2677,mul8_117,0.1102999970316886,resnet18,mnist,resnet18mnist,2,NO,NO,0.32990528622225723,1.0,1.0,1.0,1.0,0.07343707935613143,0.03612974821906118,0.07343707935613143,0.03612974821906118,1.0,0.12306972286415506,1.0,1.0,0.42857142857142855
2678,ReFAM_sta2_j8_k1_const1,0.0979999974370002,vgg16,mnist,vgg16mnist,2,NO,YES,0.4437012110221399,0.8005502764119939,0.748463162404589,0.7483205374280231,0.43241063152488624,1.0,1.0,1.0,1.0,0.70038050797246,1.0,0.8081030118776841,0.56973293768546,1.0
2679,ReFAM_new2_sta4_j2_k4,0.1027999967336654,resnet18,mnist,resnet18mnist,2,NO,NO,1.0,1.0,1.0,1.0,1.0,1.0,1.0,1.0,1.0,1.0,1.0,1.0,1.0,0.2857142857142857
2680,ReFAM_sta2_j6_k1_const0,0.2312999963760376,vgg16,mnist,vgg16mnist,2,YES,NO,0.6932831422220935,0.0457544646269075,0.36898507467180475,0.3690019193857966,0.060205989541282104,0.026239143435832668,0.01254427105739566,0.026239143435832668,0.01254427105739566,0.31558758074310567,0.06671025838543439,0.9241858400412146,0.18991097922848665,0.14285714285714285
2681,ReFAM_new_sta2_j3_k3,0.9352999925613404,resnet18,mnist,resnet18mnist,1,NO,NO,0.018198682483329957,0.002408852508088554,0.029057574630404627,0.029030710172744723,0.002245729922033747,0.0016252098137739014,0.00010535502007891092,0.0016252098137739014,0.00010535502007891092,0.0378971244065334,0.005919964410048787,0.3827992482014462,0.02373887240356083,0.040816285714285715
2682,ReFAM_new1_sta3_j6_k2,0.0979999974370002,vgg16,mnist,vgg16mnist,2,NO,YES,0.7678110800109686,0.24643259750847069,0.45367868009256745,0.45369481765834935,0.2764669943355489,1.0,1.0,1.0,1.0,0.4812870861766993,1.0,0.6629378788773522,0.3323442136498516,1.0
2683,mul8_249,0.0093000000342726,resnet34,cifar100,resnet34cifar100,2,NO,NO,0.2803463706360591,1.0,1.0,1.0,1.0,0.0738038582246096,0.03664598781744784,0.0738038582246096,0.03664598781744784,1.0,0.12388184255626616,1.0,1.0,0.4330357142857143
2684,mul8_454,0.1000000014901161,vgg16,cifar,vgg16cifar,2,NO,NO,1.0,0.2568716601533641,0.5823487126509249,0.5822936660268714,0.303317276782602,0.03778545062307238,0.02653892955787766,0.03778545062307238,0.02653892955787766,0.5613553104207734,0.0969303667078698,0.9925115406779627,0.5593471810089021,1.0
2685,mul8_339,0.1000000014901161,vgg16,cifar,vgg16cifar,2,NO,NO,0.7467959347623614,1.0,1.0,1.0,1.0,1.0,1.0,1.0,1.0,1.0,1.0,0.9514039206742565,1.0,1.0
2686,ReFAM_new_sta2_j3_k6,0.1061000004410743,resnet18,cifar,resnet18cifar,2,NO,NO,0.5884240669610019,0.3612874732504522,0.4859783863597848,0.4858445297504798,0.30539324319542427,0.015570033985766087,0.0017260664122928236,0.015570033985766087,0.0017260664122928236,0.5105071631669272,0.02670963138126034,0.7302230349284956,0.516320474777448,0.04686314285714286
2687,ReFAM_sta4_j5_k2_const1,0.1000000014901161,resnet34,cifar,resnet34cifar,2,NO,YES,0.2703804254666165,0.02278806715410287,0.17278879199865607,0.17274472168905952,0.01872430928684323,1.0,1.0,1.0,1.0,0.1557371472667285,1.0,0.8948540895845762,0.0830860534124629,1.0
2688,mul8_039,0.6837000250816345,vgg16,cifar,vgg16cifar,1,NO,NO,0.14103978924580715,0.07776006720505438,0.2389826960464194,0.23896353166986564,0.0389471879919908,1.0,1.0,1.0,1.0,0.21855062669676084,1.0,0.9463081030118777,0.14910979228486648,1.0
2689,ReFAM_new1_sta1_j4_k3,0.0957999974489212,resnet18,mnist,resnet18mnist,2,NO,YES,0.6759510636665412,0.12133785952666039,0.38697309706205524,0.38699616122840697,0.13464610934407514,1.0,1.0,1.0,1.0,0.37343965797477074,1.0,0.7894607698400902,0.17804154302670624,1.0
2690,mul8_001,0.0998999997973442,resnet18,cifar,resnet18cifar,2,NO,NO,1.0,0.7456328477313836,0.8853999993033562,0.88531669865643,0.8603522927910576,0.048425651393850036,0.03330798959794769,0.048425651393850036,0.03330798959794769,0.8933256312661388,0.11031765225751361,0.9995021269057137,1.0,0.14285714285714285
2691,ReFAM_sta3_j4_k6_const0,0.1000000014901161,resnet18,cifar,resnet18cifar,2,YES,NO,1.0,1.0,1.0,1.0,1.0,0.189584022172957,0.14382716157772654,0.189584022172957,0.14382716157772654,1.0,0.26490553137110884,1.0,1.0,0.14285714285714285
2692,ReFAM_sta1_j1_k7_const1,0.0957999974489212,resnet18,mnist,resnet18mnist,2,NO,YES,0.4489008345888056,0.30149526787761444,0.5182330506189371,0.5182341650671786,0.1363692693118696,1.0,1.0,1.0,1.0,0.4518376503756881,1.0,1.0,0.37537091988130566,1.0
2693,mul8_347,0.1134999990463256,resnet18,mnist,resnet18mnist,2,NO,NO,1.0,1.0,1.0,1.0,1.0,0.09031794126840442,0.05873015594298889,0.09031794126840442,0.05873015594298889,1.0,0.1555769035548151,1.0,1.0,1.0
2694,ReFAM_new_sta2_j5_k4,0.1037999987602233,resnet34,cifar,resnet34cifar,2,NO,NO,0.5823578394665586,0.3601890301378239,0.483638899221291,0.4836852207293666,0.3042637264363282,0.015367673230743655,0.00169094807226652,0.015367673230743655,0.00169094807226652,0.5088250424544566,0.026419268733989,0.7175461067138543,0.5103857566765578,0.046083
2695,ReFAM_new2_sta4_j2_k5,0.101000003516674,vgg16,mnist,vgg16mnist,2,NO,NO,1.0,1.0,1.0,1.0,1.0,1.0,1.0,1.0,1.0,1.0,1.0,1.0,1.0,0.2857142857142857
2696,ReFAM_sta3_j5_k5_const1,0.1000000014901161,vgg16,cifar,vgg16cifar,2,NO,YES,0.5290616979082351,1.0,1.0,1.0,1.0,1.0,1.0,1.0,1.0,1.0,1.0,1.0,1.0,1.0
2697,ReFAM_sta2_j3_k3_const1,0.1048000007867813,resnet18,mnist,resnet18mnist,2,NO,YES,0.08146076921109599,0.009972963849896823,0.09190034516044637,0.09189059500959693,0.0050397158490401404,1.0,1.0,1.0,1.0,0.08215008923865973,1.0,0.9624660703049752,0.04451038575667656,1.0
2698,mul8_204,0.1134999990463256,resnet18,mnist,resnet18mnist,2,NO,NO,0.6998368378923275,1.0,0.5938317495657562,0.5938099808061421,1.0,0.03448624759922452,0.020322983373221915,0.03448624759922452,0.020322983373221915,0.8374286287854824,0.08520986725425915,0.9642987320017349,1.0,0.32722828571428575
2699,mul8_182,0.0099999997764825,resnet34,cifar100,resnet34cifar100,2,NO,NO,0.7049822952470913,0.2261237895065345,0.45272457693573487,0.45273512476007677,0.21853951873809155,1.0,1.0,1.0,1.0,0.4537042136857079,1.0,0.9864525574793978,0.5207715133531158,1.0
2700,ReFAM_sta1_j2_k6_const1,0.1000000014901161,resnet34,cifar,resnet34cifar,2,NO,YES,0.4437012110221399,0.3010788984281456,0.5167088249333783,0.5167946257197698,0.13614490056245174,1.0,1.0,1.0,1.0,0.45078840081305677,1.0,1.0,0.37537091988130566,1.0
2701,ReFAM_new2_sta2_j3_k5,0.6175000071525574,vgg16,cifar,vgg16cifar,2,NO,NO,0.4489008345888056,0.300963461391486,0.430040573746405,0.42994241842610365,0.23862533210529563,0.04312632912170012,0.0726686250994288,0.04312632912170012,0.0726686250994288,0.4514989908442415,0.15597475263192467,0.8608622876912332,0.37388724035608306,0.2857142857142857
2702,ReFAM_new1_sta2_j5_k2,0.1000000014901161,resnet18,cifar,resnet18cifar,2,NO,YES,0.3865053517888172,0.07494888925687208,0.24376076495506102,0.2437619961612284,0.07756626752090008,1.0,1.0,1.0,1.0,0.25668847634446196,1.0,0.6686547652258552,0.1661721068249258,1.0
2703,ReFAM_sta2_j3_k2_const0,0.3368000090122223,vgg16,cifar,vgg16cifar,2,YES,NO,0.14038983629997395,0.0023047601457213463,0.07471947762104046,0.07461612284069098,0.003032717492379101,0.008017641521536062,0.0036751342837526755,0.008017641521536062,0.0036751342837526755,0.06580698140771678,0.034789028024100846,0.8869003378206395,0.03857566765578635,0.14285714285714285
2704,mul8_070,0.9236000180244446,resnet18,cifar,resnet18cifar,0,NO,NO,0.0,0.0,0.0,0.0,0.0,0.0,0.0,0.0,0.0,0.0,0.0,0.0,0.0,0.0
2705,mul8_192,0.5235000252723694,resnet34,cifar,resnet34cifar,2,NO,NO,0.055462651377767486,0.001630448628130334,0.036206660452170844,0.036228406909788874,0.0016042892251696681,0.003929773590837394,0.0014942853681192197,0.003929773590837394,0.0014942853681192197,0.037508424429245416,0.02201381797770254,0.7556552885525841,0.037091988130563795,0.2857142857142857
2706,ReFAM_new2_sta4_j1_k2,0.101000003516674,vgg16,mnist,vgg16mnist,2,NO,NO,1.0,1.0,1.0,1.0,1.0,1.0,1.0,1.0,1.0,1.0,1.0,1.0,1.0,0.2857142857142857
2707,mul8_099,0.1068999990820884,resnet34,cifar,resnet34cifar,2,NO,NO,0.9770974121951874,0.5338846641148447,0.715238853337259,0.71521113243762,0.4056669129418313,0.053278695929477274,0.04351162329259021,0.053278695929477274,0.04351162329259021,0.6728065061155172,0.12547547816532606,1.0,0.8019287833827893,0.21428571428571427
2708,mul8_296,0.1123000010848045,resnet34,mnist,resnet34mnist,2,NO,NO,0.15040994768131835,1.0,1.0,1.0,1.0,0.055591390272590774,0.029611784310179228,0.055591390272590774,0.029611784310179228,1.0,0.10726473907669157,0.9886741507140253,0.9903560830860534,0.5714285714285714
2709,mul8_059,0.1018999963998794,resnet34,mnist,resnet34mnist,2,NO,NO,0.2878749957250428,1.0,1.0,1.0,1.0,0.07492135935837187,0.03914465771031935,0.07492135935837187,0.03914465771031935,1.0,0.12748637012354969,1.0,1.0,0.42857142857142855
2710,ReFAM_new2_sta2_j3_k2,0.010700000450015,resnet34,cifar100,resnet34cifar100,2,YES,NO,0.12132454988886637,0.003792703742389117,0.06457238806756584,0.06453934740882918,0.0049906273346093395,0.008727710956570128,0.008798900093590377,0.008727710956570128,0.008798900093590377,0.06652680750950685,0.05332745143703386,0.7119065994147701,0.04154302670623145,0.2857142857142857
2711,mul8_108,0.2114000022411346,resnet34,cifar,resnet34cifar,2,NO,NO,0.08590211434095628,0.019928459761037375,0.10726241146978002,0.10724568138195778,0.014632314255851857,0.009884961524354658,0.00531691667998237,0.009884961524354658,0.00531691667998237,0.11220023235863887,0.04187566805801878,0.9292816577035934,0.19881305637982197,0.21428571428571427
2712,ReFAM_sta4_j8_k1_const0,0.1134999990463256,resnet18,mnist,resnet18mnist,2,YES,NO,1.0,0.4011984230249917,1.0,1.0,0.5279167455587843,0.06803115632910363,0.043581859972642814,0.06803115632910363,0.043581859972642814,0.9511948677743478,0.13033998554904666,0.9209226840755953,0.7596439169139466,0.14285714285714285
2713,ReFAM_new_sta2_j2_k7,0.1000000014901161,vgg16,cifar,vgg16cifar,2,NO,NO,0.5884240669610019,0.3612874732504522,0.4859783863597848,0.4858445297504798,0.30539324319542427,0.015570033985766087,0.0017260664122928236,0.015570033985766087,0.0017260664122928236,0.5105071631669272,0.02670963138126034,0.7302230349284956,0.516320474777448,0.04686314285714286
2714,mul8_153,0.9301000237464904,resnet34,cifar,resnet34cifar,0,NO,NO,0.0,0.0,0.0,0.0,0.0,0.0,0.0,0.0,0.0,0.0,0.0,0.0,0.0,0.0
2715,ReFAM_new1_sta3_j2_k6,0.0979999974370002,vgg16,mnist,vgg16mnist,2,NO,YES,0.9497979048442682,0.2674317886530966,0.547771674781042,0.5477447216890595,0.29709987609765076,1.0,1.0,1.0,1.0,0.5397880352655156,1.0,0.9983842032706902,0.3768545994065282,1.0
2716,mul8_003,0.0109999999403953,resnet34,cifar100,resnet34cifar100,2,NO,NO,1.0,1.0,1.0,1.0,1.0,0.09031794126840442,0.05873015594298889,0.09031794126840442,0.05873015594298889,1.0,0.1555769035548151,1.0,1.0,1.0
2717,ReFAM_new1_sta2_j2_k1,0.2406000047922134,resnet18,mnist,resnet18mnist,2,YES,YES,0.048529819955546546,0.00026749547805263293,0.025828955227026332,0.025911708253358926,0.0003519837918616159,1.0,1.0,1.0,1.0,0.02264786293283588,1.0,0.8272431270095645,0.008902077151335312,1.0
2718,ReFAM_sta1_j1_k7_const1,0.1000000014901161,vgg16,cifar,vgg16cifar,2,NO,YES,0.4489008345888056,0.30149526787761444,0.5182330506189371,0.5182341650671786,0.1363692693118696,1.0,1.0,1.0,1.0,0.4518376503756881,1.0,1.0,0.37537091988130566,1.0
2719,mul8_103,0.120399996638298,resnet18,mnist,resnet18mnist,2,NO,NO,0.09267246099313463,1.0,0.40756241626068224,0.4076295585412668,1.0,1.0,1.0,1.0,1.0,0.8408971170788536,1.0,0.751957384506678,1.0,1.0
2720,mul8_039,0.1143999993801117,resnet18,cifar,resnet18cifar,2,NO,NO,0.14103978924580715,0.07776006720505438,0.2389826960464194,0.23896353166986564,0.0389471879919908,1.0,1.0,1.0,1.0,0.21855062669676084,1.0,0.9463081030118777,0.14910979228486648,1.0
2721,ReFAM_sta3_j7_k2_const0,0.1134999990463256,resnet34,mnist,resnet34mnist,2,YES,NO,1.0,0.730200508164981,1.0,1.0,0.9608339757901153,0.09956420165971955,0.06617348811156394,0.09956420165971955,0.06617348811156394,1.0,0.16662859855609896,0.9944073273887218,0.9970326409495549,0.14285714285714285
2722,ReFAM_sta4_j2_k2_const0,0.989199995994568,vgg16,mnist,vgg16mnist,0,YES,NO,0.045063404244436084,0.00029615570784398643,0.02398402985366731,0.023992322456813823,0.0003896963409896461,0.0033353388729590017,0.0015118445381323716,0.0033353388729590017,0.0015118445381323716,0.021907805180487638,0.02207801126218926,0.8113346053363036,0.011869436201780416,0.14285714285714285
2723,ReFAM_sta1_j7_k2_const1,0.0979999974370002,vgg16,mnist,vgg16mnist,2,NO,YES,0.7764771192887447,0.9684864851094184,0.9178503732461144,0.9177063339731286,0.4475128215153439,1.0,1.0,1.0,1.0,0.8056311575366164,1.0,0.9187173811671612,0.6646884272997032,1.0
2724,ReFAM_new2_sta4_j5_k4,0.1000000014901161,resnet34,cifar,resnet34cifar,2,NO,NO,1.0,1.0,1.0,1.0,1.0,1.0,1.0,1.0,1.0,1.0,1.0,1.0,1.0,0.2857142857142857
2725,mul8_151,0.0917999967932701,resnet34,mnist,resnet34mnist,2,NO,NO,1.0,1.0,1.0,1.0,1.0,0.08872073673769168,0.05409102322551418,0.08872073673769168,0.05409102322551418,1.0,0.1501242065411464,1.0,1.0,0.8660714285714286
2726,ReFAM_sta1_j3_k4_const0,0.1077999994158744,resnet18,cifar,resnet18cifar,2,YES,NO,0.644753322266547,0.07358673222428859,0.3431561194447784,0.34309021113243765,0.09682906502783595,0.023263356261529592,0.013292291699955928,0.023263356261529592,0.013292291699955928,0.3251256129288032,0.06773063303535706,0.8729802540883628,0.27596439169139464,0.14285714285714285
2727,ReFAM_new2_sta4_j2_k4,0.1000000014901161,vgg16,cifar,vgg16cifar,2,NO,NO,1.0,1.0,1.0,1.0,1.0,1.0,1.0,1.0,1.0,1.0,1.0,1.0,1.0,0.2857142857142857
2728,mul8_401,0.1000000014901161,vgg16,cifar,vgg16cifar,2,NO,NO,0.7903427821331866,0.15312683107023667,0.44118827333552385,0.44121880998080615,0.17969368290342083,0.028764135892474164,0.017943715836439843,0.028764135892474164,0.017943715836439843,0.42815309807002416,0.07911075879447997,0.9801135842993837,0.594213649851632,1.0
2729,ReFAM_new1_sta2_j2_k7,0.1000000014901161,vgg16,cifar,vgg16cifar,2,NO,YES,1.0,1.0,1.0,1.0,1.0,1.0,1.0,1.0,1.0,1.0,1.0,0.9875246645720023,0.7566765578635015,1.0
2730,ReFAM_sta3_j7_k2_const1,0.099200002849102,resnet18,cifar,resnet18cifar,2,NO,YES,0.339275437724937,0.730200508164981,0.723484603389308,0.7233685220729367,0.35659143974517454,1.0,1.0,1.0,1.0,0.661512599999379,1.0,0.90829259054876,0.6646884272997032,1.0
2731,ReFAM_new_sta2_j2_k5,0.5097000002861023,resnet34,mnist,resnet34mnist,2,NO,NO,0.05762916119721153,0.01669811662802843,0.08601964553286448,0.08613243761996162,0.014021146025573633,0.003941517741798517,0.0003230887282419935,0.003941517741798517,0.0003230887282419935,0.10055826281032638,0.010635931519201256,0.5241117190570345,0.08902077151335312,0.04444442857142857
2732,mul8_107,0.4277999997138977,vgg16,mnist,vgg16mnist,2,NO,NO,0.4285356422860316,0.18980232203907982,0.35697369171840154,0.35700575815738966,0.1569153701572944,0.02626714871889381,0.01827734006668973,0.02626714871889381,0.01827734006668973,0.37037993889299825,0.07918689501561539,0.9834693914952279,0.45845697329376855,0.2770562857142857
2733,ReFAM_new1_sta4_j4_k5,0.1000000014901161,resnet18,cifar,resnet18cifar,2,NO,YES,1.0,1.0,1.0,1.0,1.0,1.0,1.0,1.0,1.0,1.0,1.0,1.0,1.0,1.0
2734,ReFAM_sta1_j7_k2_const0,0.1134999990463256,resnet18,mnist,resnet18mnist,2,YES,NO,1.0,0.9684864851094184,1.0,1.0,1.0,0.04667125591950378,0.02617018698760147,0.04667125591950378,0.02617018698760147,1.0,0.09894946943503938,0.8451400866238096,0.9970326409495549,0.14285714285714285
2735,ReFAM_new_sta3_j1_k5,0.8772000074386597,resnet18,cifar,resnet18cifar,1,NO,NO,0.01689877659166353,0.002369992026087178,0.02656404360293676,0.02663147792706334,0.002349428939666606,0.0019450120784075652,0.00034240381525646045,0.0019450120784075652,0.00034240381525646045,0.037508424429245416,0.010555316696822583,0.33606739307946215,0.03857566765578635,0.063492
2736,ReFAM_new2_sta4_j1_k4,0.0091000003740191,resnet34,cifar100,resnet34cifar100,2,NO,NO,1.0,1.0,1.0,1.0,1.0,1.0,1.0,1.0,1.0,1.0,1.0,1.0,1.0,0.2857142857142857
2737,mul8_432,0.6879000067710876,vgg16,cifar,vgg16cifar,0,NO,NO,0.04316771161883825,0.0009236385626576312,0.0240272712145681,0.023992322456813823,0.001154486204351444,0.0025665486831193186,0.0008235250736168203,0.0025665486831193186,0.0008235250736168203,0.028555464291760712,0.016299122791303154,0.6768579626096288,0.03115727002967359,0.14285714285714285
2738,ReFAM_new2_sta1_j5_k3,0.1077999994158744,resnet18,mnist,resnet18mnist,2,NO,NO,0.3119774139999421,0.2738007286067307,0.32562932839786773,0.32557581573896355,0.26368509593237854,0.017755349460762793,0.024591617603419123,0.017755349460762793,0.024591617603419123,0.4151421977661491,0.08954589969127509,0.49714104775305495,0.3560830860534125,0.2857142857142857
2739,ReFAM_new2_sta4_j3_k2,0.1000000014901161,vgg16,cifar,vgg16cifar,2,NO,NO,1.0,1.0,1.0,1.0,1.0,1.0,1.0,1.0,1.0,1.0,1.0,1.0,1.0,0.2857142857142857
2740,mul8_168,0.9914000034332277,resnet18,mnist,resnet18mnist,0,NO,NO,0.0,0.0,0.0,0.0,0.0,0.0,0.0,0.0,0.0,0.0,0.0,0.0,0.0,0.0
2741,ReFAM_sta4_j4_k3_const0,0.1134999990463256,resnet34,mnist,resnet34mnist,2,YES,NO,0.533828019511012,0.02314472779150638,0.2841185074972897,0.2840690978886756,0.030454978562502667,0.027911329853451062,0.019980579557965453,0.027911329853451062,0.019980579557965453,0.23824125519996933,0.08289443041149389,0.9746451254253302,0.1661721068249258,0.14285714285714285
2742,mul8_096,0.1000000014901161,vgg16,cifar,vgg16cifar,2,NO,NO,1.0,1.0,1.0,1.0,1.0,0.09031794126840442,0.05873015594298889,0.09031794126840442,0.05873015594298889,1.0,0.1555769035548151,1.0,1.0,1.0
2743,mul8_170,0.1134999990463256,resnet34,mnist,resnet34mnist,2,NO,NO,0.5606927412721182,0.07071414127582605,0.31098388276145716,0.31094049904030713,0.08362100109215091,0.02259303626051779,0.012465254792336476,0.02259303626051779,0.012465254792336476,0.2976677468096042,0.06560105814418708,0.9668776942672306,0.3241839762611276,0.42857142857142855
2744,ReFAM_new2_sta4_j1_k5,0.1022000014781951,resnet34,mnist,resnet34mnist,2,NO,NO,1.0,1.0,1.0,1.0,1.0,1.0,1.0,1.0,1.0,1.0,1.0,1.0,1.0,0.2857142857142857
2745,ReFAM_new_sta1_j6_k3,0.0104999998584389,resnet34,cifar100,resnet34cifar100,2,NO,NO,0.35010798682215727,0.24306103992051564,0.2575977052552537,0.25767754318618047,0.28088666693441605,0.006136770575300786,0.0010675975367996306,0.006136770575300786,0.0010675975367996306,0.39813151584716033,0.01908929136585395,0.3499874768117388,0.5222551928783383,0.05793285714285714
2746,mul8_183,0.0991000011563301,resnet18,cifar,resnet18cifar,2,NO,NO,0.49201437999574205,0.16998799006445367,0.34519044854681724,0.34524952015355087,0.1614061765853551,0.0230637056951905,0.01482871907610671,0.0230637056951905,0.01482871907610671,0.36700362723393365,0.0711940846634779,0.9892494028577304,0.5126112759643917,0.3125
2747,ReFAM_new1_sta1_j5_k1,0.1815000027418136,vgg16,cifar,vgg16cifar,2,NO,YES,0.2703804254666165,0.023424961149466284,0.154973731362158,0.15499040307101727,0.026750768181482806,1.0,1.0,1.0,1.0,0.15690900214762732,1.0,0.6124785934932364,0.0712166172106825,1.0
2748,mul8_135,0.1000000014901161,vgg16,cifar,vgg16cifar,2,NO,NO,0.8206739196054033,0.2675780752426566,0.537224273320056,0.5371880998080615,0.23165872049369943,1.0,1.0,1.0,1.0,0.5065599692258025,1.0,0.9959294547424195,0.4992581602373887,1.0
2749,ReFAM_sta2_j5_k3_const0,0.1134999990463256,resnet18,mnist,resnet18mnist,2,YES,NO,1.0,0.238389422464525,1.0,1.0,0.3136846030804829,0.062056997074803014,0.039476526023567916,0.062056997074803014,0.039476526023567916,0.8265871872653838,0.12310555167410113,0.9944694342573343,0.49851632047477745,0.14285714285714285
2750,mul8_027,0.7085999846458435,vgg16,cifar,vgg16cifar,0,NO,NO,0.0,0.0,0.0,0.0,0.0,0.0,0.0,0.0,0.0,0.0,0.0,0.0,0.0,0.0
2751,ReFAM_new1_sta2_j1_k3,0.1014999970793724,resnet34,mnist,resnet34mnist,2,YES,YES,0.10572567918886927,0.0012666229332789851,0.056270223887450226,0.05638195777351248,0.0016666851572971157,1.0,1.0,1.0,1.0,0.04932274739242135,1.0,0.9704198220689122,0.02225519287833828,1.0
2752,mul8_404,0.1004000008106231,resnet18,cifar,resnet18cifar,2,NO,NO,1.0,1.0,1.0,1.0,1.0,0.09031794126840442,0.05873015594298889,0.09031794126840442,0.05873015594298889,1.0,0.1555769035548151,1.0,1.0,1.0
2753,mul8_447,0.1000000014901161,vgg16,cifar,vgg16cifar,2,NO,NO,0.775123054118008,0.310813138205997,0.5542190063385437,0.5542226487523992,0.240365804043909,0.03520896458144749,0.02575052282428714,0.03520896458144749,0.02575052282428714,0.5199926401618853,0.09495679642667335,0.9959447269232258,0.620919881305638,0.344246
2754,mul8_069,0.1068999990820884,resnet34,mnist,resnet34mnist,2,NO,NO,1.0,1.0,0.9993272959306645,0.9992802303262956,0.9731112683855482,0.05683446348201428,0.06664582978491773,0.05683446348201428,0.06664582978491773,0.981268496283709,0.1528158458883455,1.0,1.0,0.8571428571428571
2755,ReFAM_new2_sta4_j2_k4,0.1000000014901161,resnet18,cifar,resnet18cifar,2,NO,NO,1.0,1.0,1.0,1.0,1.0,1.0,1.0,1.0,1.0,1.0,1.0,1.0,1.0,0.2857142857142857
2756,ReFAM_sta3_j4_k4_const0,0.1000000014901161,vgg16,cifar,vgg16cifar,2,YES,NO,1.0,0.18370570402262248,0.8966337314524856,0.8965930902111324,0.24172905934420114,0.06480693519216141,0.05006646145849978,0.06480693519216141,0.05006646145849978,0.7337298664657735,0.1369436830822331,0.9972652614902798,0.5044510385756676,0.14285714285714285
2757,ReFAM_sta2_j4_k5_const1,0.1009000018239021,resnet34,mnist,resnet34mnist,2,NO,YES,0.4333019638888085,0.9755655618678827,0.8418679150622335,0.841890595009597,0.4766540567284868,1.0,1.0,1.0,1.0,0.76799779982289,1.0,1.0,0.7062314540059347,1.0
2758,ReFAM_new_sta1_j3_k2,0.989199995994568,vgg16,mnist,vgg16mnist,0,NO,NO,0.019498588374996382,0.000838660025985275,0.014182863807697496,0.014155470249520154,0.000988497637501944,0.0009874120769621313,9.833135207365019e-05,0.0009874120769621313,9.833135207365019e-05,0.023246588773584872,0.005632587496939622,0.2863533901186954,0.02967359050445104,0.05442171428571429
2759,ReFAM_new2_sta4_j6_k2,0.1022000014781951,resnet34,mnist,resnet34mnist,2,NO,NO,1.0,1.0,1.0,1.0,1.0,1.0,1.0,1.0,1.0,1.0,1.0,1.0,1.0,0.2857142857142857
2760,mul8_009,0.1134999990463256,resnet18,mnist,resnet18mnist,2,NO,NO,1.0,0.2598248366112144,0.5709753491698383,0.571017274472169,0.2985070580533049,0.037054603074799394,0.026301880762700108,0.037054603074799394,0.026301880762700108,0.5531340760821424,0.09634814854624603,0.99199839540287,0.5593471810089021,1.0
2761,mul8_029,0.2179999947547912,resnet34,cifar,resnet34cifar,2,NO,NO,0.09445982812776024,0.0038068348279112424,0.05148494870030026,0.051583493282149714,0.004857549017643039,0.004291132081948878,0.0011852439758877479,0.004291132081948878,0.0011852439758877479,0.05958337758386553,0.019717041973450852,0.7074318504385152,0.07270029673590504,0.14285714285714285
2762,ReFAM_sta3_j2_k8_const1,0.0979999974370002,vgg16,mnist,vgg16mnist,2,NO,YES,0.4857315015193543,1.0,1.0,1.0,1.0,1.0,1.0,1.0,1.0,1.0,1.0,1.0,1.0,1.0
2763,ReFAM_new_sta2_j5_k2,0.6312999725341797,resnet18,mnist,resnet18mnist,2,NO,NO,0.05156293370276821,0.016364145339209744,0.08371348881616571,0.08373320537428024,0.013832583279933483,0.0037644520811538893,0.00029850589022358096,0.0037644520811538893,0.00029850589022358096,0.09909017964262896,0.010217928736497017,0.4859557025304986,0.0830860534124629,0.040816285714285715
2764,mul8_163,0.101000003516674,vgg16,mnist,vgg16mnist,2,NO,NO,1.0,0.7046280654981785,0.9559904675215056,0.9558541266794626,0.7749995295489396,0.04952056762191783,0.034986646251205,0.04952056762191783,0.034986646251205,0.9114130354560163,0.11302944531030736,1.0,1.0,0.6190475714285714
2765,ReFAM_sta3_j1_k2_const1,0.2813000082969665,resnet34,mnist,resnet34mnist,2,NO,YES,0.027731325688883743,8.598068937406058e-05,0.015220634330211947,0.015115163147792706,9.611462173602159e-05,1.0,1.0,1.0,1.0,0.012911268763810336,1.0,0.9545113003956514,0.0051928783382789315,1.0
2766,mul8_315,0.1052000001072883,resnet34,cifar,resnet34cifar,2,NO,NO,0.787309668385965,0.466251335490281,0.6411325108350991,0.6410748560460653,0.32363960502182443,0.04710940308997645,0.04429827410917941,0.04710940308997645,0.04429827410917941,0.6022553731889685,0.12478502714032352,1.0,0.7047477744807121,1.0
2767,mul8_019,0.101000003516674,vgg16,mnist,vgg16mnist,2,NO,NO,1.0,1.0,1.0,1.0,1.0,0.0793371601197542,0.058824975461059914,0.0793371601197542,0.058824975461059914,1.0,0.15153421949923265,1.0,1.0,1.0
2768,mul8_323,0.1134999990463256,resnet18,mnist,resnet18mnist,2,NO,NO,0.5778081688457261,0.1611135688482409,0.3641228882356902,0.3642034548944338,0.16520392489914323,0.0265092589079385,0.019092085555299974,0.0265092589079385,0.019092085555299974,0.37891867263296974,0.08085741327935127,0.9791972534510038,0.43991097922848665,0.7142857142857143
2769,ReFAM_sta1_j3_k3_const0,0.1203000023961067,vgg16,cifar,vgg16cifar,2,YES,NO,0.3119774139999421,0.01774386671082465,0.16604328360231216,0.16602687140115163,0.023348258193487185,0.013533778888352872,0.006609271592950345,0.013533778888352872,0.006609271592950345,0.15825748199069772,0.04713877095238948,0.8550832944741178,0.13353115727002968,0.14285714285714285
2770,ReFAM_sta4_j6_k4_const1,0.1000000014901161,resnet34,cifar,resnet34cifar,2,NO,YES,1.0,1.0,1.0,1.0,1.0,1.0,1.0,1.0,1.0,1.0,1.0,0.9882078401267388,1.0,1.0
2771,ReFAM_new2_sta2_j7_k2,0.9801999926567078,vgg16,mnist,vgg16mnist,0,NO,NO,0.6551525693998784,1.0,0.7545456525898074,0.7545585412667946,0.9532214741048254,0.055640173668890826,0.08319183568831069,0.055640173668890826,0.08319183568831069,0.8503748278702458,0.16885073120629632,0.5740120426236385,0.6646884272997032,0.2857142857142857
2772,ReFAM_new2_sta4_j7_k1,0.1018999963998794,resnet34,mnist,resnet34mnist,2,NO,NO,1.0,1.0,1.0,1.0,1.0,1.0,1.0,1.0,1.0,1.0,1.0,1.0,1.0,0.2857142857142857
2773,ReFAM_new2_sta2_j2_k4,0.0851000025868415,resnet34,mnist,resnet34mnist,2,YES,NO,0.24091589192217752,0.014450328637301607,0.12822231344845217,0.1281190019193858,0.01901445775619104,0.016150014364000022,0.02073562386853098,0.016150014364000022,0.02073562386853098,0.1310001133151089,0.08220621868711298,0.8401684826986554,0.09198813056379822,0.2857142857142857
2774,ReFAM_new2_sta3_j5_k1,0.101400002837181,resnet34,mnist,resnet34mnist,2,NO,NO,0.21578437801662662,0.017543046072911624,0.11657622202912332,0.11660268714011517,0.02259124097030634,0.016342437760516883,0.020358101713248217,0.016342437760516883,0.020358101713248217,0.1311119341945453,0.08150009255775903,0.5125527144774166,0.0712166172106825,0.2857142857142857
2775,mul8_405,0.1039000004529953,resnet34,cifar,resnet34cifar,2,NO,NO,0.6543401316840026,0.12678621321937178,0.3780705203684337,0.3781190019193858,0.14017460974843687,0.026076532114832497,0.015239603654414463,0.026076532114832497,0.015239603654414463,0.3717640718093228,0.07279817034210542,0.9767272327419265,0.4992581602373887,0.2380952857142857
2776,ReFAM_sta3_j4_k5_const1,0.1000000014901161,vgg16,cifar,vgg16cifar,2,NO,YES,0.25868127244161865,0.7940893351336203,0.7525043422901557,0.7523992322456814,0.37112330640852914,1.0,1.0,1.0,1.0,0.6833770698181078,1.0,1.0,0.6706231454005934,1.0
2777,mul8_034,0.1085999980568885,resnet34,cifar,resnet34cifar,2,NO,NO,0.7227747554060677,1.0,1.0,1.0,1.0,1.0,1.0,1.0,1.0,1.0,1.0,0.9527244552413107,1.0,1.0
2778,ReFAM_new2_sta2_j4_k5,0.1005999967455864,resnet18,cifar,resnet18cifar,2,NO,NO,0.8614043042109513,1.0,0.8360106386071918,0.8358925143953936,0.9505891087263785,0.0680022476498147,0.11636813151115973,0.0680022476498147,0.11636813151115973,0.889788088998224,0.20020243277619534,0.8281126231701382,0.7477744807121661,0.2857142857142857
2779,ReFAM_new_sta3_j3_k4,0.8456000089645386,resnet18,mnist,resnet18mnist,2,NO,NO,0.04798819250068554,0.011692897944106183,0.06816854981397397,0.06813819577735125,0.010468397019017629,0.004348046044298936,0.0008639111646470695,0.004348046044298936,0.0008639111646470695,0.08412763698444146,0.01693732346846766,0.463335566465549,0.08605341246290801,0.06762471428571429
2780,mul8_305,0.1479000002145767,resnet18,cifar,resnet18cifar,2,NO,NO,0.1237580638448744,0.012470265724912746,0.08812221104476235,0.08805182341650672,0.012190102857962253,0.0075180634075744344,0.0030570514992897314,0.0075180634075744344,0.0030570514992897314,0.09751173734172228,0.031761493583657284,0.9221974021002303,0.1446587537091988,0.14285714285714285
2781,mul8_398,0.6919000148773193,vgg16,cifar,vgg16cifar,0,NO,NO,0.03845554929513175,0.03732494558377704,0.02495694017975595,0.02495201535508637,0.048862938796005555,0.0016279200024572377,0.0009025413386760036,0.0016279200024572377,0.0009025413386760036,0.14729819394838198,0.01697389871195428,0.12994080502719466,0.7833827893175074,0.18998142857142858
2782,mul8_406,0.101400002837181,resnet18,cifar,resnet18cifar,2,NO,NO,0.553814076061799,0.10864468582019209,0.33999168499513927,0.33997120921305185,0.10761154338595087,0.024879532113025706,0.014992019357229023,0.024879532113025706,0.014992019357229023,0.3305404894108816,0.07196888267856183,0.9769451158547636,0.39243323442136496,0.14285714285714285
2783,ReFAM_new2_sta1_j5_k2,0.1412000060081482,resnet18,cifar,resnet18cifar,2,NO,NO,0.14558945986663965,0.06408427381346649,0.15312880598879897,0.15307101727447217,0.06285005826348067,0.010522759261166428,0.011906873185918248,0.010522759261166428,0.011906873185918248,0.20024019792975098,0.06207789183282277,0.4295300851780431,0.1661721068249258,0.2857142857142857
2784,mul8_190,0.1022000014781951,resnet18,cifar,resnet18cifar,2,NO,NO,0.8803341854915514,0.22663414572134613,0.495089731118805,0.49496161228406915,0.2667191965366872,0.030118326837914454,0.017973566425462204,0.030118326837914454,0.017973566425462204,0.4985189654900366,0.07951383290637334,0.9844641195384136,0.5756676557863502,0.14285714285714285
2785,ReFAM_new2_sta4_j4_k5,0.1000000014901161,vgg16,cifar,vgg16cifar,2,NO,NO,1.0,1.0,1.0,1.0,1.0,1.0,1.0,1.0,1.0,1.0,1.0,1.0,1.0,0.2857142857142857
2786,mul8_383,0.0104000000283122,resnet34,cifar100,resnet34cifar100,2,NO,NO,0.9893096294095868,0.3884135020253229,0.630812009366081,0.6307581573896353,0.36252633376355514,0.039950891381057944,0.028602132034423,0.039950891381057944,0.028602132034423,0.610448052044359,0.10082376405534357,0.9953236582371017,0.8553412462908012,0.15178571428571427
2787,mul8_362,0.4546000063419342,resnet34,cifar,resnet34cifar,2,NO,NO,0.04458948282124448,0.004386647377270527,0.05364877311429513,0.053742802303262956,0.0029222298471582716,0.005379724536422226,0.0026970885140201193,0.005379724536422226,0.0026970885140201193,0.053165253234310456,0.029587879113595242,0.8962835657080489,0.06676557863501484,0.7142857142857143
2788,ReFAM_sta4_j3_k2_const1,0.2433000057935714,resnet18,cifar,resnet18cifar,2,NO,YES,0.09186001634442739,0.0012411471734644485,0.050735447767373154,0.05062380038387716,0.0014068875966373514,1.0,1.0,1.0,1.0,0.04472594801409444,1.0,0.9067857353758687,0.020771513353115726,1.0
2789,ReFAM_sta2_j3_k6_const0,0.1134999990463256,resnet18,mnist,resnet18mnist,2,YES,NO,1.0,0.9776951761648791,1.0,1.0,1.0,0.11253606809439405,0.07799783319842038,0.11253606809439405,0.07799783319842038,1.0,0.1827426058293474,1.0,1.0,0.14285714285714285
2790,mul8_368,0.1208000034093856,resnet34,mnist,resnet34mnist,2,NO,NO,0.028922906089577965,0.009937956449188597,0.07756253714019269,0.07749520153550864,0.00596247136183334,0.007355452086574267,0.004215956720157752,0.007355452086574267,0.004215956720157752,0.07644852101044594,0.037079832560028184,0.7926913451533225,0.08011869436201781,0.2857142857142857
2791,ReFAM_sta2_j2_k3_const0,0.1143999993801117,resnet34,mnist,resnet34mnist,2,YES,NO,0.14558945986663965,0.002401090362520062,0.077486865681079,0.07749520153550864,0.003159473560281647,0.008456692088236515,0.004179082463130133,0.008456692088236515,0.004179082463130133,0.0679166249944924,0.03707908612648764,0.9028088594939003,0.040059347181008904,0.14285714285714285
2792,ReFAM_new1_sta1_j3_k2,0.1032000035047531,resnet18,mnist,resnet18mnist,2,NO,YES,0.15772191485552628,0.007036882531271495,0.09040134329459217,0.0904510556621881,0.00787354220128543,1.0,1.0,1.0,1.0,0.08854623596299646,1.0,0.7198603511787068,0.04154302670623145,1.0
2793,ReFAM_new_sta2_j3_k5,0.1308999955654144,resnet18,cifar,resnet18cifar,2,NO,NO,0.28511269223883595,0.08703454990701348,0.23268400643639853,0.23272552783109407,0.07621903001406873,0.008627433975286692,0.0008112336546076141,0.008627433975286692,0.0008112336546076141,0.24991938401884056,0.017562088341902392,0.653352040057912,0.2314540059347181,0.046083
2794,mul8_443,0.0109000001102685,resnet34,cifar100,resnet34cifar100,2,NO,NO,0.47143253671102364,0.0978571701525998,0.30339360886560734,0.30326295585412666,0.09295085893477459,0.022821595506145802,0.014066651097535923,0.022821595506145802,0.014066651097535923,0.3002916760300761,0.06941682640344433,0.9689282390768271,0.4043026706231454,0.14285714285714285
2795,mul8_042,0.6312999725341797,resnet34,cifar,resnet34cifar,2,NO,NO,0.045740436829804484,0.004565711869156498,0.05496445212550015,0.05494241842610365,0.0030181857074430304,0.005608283782050239,0.004526754029390539,0.005608283782050239,0.004526754029390539,0.054271554210798344,0.03818306133295116,0.9237510919609276,0.06231454005934718,1.0
2796,ReFAM_new2_sta4_j4_k4,0.100100003182888,resnet34,cifar,resnet34cifar,2,NO,NO,1.0,1.0,1.0,1.0,1.0,1.0,1.0,1.0,1.0,1.0,1.0,1.0,1.0,0.2857142857142857
2797,mul8_209,0.1134999990463256,resnet18,mnist,resnet18mnist,2,NO,NO,0.8960684613220559,0.22120681858711436,0.4949159834268435,0.49496161228406915,0.2695363981916089,0.029642237025875075,0.01617023966511151,0.029642237025875075,0.01617023966511151,0.49966007226835446,0.07570403611544042,0.9762303777930273,0.5615727002967359,0.14285714285714285
2798,ReFAM_sta1_j5_k1_const0,0.1145000010728836,resnet18,cifar,resnet18cifar,2,YES,NO,0.24958193119995367,0.013247395103558964,0.13283462688184972,0.13291746641074856,0.01743157826362288,0.009927421147060259,0.0038050721418499992,0.009927421147060259,0.0038050721418499992,0.13083219927767592,0.03569967694356365,0.7477005186432601,0.10682492581602374,0.14285714285714285
2799,mul8_325,0.1134999990463256,resnet34,mnist,resnet34mnist,2,NO,NO,0.4965369709770393,0.1689863496802792,0.3529820591486617,0.35292706333973134,0.1549503179605265,0.02416946267799164,0.015975332877965525,0.02416946267799164,0.015975332877965525,0.3671471815411856,0.07394693156100153,0.9830662059219408,0.46958456973293766,0.7142857142857143
2800,ReFAM_new2_sta3_j3_k1,0.9876999855041504,vgg16,mnist,vgg16mnist,0,YES,NO,0.06586189851109889,0.0011177489618627876,0.03505358209382145,0.03502879078694818,0.0014707894159931806,0.005113222649227506,0.0044372022623234645,0.005113222649227506,0.0044372022623234645,0.03611505002844057,0.03776057994900366,0.6045238235839125,0.017804154302670624,0.2857142857142857
2801,ReFAM_new_sta1_j1_k1,0.9915000200271606,resnet18,mnist,resnet18mnist,0,YES,NO,0.000866603927777617,2.9854406032659923e-06,0.000461231343339756,0.0004798464491362764,3.92839053416982e-06,4.788000007227169e-05,3.5118340026303635e-06,4.788000007227169e-05,3.5118340026303635e-06,0.0013534687288047642,0.0009210989890304128,0.06363408669304342,0.001483679525222552,0.031746
2802,mul8_010,0.1136000007390976,resnet34,mnist,resnet34mnist,2,NO,NO,0.30591118650549876,0.06765705009808168,0.21680350502759876,0.21689059500959693,0.06379536229376997,0.016201507948983406,0.010456485742831909,0.016201507948983406,0.010456485742831909,0.23062249310352867,0.059136197249541694,0.9520260075057678,0.3353115727002967,1.0
2803,mul8_073,0.1076000034809112,resnet18,cifar,resnet18cifar,2,NO,NO,0.3459374588861432,1.0,1.0,1.0,1.0,0.08505475484536566,0.04964152954418151,0.08505475484536566,0.04964152954418151,1.0,0.14384072899685302,1.0,1.0,0.42857142857142855
2804,mul8_469,0.0225000008940696,resnet34,cifar100,resnet34cifar100,2,NO,NO,0.10886711842706313,0.017177898695641097,0.1018726723130042,0.10196737044145873,0.013960441895161203,0.009622976618298832,0.005181711070881102,0.009622976618298832,0.005181711070881102,0.10811347684301222,0.04131808220323295,0.9256774230332995,0.19881305637982197,0.21428571428571427
2805,mul8_453,0.2498999983072281,resnet34,mnist,resnet34mnist,2,YES,NO,0.8874024220442798,1.0,0.4723008955799101,0.47216890595009603,1.0,0.010302330581588422,0.005601375234195431,0.010302330581588422,0.005601375234195431,0.98001604234001,0.04301099347318512,0.12726817338608684,0.7596439169139466,0.14285714285714285
2806,ReFAM_new_sta2_j1_k1,0.9307000041007996,resnet34,cifar,resnet34cifar,0,NO,NO,0.0,0.0,0.0,0.0,0.0,0.0,0.0,0.0,0.0,0.0,0.0,0.0,0.0,0.0
2807,ReFAM_new1_sta4_j1_k3,0.1000000014901161,resnet34,cifar,resnet34cifar,2,NO,YES,1.0,1.0,1.0,1.0,1.0,1.0,1.0,1.0,1.0,1.0,1.0,1.0,1.0,1.0
2808,ReFAM_new2_sta2_j3_k4,0.1000000014901161,resnet18,cifar,resnet18cifar,2,NO,NO,0.33970873968882587,0.06882276513897027,0.22854013062484907,0.2286468330134357,0.06650391977667787,0.026032265699671344,0.03814905277057364,0.026032265699671344,0.03814905277057364,0.2391315344465276,0.11210461415357421,0.8190399296257909,0.18397626112759644,0.2857142857142857
2809,ReFAM_new1_sta1_j7_k1,0.0979999974370002,vgg16,mnist,vgg16mnist,2,NO,YES,1.0,0.37479937839146055,0.619894925448632,0.6199616122840691,0.4280122909037249,1.0,1.0,1.0,1.0,0.6276360085905093,1.0,0.6124785934932364,0.28486646884273,1.0
2810,ReFAM_new_sta1_j2_k7,0.6365000009536743,vgg16,cifar,vgg16cifar,2,NO,NO,0.3843388419693731,0.25477904356354925,0.27317507435565835,0.2732725527831094,0.2948943713694238,0.007339190954474249,0.001343276506006114,0.007339190954474249,0.001343276506006114,0.41119618404975594,0.021522664708025056,0.4459354618002032,0.5652818991097923,0.06098442857142857
2811,mul8_319,0.0087999999523162,resnet34,cifar100,resnet34cifar100,2,NO,NO,0.7114818247054235,0.2360446574147199,0.4052196599144268,0.4052303262955854,0.2849789015993252,0.024581411357858733,0.014040312342516193,0.024581411357858733,0.014040312342516193,0.4614737928025992,0.06976839660104023,0.9653861112751457,0.701780415430267,0.2857142857142857
2812,ReFAM_new_sta2_j7_k1,0.1251000016927719,vgg16,cifar,vgg16cifar,2,NO,NO,0.21838418979995947,0.08157019845616896,0.2067469496520456,0.20681381957773515,0.0713437460081335,0.007122375859807359,0.000637397871477411,0.007122375859807359,0.000637397871477411,0.23279662135441945,0.015397431074326867,0.5118074320540675,0.18991097922848665,0.040816285714285715
2813,mul8_187,0.1134999990463256,resnet34,mnist,resnet34mnist,2,NO,NO,1.0,0.5559526799735053,0.8750272495477646,0.875,0.6313619492716398,0.04934982573486766,0.03473906195401956,0.04934982573486766,0.03473906195401956,0.8295147211772262,0.11262935693257614,0.9949968335678462,1.0,0.14732142857142858
2814,ReFAM_new2_sta4_j2_k3,0.1000000014901161,resnet18,cifar,resnet18cifar,2,NO,NO,1.0,1.0,1.0,1.0,1.0,1.0,1.0,1.0,1.0,1.0,1.0,1.0,1.0,0.2857142857142857
2815,mul8_202,0.1134999990463256,resnet18,mnist,resnet18mnist,2,NO,NO,0.8767865239290039,0.35858981667643236,0.5890226047341258,0.5890115163147793,0.3128137805972316,0.039414274021757394,0.028672368714475604,0.039414274021757394,0.028672368714475604,0.5687519547641299,0.10078942811247858,0.9957736784981948,0.7574183976261127,0.15178571428571427
2816,ReFAM_sta4_j1_k2_const1,0.7414000034332275,resnet34,cifar,resnet34cifar,2,YES,YES,0.029464533544438978,7.244669197258808e-05,0.015681865673551704,0.015595009596928982,9.532894362918763e-05,1.0,1.0,1.0,1.0,0.013191980885101902,1.0,0.9545113003956514,0.0051928783382789315,1.0
2817,ReFAM_new2_sta3_j1_k1,0.8992000222206116,resnet34,cifar,resnet34cifar,1,YES,NO,0.013865662844441871,6.368939953634117e-05,0.007379701493436096,0.007437619961612285,8.380566472895615e-05,0.0011988067942623499,0.0007743593975799951,0.0011988067942623499,0.0007743593975799951,0.008120812372828586,0.01571242602843613,0.5090726935443474,0.004451038575667656,0.2857142857142857
2818,mul8_119,0.9886999726295472,vgg16,mnist,vgg16mnist,0,NO,NO,0.060838306467074804,0.004952054072300207,0.059004281525693654,0.059021113243762004,0.003520884115012369,0.005902790952306099,0.002895507135168735,0.005902790952306099,0.002895507135168735,0.058420542218575455,0.030701557956085822,0.9050457249093342,0.07270029673590504,0.7142857142857143
2819,mul8_323,0.1806000024080276,vgg16,mnist,vgg16mnist,2,NO,NO,0.5778081688457261,0.1611135688482409,0.3641228882356902,0.3642034548944338,0.16520392489914323,0.0265092589079385,0.019092085555299974,0.0265092589079385,0.019092085555299974,0.37891867263296974,0.08085741327935127,0.9791972534510038,0.43991097922848665,0.7142857142857143
2820,ReFAM_new_sta2_j2_k2,0.7084000110626221,vgg16,cifar,vgg16cifar,0,YES,NO,0.006066227494443318,7.94127200468754e-05,0.0032286194033782916,0.0031190019193857964,0.00010449518820891721,0.00023578641545024363,1.4047336010521454e-05,0.00023578641545024363,1.4047336010521454e-05,0.007161882485407868,0.0021303213247105333,0.11135965171282598,0.005934718100890208,0.031746
2821,ReFAM_new_sta1_j2_k5,0.6761000156402588,vgg16,cifar,vgg16cifar,1,NO,NO,0.09315992223609382,0.014908842559804347,0.06317428148052988,0.06309980806142035,0.017731068684507086,0.0031112966084698816,0.0004512706693380018,0.0031112966084698816,0.0004512706693380018,0.09949606325889786,0.012244495799072032,0.3748444782921222,0.13798219584569732,0.060252714285714284
2822,mul8_216,0.1134999990463256,resnet34,mnist,resnet34mnist,2,NO,NO,0.6094392122096091,0.1060136799862431,0.3546032356625905,0.35460652591170827,0.11421977621330473,0.026478543436194026,0.016517911231371918,0.026478543436194026,0.016517911231371918,0.3429404393444491,0.07562864632784555,0.9798651568249339,0.4280415430267062,0.14285714285714285
2823,ReFAM_new2_sta4_j5_k4,0.1000000014901161,resnet18,cifar,resnet18cifar,2,NO,NO,1.0,1.0,1.0,1.0,1.0,1.0,1.0,1.0,1.0,1.0,1.0,1.0,1.0,0.2857142857142857
2824,mul8_120,0.1000000014901161,vgg16,cifar,vgg16cifar,2,NO,NO,0.6083559572998871,0.5037498129187578,0.6147708223369632,0.6146833013435701,0.3266429839611843,0.0419898566671545,0.02924830949090699,0.0419898566671545,0.02924830949090699,0.5883928514123672,0.10239351379110609,1.0,0.81973293768546,0.42857142857142855
2825,ReFAM_sta4_j1_k8_const0,0.1009000018239021,resnet34,cifar,resnet34cifar,2,YES,NO,1.0,0.4374426670955086,1.0,1.0,0.5756087161071173,0.09748368014714517,0.08457198645134442,0.09748368014714517,0.08457198645134442,1.0,0.18254554737464396,1.0,0.8553412462908012,0.14285714285714285
2826,ReFAM_sta1_j6_k3_const0,0.1000000014901161,vgg16,cifar,vgg16cifar,2,YES,NO,1.0,1.0,1.0,1.0,1.0,0.05282970800427125,0.03194539800492711,0.05282970800427125,0.03194539800492711,1.0,0.1097346876623493,0.8839171718364696,1.0,0.14285714285714285
2827,ReFAM_new_sta1_j5_k3,0.1152999997138977,resnet34,mnist,resnet34mnist,2,NO,NO,0.17505399341107863,0.05775912032201361,0.1215344589700257,0.12164107485604606,0.0685047800220817,0.00435346642166561,0.0007111463855326486,0.00435346642166561,0.0007111463855326486,0.19467378708879565,0.015442217086759464,0.3281136413155253,0.26112759643916916,0.05793285714285714
2828,mul8_406,0.1110000014305114,resnet34,cifar,resnet34cifar,2,NO,NO,0.553814076061799,0.10864468582019209,0.33999168499513927,0.33997120921305185,0.10761154338595087,0.024879532113025706,0.014992019357229023,0.024879532113025706,0.014992019357229023,0.3305404894108816,0.07196888267856183,0.9769451158547636,0.39243323442136496,0.14285714285714285
2829,mul8_439,0.179199993610382,vgg16,mnist,vgg16mnist,2,NO,NO,1.0,0.5732229065294372,0.7607429967592189,0.7607965451055663,0.5595320118063015,0.04487078723754081,0.03207357994602311,0.04487078723754081,0.03207357994602311,0.7457084545146896,0.1074789655028275,0.9958357853668072,0.8954005934718101,0.14285714285714285
2830,ReFAM_sta3_j4_k3_const0,0.0998999997973442,resnet18,cifar,resnet18cifar,2,YES,NO,0.7296805071887534,0.040270011209334315,0.3883567910920745,0.3884357005758158,0.05298927423730986,0.03340397891834563,0.022702250910003986,0.03340397891834563,0.022702250910003986,0.3230114866535978,0.08924732627505778,0.9783745919782361,0.2195845697329377,0.14285714285714285
2831,mul8_349,0.1128000020980835,resnet18,cifar,resnet18cifar,2,NO,NO,0.3613467582437311,0.15880903241790437,0.3289795615920071,0.32893474088291746,0.12126560115709747,0.02428238720646398,0.01631246894221804,0.02428238720646398,0.01631246894221804,0.33355874091774096,0.07469037936738264,0.9848062163884754,0.3694362017804154,0.16071428571428573
2832,ReFAM_new1_sta2_j2_k2,0.2381999939680099,resnet18,cifar,resnet18cifar,2,YES,YES,0.09532643205553787,0.001209302473696278,0.050735447767373154,0.05062380038387716,0.001591260059041055,1.0,1.0,1.0,1.0,0.04561812211687306,1.0,0.8908772137026079,0.020771513353115726,1.0
2833,ReFAM_sta4_j3_k1_const0,0.9180999994277954,resnet34,mnist,resnet34mnist,1,YES,NO,0.039863780677770376,0.0002794372404656969,0.021216641793628775,0.02111324376199616,0.00036769735399829514,0.0028962883062585484,0.0011694407228759111,0.0028962883062585484,0.0011694407228759111,0.020075184159248867,0.019409511354747017,0.7158834752967385,0.011869436201780416,0.14285714285714285
2834,ReFAM_sta2_j5_k2_const1,0.1061000004410743,resnet18,mnist,resnet18mnist,2,NO,YES,0.006932831422220936,0.05048021807250401,0.18743288714969333,0.18738003838771594,0.023192002363988717,1.0,1.0,1.0,1.0,0.17042960794702047,1.0,0.9067857353758687,0.13056379821958458,1.0
2835,mul8_473,0.8733999729156494,resnet34,cifar,resnet34cifar,1,NO,NO,0.025537736229904504,0.0007687694188979186,0.015393596083964355,0.015355086372360844,0.0009472945489156869,0.0014364000021681509,0.00031430914323541753,0.0014364000021681509,0.00031430914323541753,0.023273660855098424,0.010061924126523472,0.45488394160732576,0.026706231454005934,0.14285714285714285
2836,mul8_258,0.1146000027656555,vgg16,mnist,vgg16mnist,2,NO,NO,1.0,0.5559526799735053,0.8750272495477646,0.875,0.6313619492716398,0.04934982573486766,0.03473906195401956,0.04934982573486766,0.03473906195401956,0.8295147211772262,0.11262935693257614,0.9949968335678462,1.0,0.14732142857142858
2837,mul8_218,0.2003999948501587,vgg16,cifar,vgg16cifar,2,NO,NO,0.15685531092774865,0.03145121869666013,0.09821705231166346,0.09812859884836853,0.0380892278010285,0.009138756240209442,0.004630353132468135,0.009138756240209442,0.004630353132468135,0.14779481952210485,0.03906683864495441,0.648024085247277,0.2195845697329377,0.14285714285714285
2838,ReFAM_new_sta1_j4_k2,0.2531999945640564,resnet34,cifar100,resnet34cifar100,2,NO,NO,0.038997176749992764,0.00335464009120322,0.028365727615394992,0.02831094049904031,0.003953990550007776,0.0016107554741294423,0.0001826153681367789,0.0016107554741294423,0.0001826153681367789,0.046493177547169744,0.007712151340893212,0.2863533901186954,0.05934718100890208,0.05442171428571429
2839,ReFAM_new2_sta2_j4_k1,0.1383000016212463,resnet34,cifar,resnet34cifar,2,YES,NO,0.09705963991109309,0.0035156548544060325,0.051657910454052665,0.051583493282149714,0.0046260726930383795,0.006838709444284844,0.00627213552869783,0.006838709444284844,0.00627213552869783,0.05880973485848072,0.04496590291586799,0.5050958176623789,0.03560830860534125,0.2857142857142857
2840,mul8_257,0.1111999973654747,resnet34,cifar,resnet34cifar,2,NO,NO,0.6547192674359896,0.49437179762056405,0.6166866887807786,0.6166026871401151,0.3318198439422539,0.041970885346371146,0.029360688178991155,0.041970885346371146,0.029360688178991155,0.5913874307511597,0.10256146133772832,1.0,0.81973293768546,0.42857142857142855
2841,ReFAM_new2_sta4_j1_k3,0.1000000014901161,vgg16,cifar,vgg16cifar,2,NO,NO,1.0,1.0,1.0,1.0,1.0,1.0,1.0,1.0,1.0,1.0,1.0,1.0,1.0,0.2857142857142857
2842,ReFAM_sta3_j7_k2_const0,0.101000003516674,vgg16,mnist,vgg16mnist,2,YES,NO,1.0,0.730200508164981,1.0,1.0,0.9608339757901153,0.09956420165971955,0.06617348811156394,0.09956420165971955,0.06617348811156394,1.0,0.16662859855609896,0.9944073273887218,0.9970326409495549,0.14285714285714285
2843,ReFAM_new_sta1_j5_k3,0.1155000030994415,resnet18,cifar,resnet18cifar,2,NO,NO,0.17505399341107863,0.05775912032201361,0.1215344589700257,0.12164107485604606,0.0685047800220817,0.00435346642166561,0.0007111463855326486,0.00435346642166561,0.0007111463855326486,0.19467378708879565,0.015442217086759464,0.3281136413155253,0.26112759643916916,0.05793285714285714
2844,ReFAM_new_sta3_j2_k5,0.7768999934196472,resnet34,cifar,resnet34cifar,2,NO,NO,0.04798819250068554,0.011692897944106183,0.06816854981397397,0.06813819577735125,0.010468397019017629,0.004348046044298936,0.0008639111646470695,0.004348046044298936,0.0008639111646470695,0.08412763698444146,0.01693732346846766,0.463335566465549,0.08605341246290801,0.06762471428571429
2845,ReFAM_sta2_j3_k3_const1,0.9307000041007996,vgg16,mnist,vgg16mnist,1,NO,YES,0.08146076921109599,0.009972963849896823,0.09190034516044637,0.09189059500959693,0.0050397158490401404,1.0,1.0,1.0,1.0,0.08215008923865973,1.0,0.9624660703049752,0.04451038575667656,1.0
2846,mul8_124,0.0124000003561377,resnet34,cifar100,resnet34cifar100,2,NO,NO,0.8246819627713747,0.3560250091075841,0.5707351620253314,0.5707773512476008,0.30463293658314167,0.03870601137917888,0.028379130575255967,0.03870601137917888,0.028379130575255967,0.5554167687667081,0.10013704519804374,0.996488416559931,0.8167655786350149,0.15178571428571427
2847,ReFAM_new1_sta2_j1_k6,0.1000000014901161,resnet34,cifar,resnet34cifar,2,NO,YES,0.49223103097768645,0.08177718900466206,0.2968744359140671,0.29678502879078694,0.08359893496006097,1.0,1.0,1.0,1.0,0.2897940588780931,1.0,0.9980115620590158,0.1884272997032641,1.0
2848,ReFAM_sta4_j6_k1_const0,0.1134999990463256,resnet18,mnist,resnet18mnist,2,YES,NO,0.4437012110221399,0.022240338318090337,0.23615044778995506,0.23608445297504801,0.02926493812335149,0.022027510221928313,0.013106164497816517,0.022027510221928313,0.013106164497816517,0.20689928843790756,0.06700883180165171,0.8645286292301395,0.142433234421365,0.14285714285714285
2849,ReFAM_sta2_j7_k1_const0,0.1006999984383583,resnet34,cifar,resnet34cifar,2,YES,NO,1.0,0.207474587929585,0.8560453732385871,0.8560460652591171,0.27300533342104755,0.048516894412855685,0.0246583424494691,0.048516894412855685,0.0246583424494691,0.716761055455379,0.0971132429253029,0.9560028833877363,0.42729970326409494,0.14285714285714285
2850,mul8_219,0.0996999964118003,resnet18,cifar,resnet18cifar,2,NO,NO,1.0,1.0,1.0,1.0,1.0,0.06269931179275366,0.0464598079377984,0.06269931179275366,0.0464598079377984,1.0,0.13200751807862035,1.0,1.0,0.14285714285714285
2851,ReFAM_sta2_j2_k5_const0,0.1134999990463256,resnet18,mnist,resnet18mnist,2,YES,NO,0.8388726020887332,0.05421878582528724,0.4464719403528838,0.4464971209213052,0.07134376238376038,0.034695835524069185,0.022275563078684397,0.034695835524069185,0.022275563078684397,0.37211776025753407,0.08882484489111027,0.9821030403857549,0.22997032640949555,0.14285714285714285
2852,mul8_193,0.0103000001981854,resnet34,cifar100,resnet34cifar100,2,NO,NO,0.24264909977773275,0.01392250273864418,0.14031522365410407,0.14035508637236085,0.014614385927891119,0.012390079263985025,0.006078984658553159,0.012390079263985025,0.006078984658553159,0.1303271605423348,0.0450972752190036,0.9013172765018154,0.12166172106824925,0.2857142857142857
2853,ReFAM_sta3_j2_k6_const0,0.0995000004768371,resnet34,cifar,resnet34cifar,2,YES,NO,1.0,0.1860805225078338,0.9067808210059602,0.9066698656429942,0.2448539630677821,0.06628579481703516,0.053093662368767156,0.06628579481703516,0.053093662368767156,0.7413327659087127,0.14087813427443674,0.9982284270264657,0.5103857566765578,0.14285714285714285
2854,ReFAM_new_sta1_j4_k5,0.1134999990463256,resnet18,mnist,resnet18mnist,2,NO,NO,0.3787059164388186,0.25334508668127276,0.2708869351801558,0.270873320537428,0.2930411798731265,0.0070799162371017604,0.0012818194109600828,0.0070799162371017604,0.0012818194109600828,0.4093924108610029,0.0210009076631853,0.4175984393867507,0.5578635014836796,0.060421
2855,ReFAM_new1_sta1_j6_k2,0.1000000014901161,resnet34,cifar,resnet34cifar,2,NO,YES,1.0,0.4503604820013757,0.7232107463567373,0.7231285988483686,0.5039067008822675,1.0,1.0,1.0,1.0,0.7083698985317217,1.0,0.7198603511787068,0.3323442136498516,1.0
2856,ReFAM_sta4_j4_k6_const0,0.1134999990463256,resnet18,mnist,resnet18mnist,2,YES,NO,1.0,1.0,1.0,1.0,1.0,0.16289589081191833,0.13321966697278154,0.16289589081191833,0.13321966697278154,1.0,0.2457371180499573,1.0,1.0,0.14285714285714285
2857,mul8_379,0.0108000002801418,resnet34,cifar100,resnet34cifar100,2,NO,NO,0.24194498755282914,1.0,1.0,1.0,1.0,0.08250175710566303,0.0465756984598852,0.08250175710566303,0.0465756984598852,1.0,0.13937481712378255,1.0,1.0,0.42857142857142855
2858,mul8_411,0.1067000031471252,resnet34,mnist,resnet34mnist,2,NO,NO,1.0,1.0,1.0,1.0,1.0,0.09031794126840442,0.05873015594298889,0.09031794126840442,0.05873015594298889,1.0,0.1555769035548151,1.0,1.0,1.0
2859,ReFAM_new1_sta4_j6_k1,0.1000000014901161,resnet18,cifar,resnet18cifar,2,NO,YES,1.0,1.0,1.0,1.0,1.0,1.0,1.0,1.0,1.0,1.0,1.0,1.0,1.0,1.0
2860,ReFAM_new_sta3_j1_k3,0.9914000034332277,resnet34,mnist,resnet34mnist,0,NO,NO,0.003466415711110468,6.050492955952411e-05,0.0025367723883686576,0.00263915547024952,7.588341467533027e-05,0.00024120679281691587,3.687425702761882e-05,0.00024120679281691587,3.687425702761882e-05,0.006052896226962023,0.003419412049228785,0.1034058999488891,0.005934718100890208,0.063492
2861,mul8_273,0.0997999981045723,resnet18,cifar,resnet18cifar,2,NO,NO,0.9965945169442595,0.41751506254299037,0.6734105982667915,0.673464491362764,0.33746831805559396,0.04656646195708145,0.03506917435026681,0.04656646195708145,0.03506917435026681,0.625774038953355,0.1122852510703857,0.9956189203993574,0.7470326409495549,0.14732142857142858
2862,mul8_282,0.9223999977111816,resnet18,cifar,resnet18cifar,0,NO,NO,0.0,0.0,0.0,0.0,0.0,0.0,0.0,0.0,0.0,0.0,0.0,0.0,0.0,0.0
2863,ReFAM_sta3_j4_k3_const0,0.1039000004529953,resnet34,cifar,resnet34cifar,2,YES,NO,0.7296805071887534,0.040270011209334315,0.3883567910920745,0.3884357005758158,0.05298927423730986,0.03340397891834563,0.022702250910003986,0.03340397891834563,0.022702250910003986,0.3230114866535978,0.08924732627505778,0.9783745919782361,0.2195845697329377,0.14285714285714285
2864,mul8_231,0.9456999897956848,vgg16,mnist,vgg16mnist,1,NO,NO,0.2852210177298082,0.024857720747458793,0.17204649734423733,0.1720249520153551,0.024638169709206795,0.015239390966399079,0.00821066789814979,0.015239390966399079,0.00821066789814979,0.16340647766181476,0.05257355356108513,0.9410880716122739,0.19881305637982197,0.14285714285714285
2865,ReFAM_new1_sta1_j2_k3,0.1000000014901161,resnet34,cifar,resnet34cifar,2,NO,YES,0.17332078555552338,0.00750261126538099,0.09858819963887283,0.0986084452975048,0.008382383346184673,1.0,1.0,1.0,1.0,0.09431647648757237,1.0,0.8192893752456275,0.04451038575667656,1.0
2866,ReFAM_new2_sta3_j5_k3,0.0099999997764825,resnet34,cifar100,resnet34cifar100,2,NO,NO,0.8250069392442914,0.3146893231090617,0.4876080126319236,0.4875239923224568,0.35873501641153904,0.06495689896597266,0.1280239085658899,0.06495689896597266,0.1280239085658899,0.5336581483233842,0.20857517780046933,0.6952212328111604,0.3560830860534125,0.2857142857142857
2867,mul8_183,0.1142000034451484,resnet34,mnist,resnet34mnist,2,NO,NO,0.49201437999574205,0.16998799006445367,0.34519044854681724,0.34524952015355087,0.1614061765853551,0.0230637056951905,0.01482871907610671,0.0230637056951905,0.01482871907610671,0.36700362723393365,0.0711940846634779,0.9892494028577304,0.5126112759643917,0.3125
2868,ReFAM_new2_sta1_j3_k6,0.1026000007987022,resnet18,mnist,resnet18mnist,2,NO,NO,0.6603521929665441,0.9961714709703717,0.6797829336078661,0.6797024952015356,0.8939908003577567,0.0333967517485234,0.04080575519356351,0.0333967517485234,0.04080575519356351,0.7997064781092714,0.11708705803670065,0.6534925441213304,0.7537091988130564,0.2857142857142857
2869,mul8_206,0.7002999782562256,resnet34,cifar100,resnet34cifar100,0,NO,NO,0.0,0.0,0.0,0.0,0.0,0.0,0.0,0.0,0.0,0.0,0.0,0.0,0.0,0.0
2870,ReFAM_new_sta1_j3_k1,0.9902999997138976,resnet18,mnist,resnet18mnist,0,NO,NO,0.007366133386109744,0.0001671349196239778,0.005996007463416828,0.005998080614203456,0.00019458627779254508,0.00047608981203938085,3.687425702761882e-05,0.00047608981203938085,3.687425702761882e-05,0.010218464226666987,0.003440312188363997,0.23067407333497592,0.011869436201780416,0.04664728571428572
2871,mul8_249,0.1004000008106231,resnet18,cifar,resnet18cifar,2,NO,NO,0.2803463706360591,1.0,1.0,1.0,1.0,0.0738038582246096,0.03664598781744784,0.0738038582246096,0.03664598781744784,1.0,0.12388184255626616,1.0,1.0,0.4330357142857143
2872,mul8_073,0.1134999990463256,resnet18,mnist,resnet18mnist,2,NO,NO,0.3459374588861432,1.0,1.0,1.0,1.0,0.08505475484536566,0.04964152954418151,0.08505475484536566,0.04964152954418151,1.0,0.14384072899685302,1.0,1.0,0.42857142857142855
2873,ReFAM_new_sta1_j1_k4,0.9853000044822692,resnet34,mnist,resnet34mnist,0,NO,NO,0.020365192302773998,0.0008581649045932795,0.014471133397284843,0.014395393474088292,0.0010160413748830923,0.0010244513223010585,0.00010535502007891092,0.0010244513223010585,0.00010535502007891092,0.023598533954073433,0.0058654747615891276,0.2982850359099878,0.03115727002967359,0.05714285714285715
2874,mul8_280,0.1134999990463256,resnet34,mnist,resnet34mnist,2,NO,NO,1.0,1.0,1.0,1.0,1.0,0.08954824768233698,0.06551501923607074,0.08954824768233698,0.06551501923607074,1.0,0.16205818598735242,1.0,1.0,0.8571428571428571
2875,ReFAM_new2_sta1_j2_k1,0.9442999958992004,resnet34,mnist,resnet34mnist,1,NO,NO,0.010399247133331404,0.0002006216085394747,0.008302164180115607,0.008397312859884836,0.00021684715748617405,0.001195193209351235,0.0007673357295747345,0.001195193209351235,0.0007673357295747345,0.011484563842089948,0.015635543373760174,0.33407895513847796,0.008902077151335312,0.2857142857142857
2876,mul8_273,0.1134999990463256,resnet18,mnist,resnet18mnist,2,NO,NO,0.9965945169442595,0.41751506254299037,0.6734105982667915,0.673464491362764,0.33746831805559396,0.04656646195708145,0.03506917435026681,0.04656646195708145,0.03506917435026681,0.625774038953355,0.1122852510703857,0.9956189203993574,0.7470326409495549,0.14732142857142858
2877,mul8_479,0.0082999998703598,resnet34,cifar100,resnet34cifar100,2,NO,NO,0.4688327249276908,0.08306610322777877,0.281680375888933,0.28166986564299423,0.08827501360490309,0.019830450595970488,0.010437170655817441,0.019830450595970488,0.010437170655817441,0.2851206856529654,0.05983635191057129,0.9677787529348041,0.39243323442136496,0.2857142857142857
2878,ReFAM_new_sta1_j4_k5,0.1015999987721443,resnet18,cifar,resnet18cifar,2,NO,NO,0.3787059164388186,0.25334508668127276,0.2708869351801558,0.270873320537428,0.2930411798731265,0.0070799162371017604,0.0012818194109600828,0.0070799162371017604,0.0012818194109600828,0.4093924108610029,0.0210009076631853,0.4175984393867507,0.5578635014836796,0.060421
2879,ReFAM_sta1_j2_k7_const1,0.1000000014901161,resnet34,cifar,resnet34cifar,2,NO,YES,0.8874024220442798,1.0,1.0,1.0,0.5014956585877708,1.0,1.0,1.0,1.0,0.8719721635659704,1.0,1.0,0.755192878338279,1.0
2880,mul8_024,0.1094999983906745,vgg16,mnist,vgg16mnist,2,NO,NO,0.42891478497085,1.0,1.0,1.0,1.0,0.07492587633951076,0.03905335002625096,0.07492587633951076,0.03905335002625096,1.0,0.12737589795954926,1.0,1.0,0.42857142857142855
2881,ReFAM_new2_sta2_j1_k2,0.5005000233650208,resnet34,cifar,resnet34cifar,2,YES,NO,0.038130572822215145,0.0002897867678903523,0.02029417910694926,0.02039347408829175,0.0003813157745167505,0.003087808306547635,0.002470575220850461,0.003087808306547635,0.002470575220850461,0.019706802454517704,0.028115912171643883,0.6999749536234776,0.010385756676557863,0.2857142857142857
2882,ReFAM_sta4_j2_k8_const0,0.1000000014901161,resnet18,cifar,resnet18cifar,2,YES,NO,1.0,1.0,1.0,1.0,1.0,0.1642762802479642,0.1362240409620318,0.1642762802479642,0.1362240409620318,1.0,0.24829066719215587,1.0,1.0,0.14285714285714285
2883,mul8_424,0.1000000014901161,vgg16,cifar,vgg16cifar,2,NO,NO,1.0,1.0,1.0,1.0,1.0,0.08762401371716831,0.043799593680805896,0.08762401371716831,0.043799593680805896,1.0,0.13834623170491392,1.0,1.0,0.36160714285714285
2884,mul8_111,0.2971999943256378,resnet34,cifar,resnet34cifar,2,NO,NO,0.060838306467074804,0.0046889372404656975,0.05735709156400051,0.05734165067178503,0.003410621990835325,0.005756440763405948,0.0028656565461463767,0.005756440763405948,0.0028656565461463767,0.05711042780009177,0.030531371108841954,0.8991425179549939,0.07270029673590504,0.7142857142857143
2885,ReFAM_sta3_j8_k1_const0,0.1000000014901161,vgg16,cifar,vgg16cifar,2,YES,NO,1.0,0.6546441812600311,1.0,1.0,0.8614132205805364,0.08231114050160171,0.047348301940463876,0.08231114050160171,0.047348301940463876,1.0,0.1401757403127855,0.9695187634013387,0.8545994065281899,0.14285714285714285
2886,ReFAM_new_sta3_j2_k5,0.8422999978065491,resnet18,mnist,resnet18mnist,2,NO,NO,0.04798819250068554,0.011692897944106183,0.06816854981397397,0.06813819577735125,0.010468397019017629,0.004348046044298936,0.0008639111646470695,0.004348046044298936,0.0008639111646470695,0.08412763698444146,0.01693732346846766,0.463335566465549,0.08605341246290801,0.06762471428571429
2887,mul8_027,0.9890999794006348,vgg16,mnist,vgg16mnist,0,NO,NO,0.0,0.0,0.0,0.0,0.0,0.0,0.0,0.0,0.0,0.0,0.0,0.0,0.0,0.0
2888,mul8_356,0.1134999990463256,resnet34,mnist,resnet34mnist,2,NO,NO,0.5209643657248552,0.5224626865844648,0.617017860264998,0.6170825335892515,0.3134421630976848,0.04430616459517911,0.03182775156583899,0.04430616459517911,0.03182775156583899,0.5847433312626434,0.1069549691573661,1.0,0.8100890207715133,0.2857142857142857
2889,ReFAM_sta4_j4_k5_const0,0.1134999990463256,resnet34,mnist,resnet34mnist,2,YES,NO,1.0,0.4350899408707614,1.0,1.0,0.5725128824734892,0.09594248618255469,0.08115321604978376,0.09594248618255469,0.08115321604978376,1.0,0.17898207365209032,1.0,0.8545994065281899,0.14285714285714285
2890,mul8_270,0.1134999990463256,resnet34,mnist,resnet34mnist,2,NO,NO,0.948064696988713,0.4155279532774565,0.654752572777952,0.6547504798464492,0.332450332127078,0.043877954783212006,0.0324651494373164,0.043877954783212006,0.0324651494373164,0.6132393403800852,0.10777604605196371,0.9955252510237451,0.7470326409495549,0.14732142857142858
2891,ReFAM_sta2_j3_k2_const1,0.6334999799728394,vgg16,cifar,vgg16cifar,2,NO,YES,0.05372944352221225,0.0023047601457213463,0.04704559702065511,0.04702495201535509,0.0013147013654354997,1.0,1.0,1.0,1.0,0.0420229708059854,1.0,0.9067857353758687,0.020771513353115726,1.0
2892,ReFAM_sta4_j1_k3_const1,0.6776000261306763,vgg16,cifar,vgg16cifar,1,NO,YES,0.05719585923332272,0.00030809747025705044,0.030671884332093773,0.030710172744721688,0.0003880595157906919,1.0,1.0,1.0,1.0,0.02599928430197783,1.0,0.986328343742173,0.01112759643916914,1.0
2893,ReFAM_sta2_j1_k4_const0,0.1150000020861625,resnet18,mnist,resnet18mnist,2,YES,NO,0.14732266772219488,0.0024416923547244795,0.07840932836775852,0.07845489443378119,0.0032128996715463567,0.008617496616781127,0.004400328005295846,0.008617496616781127,0.004400328005295846,0.06865436019450201,0.0380389996596263,0.9067857353758687,0.04080118694362018,0.14285714285714285
2894,ReFAM_new2_sta3_j6_k1,0.096400000154972,resnet34,mnist,resnet34mnist,2,NO,NO,0.3761061046554858,0.06726794767278935,0.2074964505849727,0.20753358925143955,0.08483974396580378,0.028419941929690478,0.041943589410415746,0.028419941929690478,0.041943589410415746,0.24548206656776617,0.11772973731510841,0.46408186703428506,0.142433234421365,0.2857142857142857
2895,mul8_098,0.824999988079071,resnet34,cifar,resnet34cifar,2,NO,NO,0.02859792961666136,0.00036283054798359364,0.0170079057856535,0.017034548944337813,0.0004065188532042848,0.0019685003803298117,0.0007357292235510612,0.0019685003803298117,0.0007357292235510612,0.01825929201149813,0.015372798767488937,0.5786720940603434,0.01483679525222552,0.2857142857142857
2896,ReFAM_sta4_j1_k8_const0,0.1134999990463256,resnet18,mnist,resnet18mnist,2,YES,NO,1.0,0.4374426670955086,1.0,1.0,0.5756087161071173,0.09748368014714517,0.08457198645134442,0.09748368014714517,0.08457198645134442,1.0,0.18254554737464396,1.0,0.8553412462908012,0.14285714285714285
2897,mul8_157,0.9846000075340272,resnet34,mnist,resnet34mnist,0,NO,NO,0.019986056550787,0.0007698697169643084,0.015480078805765931,0.015595009596928982,0.0008573211057242055,0.0014427237757626016,0.00031255322623410233,0.0014427237757626016,0.00031255322623410233,0.02244473975989178,0.010031320351361195,0.4658218775008196,0.02967359050445104,0.14285714285714285
2898,ReFAM_sta1_j1_k3_const0,0.5340999960899353,resnet18,mnist,resnet18mnist,2,YES,NO,0.07106152207776459,0.0010086808651568033,0.03782097015385999,0.03790786948176583,0.0013272722151448431,0.004301069440454444,0.0017453814993072909,0.004301069440454444,0.0017453814993072909,0.03674362256159716,0.023795554838979355,0.7954260836630428,0.030415430267062313,0.14285714285714285
2899,mul8_063,0.1134999990463256,resnet34,mnist,resnet34mnist,2,NO,NO,0.8234903823706805,0.21463440841464346,0.5082670294213053,0.5081573896353168,0.2008780145546615,0.03209947476543317,0.02183482791135429,0.03209947476543317,0.02183482791135429,0.4762908132100031,0.08735810298394273,0.9898236368560486,0.5356083086053413,0.14285714285714285
2900,mul8_116,0.8334000110626221,resnet34,mnist,resnet34mnist,2,NO,NO,0.011726232664533024,0.0041471562046213025,0.049867034014431565,0.04990403071017274,0.002443635373461281,0.005760054348317062,0.0032203517804120434,0.005760054348317062,0.0032203517804120434,0.04905740796895156,0.03231907943844312,0.7580163677052428,0.05341246290801187,0.2857142857142857
2901,ReFAM_new2_sta2_j4_k2,0.0878999978303909,resnet34,mnist,resnet34mnist,2,YES,NO,0.20625173481107284,0.014100036939851731,0.10977305971486191,0.1098848368522073,0.01855352660018178,0.01338200832208605,0.01572599266377877,0.01338200832208605,0.01572599266377877,0.12081556430784832,0.07150161528218174,0.6134723033910351,0.0830860534124629,0.2857142857142857
2902,ReFAM_sta1_j4_k4_const0,0.1000000014901161,vgg16,cifar,vgg16cifar,2,YES,NO,1.0,0.29434692889715436,0.6863122388895568,0.6861804222648753,0.3873162601113438,0.03656947930048223,0.023376523038509015,0.03656947930048223,0.023376523038509015,0.6502512285645439,0.09127090760347062,0.8729802540883628,0.5519287833827893,0.14285714285714285
2903,mul8_015,0.9340999722480774,vgg16,mnist,vgg16mnist,1,NO,NO,0.35097459074993487,0.028114292219702953,0.1954017397321564,0.1952975047984645,0.03294628308413464,0.016366829458666913,0.008614528808452282,0.016366829458666913,0.008614528808452282,0.1869557534749721,0.05400446665830661,0.9386648855910028,0.22551928783382788,0.14285714285714285
2904,mul8_271,0.1134999990463256,resnet18,mnist,resnet18mnist,2,NO,NO,1.0,0.4077479026443839,0.6852467686574868,0.6852207293666027,0.3697422182349284,0.04395203327388986,0.03149763916959173,0.04395203327388986,0.03149763916959173,0.6437058916891685,0.10636304735971529,0.998197882664853,0.8100890207715133,0.14285714285714285
2905,mul8_033,0.1134999990463256,resnet18,mnist,resnet18mnist,2,NO,NO,0.9366905204366317,0.23620721155070948,0.5079001623209621,0.5079174664107485,0.29920776852986847,0.027831830985406533,0.012742689678544276,0.027831830985406533,0.012742689678544276,0.519268128351356,0.06761717513719448,0.975950387811578,0.6060830860534124,0.14285714285714285
2906,ReFAM_new2_sta1_j1_k4,0.6033999919891357,resnet18,mnist,resnet18mnist,2,NO,NO,0.045063404244436084,0.004314956818587115,0.0421450139976702,0.04222648752399232,0.004199347171072037,0.004788000007227169,0.004596990709443146,0.004788000007227169,0.004596990709443146,0.05283731046825852,0.03839430202492491,0.5567982585641299,0.04599406528189911,0.2857142857142857
2907,ReFAM_new1_sta4_j3_k2,0.1000000014901161,vgg16,cifar,vgg16cifar,2,NO,YES,1.0,1.0,1.0,1.0,1.0,1.0,1.0,1.0,1.0,1.0,1.0,1.0,1.0,1.0
2908,ReFAM_new1_sta3_j4_k3,0.1000000014901161,resnet18,cifar,resnet18cifar,2,NO,YES,0.5251619802332359,0.06384145797773419,0.2862805312641201,0.2862284069097889,0.0792872370935578,1.0,1.0,1.0,1.0,0.2806612498159249,1.0,0.857692801101226,0.17804154302670624,1.0
2909,mul8_297,0.1077999994158744,resnet34,cifar,resnet34cifar,2,NO,NO,0.5544640290076323,0.19935201804957584,0.40804188653626305,0.4081094049904031,0.16455331509154572,0.03136501363224908,0.021945450682437143,0.03136501363224908,0.021945450682437143,0.4019285316050743,0.08737974955661848,0.982506225959042,0.5437685459940653,0.14285714285714285
2910,mul8_144,0.1134999990463256,resnet34,mnist,resnet34mnist,2,NO,NO,0.5315531842005958,0.09982101475046494,0.32411478857051906,0.32413627639155473,0.10055574308740772,0.025678134378382088,0.01805082677352007,0.025678134378382088,0.01805082677352007,0.3170137551050844,0.07859795895212673,0.9761367084174152,0.4043026706231454,0.42857142857142855
2911,mul8_363,0.1107999980449676,resnet34,mnist,resnet34mnist,2,NO,NO,0.2035435975367678,1.0,1.0,1.0,1.0,0.046160837050808805,0.02557317520715431,0.046160837050808805,0.02557317520715431,1.0,0.09782160835527848,0.8983962173862579,1.0,0.14285714285714285
2912,ReFAM_new1_sta4_j4_k2,0.1032000035047531,resnet18,mnist,resnet18mnist,2,NO,YES,1.0,1.0,1.0,1.0,1.0,1.0,1.0,1.0,1.0,1.0,1.0,1.0,1.0,1.0
2913,ReFAM_sta3_j5_k5_const0,0.0995000004768371,resnet34,cifar,resnet34cifar,2,YES,NO,1.0,1.0,1.0,1.0,1.0,0.18731288405632132,0.13950760575449123,0.18731288405632132,0.13950760575449123,1.0,0.26118903877274385,1.0,1.0,0.14285714285714285
2914,mul8_405,0.1128000020980835,resnet18,cifar,resnet18cifar,2,NO,NO,0.6543401316840026,0.12678621321937178,0.3780705203684337,0.3781190019193858,0.14017460974843687,0.026076532114832497,0.015239603654414463,0.026076532114832497,0.015239603654414463,0.3717640718093228,0.07279817034210542,0.9767272327419265,0.4992581602373887,0.2380952857142857
2915,mul8_382,0.1000000014901161,resnet18,cifar,resnet18cifar,2,NO,NO,0.8180741078220704,0.18609246427024687,0.4780822754949426,0.47816698656429946,0.19687309399482958,0.03099823476377092,0.022389697683769885,0.03099823476377092,0.022389697683769885,0.45725113549191326,0.0880940864549184,0.9805493505250575,0.5467359050445104,1.0
2916,mul8_144,0.0100999996066093,resnet34,cifar100,resnet34cifar100,2,NO,NO,0.5315531842005958,0.09982101475046494,0.32411478857051906,0.32413627639155473,0.10055574308740772,0.025678134378382088,0.01805082677352007,0.025678134378382088,0.01805082677352007,0.3170137551050844,0.07859795895212673,0.9761367084174152,0.4043026706231454,0.42857142857142855
2917,ReFAM_new2_sta4_j1_k6,0.1014999970793724,resnet34,mnist,resnet34mnist,2,NO,NO,1.0,1.0,1.0,1.0,1.0,1.0,1.0,1.0,1.0,1.0,1.0,1.0,1.0,0.2857142857142857
2918,mul8_166,0.095100000500679,resnet18,cifar,resnet18cifar,2,NO,NO,0.2555939994153266,1.0,1.0,1.0,1.0,0.08231475408651283,0.045917229584392004,0.08231475408651283,0.045917229584392004,1.0,0.13854851519440115,1.0,1.0,0.42857142857142855
2919,mul8_483,0.1000000014901161,resnet34,cifar,resnet34cifar,2,NO,NO,1.0,0.5131080745420732,0.5665010915021291,0.5664587332053742,0.6312796628695232,0.03234158495447786,0.020946333908688806,0.03234158495447786,0.020946333908688806,0.6698487519538979,0.08579432471650454,0.978498805715461,0.973293768545994,0.42857142857142855
2920,ReFAM_new1_sta4_j4_k1,0.1032000035047531,resnet18,mnist,resnet18mnist,2,NO,YES,1.0,1.0,1.0,1.0,1.0,1.0,1.0,1.0,1.0,1.0,1.0,1.0,1.0,1.0
2921,ReFAM_sta1_j2_k7_const0,0.1134999990463256,resnet18,mnist,resnet18mnist,2,YES,NO,1.0,1.0,1.0,1.0,1.0,0.06073894197847387,0.04096729955768451,0.06073894197847387,0.04096729955768451,1.0,0.12457005428064707,0.9182195080728748,1.0,0.14285714285714285
2922,ReFAM_new_sta1_j4_k1,0.9890999794006348,vgg16,mnist,vgg16mnist,0,NO,NO,0.014732266772219489,0.0006685396657580313,0.011992014926833655,0.011996161228406911,0.0007783451111701803,0.0007904716993063723,6.84807630512921e-05,0.0007904716993063723,6.84807630512921e-05,0.020436928453333975,0.004688349068152368,0.23067407333497592,0.02373887240356083,0.04664728571428572
2923,mul8_259,0.0105999996885657,resnet34,cifar100,resnet34cifar100,2,NO,NO,0.803341841049851,0.45696766011515044,0.642233005130457,0.642274472168906,0.31857801743631425,0.047543936675538016,0.040365020026233406,0.047543936675538016,0.040365020026233406,0.6010481332216238,0.11979661178887276,1.0,0.701780415430267,0.42857142857142855
2924,ReFAM_sta2_j4_k4_const1,0.1071000024676323,resnet34,cifar,resnet34cifar,2,NO,YES,0.21145135837773854,0.24349412783736274,0.4225095293347415,0.42250479846449135,0.11622853722098975,1.0,1.0,1.0,1.0,0.38325875418362937,1.0,0.994904182337621,0.3264094955489614,1.0
2925,ReFAM_sta2_j2_k4_const1,0.1040999963879585,resnet18,mnist,resnet18mnist,2,NO,YES,0.09012680848887217,0.010145721346139148,0.09437946363089757,0.09428982725527832,0.005217062212124298,1.0,1.0,1.0,1.0,0.08411130332382225,1.0,0.9942831136514969,0.04599406528189911,1.0
2926,mul8_394,0.1134999990463256,resnet34,mnist,resnet34mnist,2,NO,NO,0.4530713694576511,0.09726547370901586,0.29013253250190274,0.2900671785028791,0.09594225911144641,0.019245953236597665,0.008242274404173465,0.019245953236597665,0.008242274404173465,0.29537575038099667,0.05355809940106172,0.7781033580471157,0.4035608308605341,0.5079365714285714
2927,mul8_247,0.1000000014901161,vgg16,cifar,vgg16cifar,2,NO,NO,1.0,0.9170608331465112,0.9698419347640882,0.9697696737044146,0.9290451713424414,1.0,1.0,1.0,1.0,0.9551831882162659,1.0,1.0,1.0,1.0
2928,ReFAM_sta4_j5_k1_const0,0.1134999990463256,resnet34,mnist,resnet34mnist,2,YES,NO,0.20105211124440714,0.005209792882072708,0.10700567165482339,0.10700575815738964,0.0068553033748286136,0.011573409074073069,0.006115858915580779,0.011573409074073069,0.006115858915580779,0.09570469146558301,0.045075628646327845,0.8242599610253946,0.05934718100890208,0.14285714285714285
2929,mul8_433,0.9890999794006348,vgg16,mnist,vgg16mnist,0,NO,NO,0.0,0.0,0.0,0.0,0.0,0.0,0.0,0.0,0.0,0.0,0.0,0.0,0.0,0.0
2930,ReFAM_sta2_j2_k5_const0,0.1000000014901161,vgg16,cifar,vgg16cifar,2,YES,NO,0.8388726020887332,0.05421878582528724,0.4464719403528838,0.4464971209213052,0.07134376238376038,0.034695835524069185,0.022275563078684397,0.034695835524069185,0.022275563078684397,0.37211776025753407,0.08882484489111027,0.9821030403857549,0.22997032640949555,0.14285714285714285
2931,ReFAM_sta2_j3_k7_const1,0.1027999967336654,resnet18,mnist,resnet18mnist,2,NO,YES,0.025998117833328508,1.0,1.0,1.0,1.0,1.0,1.0,1.0,1.0,1.0,1.0,1.0,1.0,1.0
2932,ReFAM_sta4_j6_k4_const0,0.101000003516674,vgg16,mnist,vgg16mnist,2,YES,NO,1.0,1.0,1.0,1.0,1.0,0.1570120711803956,0.12245413983771815,0.1570120711803956,0.12245413983771815,1.0,0.23597824594089442,1.0,1.0,0.14285714285714285
2933,mul8_206,0.9890999794006348,vgg16,mnist,vgg16mnist,0,NO,NO,0.0,0.0,0.0,0.0,0.0,0.0,0.0,0.0,0.0,0.0,0.0,0.0,0.0,0.0
2934,mul8_497,0.1134999990463256,resnet34,mnist,resnet34mnist,2,NO,NO,0.7330385974088918,0.15654485890250427,0.4356404351438034,0.43570057581573896,0.15973760700740317,0.03009845212090332,0.020481015903340283,0.03009845212090332,0.020481015903340283,0.41469600514419896,0.08436191875220198,0.981667274160081,0.5459940652818991,0.42857142857142855
2935,ReFAM_new2_sta1_j1_k5,0.1120999976992607,resnet34,mnist,resnet34mnist,2,NO,NO,0.08666039277776169,0.017791633760476905,0.08518366556798655,0.08517274472168906,0.017097017501847084,0.008079975861252794,0.008997318714738993,0.008079975861252794,0.008997318714738993,0.10667531886890867,0.05384771561479252,0.5766836561193592,0.09347181008902077,0.2857142857142857
2936,ReFAM_sta2_j4_k4_const1,0.1018999963998794,vgg16,mnist,vgg16mnist,2,NO,YES,0.21145135837773854,0.24349412783736274,0.4225095293347415,0.42250479846449135,0.11622853722098975,1.0,1.0,1.0,1.0,0.38325875418362937,1.0,0.994904182337621,0.3264094955489614,1.0
2937,ReFAM_sta4_j3_k7_const1,0.1000000014901161,vgg16,cifar,vgg16cifar,2,NO,YES,1.0,1.0,1.0,1.0,1.0,1.0,1.0,1.0,1.0,1.0,1.0,1.0,1.0,1.0
2938,mul8_211,0.1134999990463256,resnet18,mnist,resnet18mnist,2,NO,NO,1.0,0.26840505422515476,0.5687637817770316,0.5688579654510556,0.30831287897231985,0.036972394018071536,0.026284321592686958,0.036972394018071536,0.026284321592686958,0.555776542410324,0.09629813749902963,0.991952578860451,0.5593471810089021,1.0
2939,mul8_107,0.1174999997019767,resnet18,cifar,resnet18cifar,2,NO,NO,0.4285356422860316,0.18980232203907982,0.35697369171840154,0.35700575815738966,0.1569153701572944,0.02626714871889381,0.01827734006668973,0.02626714871889381,0.01827734006668973,0.37037993889299825,0.07918689501561539,0.9834693914952279,0.45845697329376855,0.2770562857142857
2940,mul8_035,0.9883999824523926,vgg16,mnist,vgg16mnist,0,NO,NO,0.10399247133331403,0.03960206863169694,0.1056652189857049,0.10556621880998081,0.042136454717500584,0.00989128529794911,0.006351151793757013,0.00989128529794911,0.006351151793757013,0.15630073435234026,0.045630228766951504,0.744841566396315,0.20771513353115728,0.2857142857142857
2941,mul8_373,0.2057999968528747,vgg16,mnist,vgg16mnist,2,NO,NO,1.0,0.3054859063765827,0.6138106346162493,0.6137236084452975,0.3082963537020369,0.03762012911338887,0.02584183050835553,0.03762012911338887,0.02584183050835553,0.5809910584739663,0.09573905877716271,0.9953542025987143,0.650593471810089,0.235955
2942,mul8_188,0.1002999991178512,resnet34,cifar,resnet34cifar,2,NO,NO,1.0,0.6018670024966244,0.8512826209003951,0.8512476007677543,0.6005663528091374,0.0480832642235219,0.034872511646119514,0.0480832642235219,0.034872511646119514,0.8078185362463622,0.11244424141452142,0.996085230986644,0.9673590504451038,0.6190475714285714
2943,ReFAM_new1_sta4_j7_k1,0.101000003516674,vgg16,mnist,vgg16mnist,2,NO,YES,1.0,1.0,1.0,1.0,1.0,1.0,1.0,1.0,1.0,1.0,1.0,1.0,1.0,1.0
2944,mul8_466,0.1092000007629394,resnet34,cifar,resnet34cifar,2,NO,NO,0.37580144137863625,0.17591562620691414,0.35054257705493175,0.35052783109404995,0.12945260922867843,0.02617319551120482,0.016689991097500804,0.02617319551120482,0.016689991097500804,0.35032339741201995,0.07591602324095473,0.9896994231188236,0.5682492581602374,0.5
2945,ReFAM_sta3_j2_k2_const1,0.9858999848365784,vgg16,mnist,vgg16mnist,0,NO,YES,0.043330196388880846,0.00041318497949201336,0.026059570898696212,0.026151631477927068,0.0003623940309674491,1.0,1.0,1.0,1.0,0.02288923242511855,1.0,0.9226942570491296,0.010385756676557863,1.0
2946,ReFAM_sta4_j4_k6_const1,0.1000000014901161,resnet34,cifar,resnet34cifar,2,NO,YES,1.0,1.0,1.0,1.0,1.0,1.0,1.0,1.0,1.0,1.0,1.0,1.0,1.0,1.0
2947,mul8_050,0.9672999978065492,resnet18,mnist,resnet18mnist,0,NO,NO,0.03249764729166064,0.0009031455430158204,0.017411483211075787,0.01751439539347409,0.0011834767459673395,0.0015547449080071621,0.0003213328112406783,0.0015547449080071621,0.0003213328112406783,0.026087211044475905,0.010179114192388766,0.4474270447922881,0.02967359050445104,0.14285714285714285
2948,mul8_182,0.1102999970316886,vgg16,mnist,vgg16mnist,2,NO,NO,0.7049822952470913,0.2261237895065345,0.45272457693573487,0.45273512476007677,0.21853951873809155,1.0,1.0,1.0,1.0,0.4537042136857079,1.0,0.9864525574793978,0.5207715133531158,1.0
2949,mul8_237,0.1134999990463256,resnet34,mnist,resnet34mnist,2,NO,NO,0.637820490844326,0.1401214556849158,0.3911827333936127,0.39107485604606523,0.13786049430341749,0.02859339400542399,0.017666280950232045,0.02859339400542399,0.017666280950232045,0.3776577946999025,0.07850913336080208,0.9798651568249339,0.45178041543026703,0.2380952857142857
2950,ReFAM_new2_sta2_j2_k7,0.1000000014901161,resnet18,cifar,resnet18cifar,2,NO,NO,0.8960684613220559,1.0,0.8479927425949197,0.8478886756238003,0.947705604672357,0.07050104161585062,0.12333736608937969,0.07050104161585062,0.12333736608937969,0.8951658398330714,0.2062254050148391,0.9216221499565252,0.7566765578635015,0.2857142857142857
2951,ReFAM_sta1_j3_k4_const0,0.9054999947547911,vgg16,mnist,vgg16mnist,2,YES,NO,0.644753322266547,0.07358673222428859,0.3431561194447784,0.34309021113243765,0.09682906502783595,0.023263356261529592,0.013292291699955928,0.023263356261529592,0.013292291699955928,0.3251256129288032,0.06773063303535706,0.8729802540883628,0.27596439169139464,0.14285714285714285
2952,ReFAM_sta4_j1_k7_const1,0.1000000014901161,vgg16,cifar,vgg16cifar,2,NO,YES,0.5494268902110091,0.10106472753674878,0.3614531299365591,0.3613243761996161,0.07741691104303383,1.0,1.0,1.0,1.0,0.3227363129263445,1.0,1.0,0.1913946587537092,1.0
2953,mul8_442,0.3885999917984009,vgg16,cifar,vgg16cifar,2,NO,NO,0.13703174607983568,0.029475550505693834,0.08670293578399248,0.08661228406909789,0.036079118108781005,1.0,1.0,1.0,1.0,0.1407786406522903,1.0,0.8823013751071599,0.2344213649851632,1.0
2954,ReFAM_sta1_j3_k1_const0,0.9890999794006348,vgg16,mnist,vgg16mnist,0,YES,NO,0.06239548279998842,0.0008279621939724352,0.03320865672046243,0.033109404990403074,0.00108947364147643,0.003606357741292615,0.0011817321418851174,0.003606357741292615,0.0011817321418851174,0.03270804981941898,0.01959835904050447,0.7477005186432601,0.026706231454005934,0.14285714285714285
2955,ReFAM_sta4_j3_k7_const0,0.1000000014901161,resnet18,cifar,resnet18cifar,2,YES,NO,1.0,1.0,1.0,1.0,1.0,0.1638372296812637,0.13522492418828347,0.1638372296812637,0.13522492418828347,1.0,0.24745242232612577,1.0,1.0,0.14285714285714285
2956,ReFAM_new2_sta4_j2_k1,0.1000000014901161,vgg16,cifar,vgg16cifar,2,NO,NO,1.0,1.0,1.0,1.0,1.0,1.0,1.0,1.0,1.0,1.0,1.0,1.0,1.0,0.2857142857142857
2957,ReFAM_new1_sta4_j5_k2,0.1000000014901161,resnet18,cifar,resnet18cifar,2,NO,YES,1.0,1.0,1.0,1.0,1.0,1.0,1.0,1.0,1.0,1.0,1.0,1.0,1.0,1.0
2958,ReFAM_sta2_j4_k5_const0,0.1000000014901161,vgg16,cifar,vgg16cifar,2,YES,NO,1.0,0.9755655618678827,1.0,1.0,1.0,0.1115920190363653,0.07610671058800393,0.1115920190363653,0.07610671058800393,1.0,0.18069513862763714,1.0,1.0,0.14285714285714285
2959,mul8_110,0.1174999997019767,vgg16,mnist,vgg16mnist,2,NO,NO,1.0,0.3549409738618704,0.6995351437472866,0.6996161228406911,0.42401948808989537,1.0,1.0,1.0,1.0,0.6698766117542115,1.0,0.9988657860387833,0.6862017804154302,1.0
2960,ReFAM_new_sta2_j5_k4,0.1000000014901161,resnet18,cifar,resnet18cifar,2,NO,NO,0.5823578394665586,0.3601890301378239,0.483638899221291,0.4836852207293666,0.3042637264363282,0.015367673230743655,0.00169094807226652,0.015367673230743655,0.00169094807226652,0.5088250424544566,0.026419268733989,0.7175461067138543,0.5103857566765578,0.046083
2961,mul8_003,0.1000000014901161,vgg16,cifar,vgg16cifar,2,NO,NO,1.0,1.0,1.0,1.0,1.0,0.09031794126840442,0.05873015594298889,0.09031794126840442,0.05873015594298889,1.0,0.1555769035548151,1.0,1.0,1.0
2962,mul8_469,0.3228999972343445,resnet18,mnist,resnet18mnist,2,NO,NO,0.10886711842706313,0.017177898695641097,0.1018726723130042,0.10196737044145873,0.013960441895161203,0.009622976618298832,0.005181711070881102,0.009622976618298832,0.005181711070881102,0.10811347684301222,0.04131808220323295,0.9256774230332995,0.19881305637982197,0.21428571428571427
2963,mul8_303,0.9199000000953674,resnet18,mnist,resnet18mnist,1,YES,NO,0.045171729735408284,0.0013229451379512395,0.02404168377158478,0.023992322456813823,0.0017407967023253474,0.0021762815127189155,0.0005355546854011304,0.0021762815127189155,0.0005355546854011304,0.032743034279121126,0.013152158984372667,0.5249812152176082,0.04154302670623145,0.14285714285714285
2964,ReFAM_new_sta3_j2_k4,0.879800021648407,resnet34,cifar,resnet34cifar,1,NO,NO,0.01689877659166353,0.002369992026087178,0.02656404360293676,0.02663147792706334,0.002349428939666606,0.0019450120784075652,0.00034240381525646045,0.0019450120784075652,0.00034240381525646045,0.037508424429245416,0.010555316696822583,0.33606739307946215,0.03857566765578635,0.063492
2965,ReFAM_sta3_j2_k8_const1,0.1000000014901161,vgg16,cifar,vgg16cifar,2,NO,YES,0.4857315015193543,1.0,1.0,1.0,1.0,1.0,1.0,1.0,1.0,1.0,1.0,1.0,1.0,1.0
2966,ReFAM_new1_sta2_j7_k1,0.1009000018239021,resnet34,mnist,resnet34mnist,2,NO,YES,0.3917049753554829,0.28583484064912235,0.37336677243353245,0.37332053742802307,0.25800562532179283,1.0,1.0,1.0,1.0,0.4333806030482243,1.0,0.47924408813880987,0.28486646884273,1.0
2967,mul8_118,0.9406999945640564,resnet18,mnist,resnet18mnist,1,NO,NO,0.031847694345827425,0.00037844191526762285,0.01801685119413459,0.017994241842610365,0.00045205851619534073,0.002132918493785537,0.0007322173895484308,0.002132918493785537,0.0007322173895484308,0.019295832502765967,0.01533696995754286,0.5836436979854975,0.01483679525222552,0.14285714285714285
2968,ReFAM_new_sta3_j1_k2,0.9919000267982484,resnet34,mnist,resnet34mnist,0,YES,NO,0.000866603927777617,6.1699105800830506e-06,0.000461231343339756,0.0004798464491362764,8.118673770617628e-06,4.8783396300050404e-05,7.023668005260727e-06,4.8783396300050404e-05,7.023668005260727e-06,0.001914094424837901,0.0015249637233299296,0.03181704334652171,0.002967359050445104,0.063492
2969,ReFAM_new2_sta1_j2_k3,0.9879999756813048,vgg16,mnist,vgg16mnist,0,NO,NO,0.041596988533325614,0.004203500369398518,0.04070366604973347,0.0407869481765835,0.004094937917191732,0.004505236987932433,0.004129916787093308,0.004505236987932433,0.004129916787093308,0.051786761575647544,0.03639236726918782,0.5011189417804105,0.04451038575667656,0.2857142857142857
2970,ReFAM_new2_sta4_j4_k1,0.1000000014901161,resnet18,cifar,resnet18cifar,2,NO,NO,1.0,1.0,1.0,1.0,1.0,1.0,1.0,1.0,1.0,1.0,1.0,1.0,1.0,0.2857142857142857
2971,ReFAM_new1_sta4_j1_k8,0.1032000035047531,resnet18,mnist,resnet18mnist,2,NO,YES,1.0,1.0,1.0,1.0,1.0,1.0,1.0,1.0,1.0,1.0,1.0,1.0,1.0,1.0
2972,ReFAM_sta3_j1_k1_const0,0.9226999878883362,resnet18,cifar,resnet18cifar,0,YES,NO,0.006932831422220936,1.592234988408529e-05,0.003689850746718048,0.003598848368522073,2.0951416182239038e-05,0.0005989516990172855,0.00019315087014467003,0.0005989516990172855,0.00019315087014467003,0.004060406186414293,0.007856213014218065,0.5090726935443474,0.002225519287833828,0.14285714285714285
2973,ReFAM_sta1_j2_k4_const1,0.3718999922275543,vgg16,cifar,vgg16cifar,2,NO,YES,0.11092530275553497,0.018196061447532674,0.12735750467969012,0.1273992322456814,0.008266115272283697,1.0,1.0,1.0,1.0,0.11109991642086975,1.0,0.9942831136514969,0.09050445103857567,1.0
2974,ReFAM_new2_sta1_j4_k4,0.703000009059906,vgg16,cifar,vgg16cifar,0,NO,NO,0.3223766611332735,0.28295607979007975,0.3350845709363327,0.33517274472168906,0.27034181916989514,0.01894692908520291,0.027153500508337973,0.01894692908520291,0.027153500508337973,0.422629142836154,0.09413198736437302,0.5428781748318533,0.36795252225519287,0.2857142857142857
2975,ReFAM_sta2_j3_k1_const1,0.3794000148773193,resnet18,mnist,resnet18mnist,2,NO,YES,0.032930949255549444,0.0004386607393065498,0.02260033582364804,0.02255278310940499,0.00032658019974065103,1.0,1.0,1.0,1.0,0.020436928453333975,1.0,0.7954260836630428,0.008902077151335312,1.0
2976,mul8_287,0.1000000014901161,vgg16,cifar,vgg16cifar,2,NO,NO,0.5209643657248552,0.5224626865844648,0.617017860264998,0.6170825335892515,0.3134421630976848,0.04430616459517911,0.03182775156583899,0.04430616459517911,0.03182775156583899,0.5847433312626434,0.1069549691573661,1.0,0.8100890207715133,0.2857142857142857
2977,mul8_412,0.1134999990463256,resnet34,mnist,resnet34mnist,2,NO,NO,1.0,0.636128138842891,0.8840640519419996,0.8841170825335892,0.6452874341982127,0.04977442196192365,0.03656345971838604,0.04977442196192365,0.03656345971838604,0.8382946674071078,0.1152963639729373,0.9957278619557759,0.9918397626112759,0.6190475714285714
2978,mul8_019,0.0099999997764825,resnet34,cifar100,resnet34cifar100,2,NO,NO,1.0,1.0,1.0,1.0,1.0,0.0793371601197542,0.058824975461059914,0.0793371601197542,0.058824975461059914,1.0,0.15153421949923265,1.0,1.0,1.0
2979,mul8_443,0.8837000131607056,vgg16,mnist,vgg16mnist,2,NO,NO,0.47143253671102364,0.0978571701525998,0.30339360886560734,0.30326295585412666,0.09295085893477459,0.022821595506145802,0.014066651097535923,0.022821595506145802,0.014066651097535923,0.3002916760300761,0.06941682640344433,0.9689282390768271,0.4043026706231454,0.14285714285714285
2980,ReFAM_new1_sta4_j3_k3,0.1000000014901161,resnet34,cifar,resnet34cifar,2,NO,YES,1.0,1.0,1.0,1.0,1.0,1.0,1.0,1.0,1.0,1.0,1.0,1.0,1.0,1.0
2981,ReFAM_sta4_j6_k2_const1,0.0979999974370002,vgg16,mnist,vgg16mnist,2,NO,YES,0.4437012110221399,0.09734287825134384,0.32404384750006265,0.32413627639155473,0.06747349463144027,1.0,1.0,1.0,1.0,0.29327515608614185,1.0,0.8929277585122045,0.18991097922848665,1.0
2982,ReFAM_sta3_j7_k1_const0,0.100100003182888,resnet34,cifar,resnet34cifar,2,YES,NO,1.0,0.15305975817134995,0.7328966045668722,0.7329654510556622,0.2014036067255434,0.0486560174319336,0.029007748861726804,0.0486560174319336,0.029007748861726804,0.6141109877761228,0.1040229782101121,0.9538902317095272,0.42729970326409494,0.14285714285714285
2983,mul8_006,0.9682999849319458,resnet18,mnist,resnet18mnist,0,NO,NO,0.00032497647291660636,0.0034646753496548033,0.0009801166045969815,0.0009596928982725527,0.004557845545997958,0.0001273788681167983,0.00043195558232353475,0.0001273788681167983,0.00043195558232353475,0.04464395758544091,0.0117093029505025,0.00026369965525597193,0.7596439169139466,0.2851572857142857
2984,mul8_033,0.0100999996066093,resnet34,cifar100,resnet34cifar100,2,NO,NO,0.9366905204366317,0.23620721155070948,0.5079001623209621,0.5079174664107485,0.29920776852986847,0.027831830985406533,0.012742689678544276,0.027831830985406533,0.012742689678544276,0.519268128351356,0.06761717513719448,0.975950387811578,0.6060830860534124,0.14285714285714285
2985,mul8_481,0.1000000014901161,vgg16,cifar,vgg16cifar,2,NO,NO,0.8095705602471682,0.14034222202124677,0.4428807303861777,0.44289827255278313,0.1717567843235679,0.028117304193384606,0.014637324122963355,0.028117304193384606,0.014637324122963355,0.42503006101418084,0.07200172575434574,0.9768209021175388,0.5348664688427299,0.14285714285714285
2986,ReFAM_new_sta1_j5_k3,0.1163000017404556,resnet18,mnist,resnet18mnist,2,NO,NO,0.17505399341107863,0.05775912032201361,0.1215344589700257,0.12164107485604606,0.0685047800220817,0.00435346642166561,0.0007111463855326486,0.00435346642166561,0.0007111463855326486,0.19467378708879565,0.015442217086759464,0.3281136413155253,0.26112759643916916,0.05793285714285714
2987,mul8_489,0.1037999987602233,resnet34,cifar,resnet34cifar,2,NO,NO,0.4965369709770393,0.1689863496802792,0.3529820591486617,0.35292706333973134,0.1549503179605265,0.02416946267799164,0.015975332877965525,0.02416946267799164,0.015975332877965525,0.3671471815411856,0.07394693156100153,0.9830662059219408,0.46958456973293766,0.7142857142857143
2988,ReFAM_new2_sta3_j2_k3,0.1018999963998794,resnet34,mnist,resnet34mnist,2,NO,NO,0.1542554991444158,0.004852336127174993,0.08256041045781631,0.08253358925143954,0.0062914483868241056,0.011926636999134545,0.01457059927691338,0.011926636999134545,0.01457059927691338,0.08011803189329413,0.06870472880576604,0.8431516486828253,0.04451038575667656,0.2857142857142857
2989,mul8_321,0.0098999999463558,resnet34,cifar100,resnet34cifar100,2,NO,NO,0.3000074507139295,1.0,1.0,1.0,1.0,0.074516637848327,0.0382017302806131,0.074516637848327,0.0382017302806131,1.0,0.12614428261765287,1.0,1.0,0.42857142857142855
2990,mul8_158,0.1026000007987022,resnet34,cifar,resnet34cifar,2,NO,NO,0.7634780603720805,0.5476975884008866,0.6603589689010229,0.6602687140115163,0.38711718625809977,0.04435675478393472,0.031427402489539125,0.04435675478393472,0.031427402489539125,0.6355544584398194,0.10637424386282343,1.0,0.8976261127596439,0.2857142857142857
2991,ReFAM_new1_sta4_j3_k3,0.1000000014901161,vgg16,cifar,vgg16cifar,2,NO,YES,1.0,1.0,1.0,1.0,1.0,1.0,1.0,1.0,1.0,1.0,1.0,1.0,1.0,1.0
2992,ReFAM_new2_sta1_j2_k6,0.1010999977588653,resnet34,cifar,resnet34cifar,2,NO,NO,0.3327759082666049,0.289532010292207,0.3420751075613632,0.34213051823416507,0.2755430754995625,0.02005539625668739,0.02979264376131469,0.02005539625668739,0.02979264376131469,0.4282953368056718,0.09862999587968686,0.5901068849027367,0.3768545994065282,0.2857142857142857
2993,ReFAM_sta2_j1_k6_const0,0.1134999990463256,resnet34,mnist,resnet34mnist,2,YES,NO,0.8406058099442885,0.05441224237637887,0.4473944030395633,0.44745681381957775,0.07159832209037457,0.03485573665638601,0.02259865180692639,0.03485573665638601,0.02259865180692639,0.37286282584417896,0.08944289186268012,0.9823514678602046,0.23071216617210683,0.14285714285714285
2994,ReFAM_new2_sta3_j2_k6,0.4957999885082245,vgg16,mnist,vgg16mnist,2,NO,NO,0.9012680848887216,0.31426897307212187,0.5264343195202343,0.5263915547024953,0.35562120475319103,0.07091660388062883,0.1489228327155432,0.07091660388062883,0.1489228327155432,0.5519232385949165,0.22513853806512485,0.9618134391118514,0.3768545994065282,0.2857142857142857
2995,ReFAM_sta3_j6_k3_const0,0.1000000014901161,vgg16,cifar,vgg16cifar,2,YES,NO,1.0,0.7691692653300385,1.0,1.0,1.0,0.10875083790000126,0.07892144554111216,0.10875083790000126,0.07892144554111216,1.0,0.18197975075091213,1.0,1.0,0.14285714285714285
2996,mul8_081,0.1307999938726425,vgg16,mnist,vgg16mnist,2,NO,NO,0.03396004488620107,1.0,1.0,1.0,1.0,0.08111414049979493,0.0463913271747471,0.08111414049979493,0.0463913271747471,1.0,0.13860897631118516,1.0,1.0,0.42857142857142855
2997,ReFAM_sta3_j5_k3_const0,0.101000003516674,vgg16,mnist,vgg16mnist,2,YES,NO,1.0,0.18006267036914375,0.8781844777188953,0.8781190019193859,0.23693537532170483,0.06253579707552573,0.04616130204757481,0.06253579707552573,0.04616130204757481,0.7201674709659099,0.13159399389715937,0.9945315411259467,0.49851632047477745,0.14285714285714285
2998,mul8_062,0.1089000031352043,vgg16,cifar,vgg16cifar,2,NO,NO,0.45686276164167816,0.0832475861462818,0.27717301288032437,0.2771113243761996,0.08775079708724662,0.019383269463220026,0.009813820120350552,0.019383269463220026,0.009813820120350552,0.28232772442989046,0.05805760078345665,0.9677787529348041,0.39243323442136496,0.2857142857142857
2999,mul8_196,0.1160999983549118,resnet34,mnist,resnet34mnist,2,NO,NO,0.16140498154858116,0.01457550566835656,0.10613996256247915,0.10604606525911708,0.014395032763134821,0.009185732844053936,0.004423154926312943,0.009185732844053936,0.004423154926312943,0.11115864072207512,0.03822635447830267,0.9292816577035934,0.16765578635014836,0.2857142857142857
3000,ReFAM_new1_sta2_j3_k3,0.1000000014901161,resnet18,cifar,resnet18cifar,2,YES,YES,0.296378543299945,0.01788955621226403,0.15774111942219654,0.1576295585412668,0.023539963651554672,1.0,1.0,1.0,1.0,0.1538912405964478,1.0,0.8630370462380546,0.08902077151335312,1.0
3001,ReFAM_new1_sta2_j2_k7,0.1027999967336654,resnet18,mnist,resnet18mnist,2,NO,YES,1.0,1.0,1.0,1.0,1.0,1.0,1.0,1.0,1.0,1.0,1.0,0.9875246645720023,0.7566765578635015,1.0
3002,mul8_297,0.1134999990463256,resnet34,mnist,resnet34mnist,2,NO,NO,0.5544640290076323,0.19935201804957584,0.40804188653626305,0.4081094049904031,0.16455331509154572,0.03136501363224908,0.021945450682437143,0.03136501363224908,0.021945450682437143,0.4019285316050743,0.08737974955661848,0.982506225959042,0.5437685459940653,0.14285714285714285
3003,mul8_102,0.0105999996885657,resnet34,cifar100,resnet34cifar100,2,NO,NO,0.6997826716804256,0.5100153073523043,0.6525385294952943,0.652591170825336,0.3176708655326256,0.04887012233791716,0.04090057471163453,0.04887012233791716,0.04090057471163453,0.6066659379771493,0.12086475818539022,1.0,0.7129080118694362,0.42857142857142855
3004,mul8_160,0.3540999889373779,vgg16,cifar,vgg16cifar,2,NO,NO,0.30591118650549876,0.06765705009808168,0.21680350502759876,0.21689059500959693,0.06379536229376997,0.016201507948983406,0.010456485742831909,0.016201507948983406,0.010456485742831909,0.23062249310352867,0.059136197249541694,0.9520260075057678,0.3353115727002967,1.0
3005,ReFAM_sta2_j3_k6_const1,0.1000000014901161,vgg16,cifar,vgg16cifar,2,NO,YES,0.4177030931888114,0.9776951761648791,0.8418021545422255,0.8416506717850288,0.4749633990781219,1.0,1.0,1.0,1.0,0.7674776374279731,1.0,1.0,0.7062314540059347,1.0
3006,ReFAM_new1_sta2_j4_k2,0.1000000014901161,resnet18,cifar,resnet18cifar,2,YES,YES,0.2651808018999508,0.017029749318523427,0.14113679106196533,0.14107485604606526,0.022408587177713764,1.0,1.0,1.0,1.0,0.1432376659497821,1.0,0.7188666412809084,0.0830860534124629,1.0
3007,mul8_298,0.1000000014901161,vgg16,cifar,vgg16cifar,2,NO,NO,1.0,1.0,1.0,1.0,1.0,0.09031794126840442,0.05873015594298889,0.09031794126840442,0.05873015594298889,1.0,0.1555769035548151,1.0,1.0,1.0
3008,ReFAM_sta3_j2_k8_const0,0.1000000014901161,vgg16,cifar,vgg16cifar,2,YES,NO,1.0,1.0,1.0,1.0,1.0,0.19106288179783074,0.1469562056740702,0.19106288179783074,0.1469562056740702,1.0,0.26749192358909135,1.0,1.0,0.14285714285714285
3009,mul8_111,0.9886000156402588,vgg16,mnist,vgg16mnist,0,NO,NO,0.060838306467074804,0.0046889372404656975,0.05735709156400051,0.05734165067178503,0.003410621990835325,0.005756440763405948,0.0028656565461463767,0.005756440763405948,0.0028656565461463767,0.05711042780009177,0.030531371108841954,0.8991425179549939,0.07270029673590504,0.7142857142857143
3010,ReFAM_sta4_j1_k6_const1,0.1008000001311302,resnet18,mnist,resnet18mnist,2,NO,YES,0.3275762846999392,0.02361841770055792,0.19570622621577557,0.19577735124760076,0.021347110477892204,1.0,1.0,1.0,1.0,0.17304826946719992,1.0,1.0,0.09421364985163205,1.0
3011,ReFAM_sta3_j1_k7_const0,0.1002999991178512,resnet34,cifar,resnet34cifar,2,YES,NO,1.0,0.18642205691284744,0.9077032836926398,0.9076295585412668,0.2453033709448911,0.066445695949352,0.053483475943059126,0.066445695949352,0.053483475943059126,0.7420724798800039,0.14136854111057368,0.9982599895334655,0.5111275964391692,0.14285714285714285
3012,ReFAM_sta4_j2_k7_const1,0.1009000018239021,resnet34,mnist,resnet34mnist,2,NO,YES,0.8819861474956696,0.43703684620283795,0.6769581167108056,0.676823416506718,0.28217792564295735,1.0,1.0,1.0,1.0,0.6082761624307458,1.0,1.0,0.4762611275964392,1.0
3013,ReFAM_sta4_j6_k2_const1,0.1009000018239021,resnet34,mnist,resnet34mnist,2,NO,YES,0.4437012110221399,0.09734287825134384,0.32404384750006265,0.32413627639155473,0.06747349463144027,1.0,1.0,1.0,1.0,0.29327515608614185,1.0,0.8929277585122045,0.18991097922848665,1.0
3014,ReFAM_new_sta1_j5_k4,0.0097000002861022,resnet34,cifar100,resnet34cifar100,2,NO,NO,0.3691732732332648,0.25017753420120753,0.2666493703682964,0.2665547024952015,0.2891912149481882,0.006723074727129168,0.0012010472288995844,0.006723074727129168,0.0012010472288995844,0.40582400679913394,0.020294781533831355,0.38926141697329814,0.5459940652818991,0.05960485714285714
3015,mul8_374,0.1129999980330467,resnet34,mnist,resnet34mnist,2,NO,NO,0.6681516283165426,0.3820263339744733,0.5545015308305185,0.5544625719769675,0.2798467936756095,0.03879093062459008,0.028593352449416423,0.03879093062459008,0.028593352449416423,0.536489464143296,0.1004983190316667,0.9939715611630479,0.841246290801187,0.15178571428571427
3016,mul8_151,0.1063999980688095,resnet34,cifar,resnet34cifar,2,NO,NO,1.0,1.0,1.0,1.0,1.0,0.08872073673769168,0.05409102322551418,0.08872073673769168,0.05409102322551418,1.0,0.1501242065411464,1.0,1.0,0.8660714285714286
3017,ReFAM_new1_sta3_j2_k6,0.1000000014901161,resnet34,cifar,resnet34cifar,2,NO,YES,0.9497979048442682,0.2674317886530966,0.547771674781042,0.5477447216890595,0.29709987609765076,1.0,1.0,1.0,1.0,0.5397880352655156,1.0,0.9983842032706902,0.3768545994065282,1.0
3018,ReFAM_sta3_j5_k1_const1,0.1014999970793724,resnet34,mnist,resnet34mnist,2,NO,YES,0.05979567101665557,0.00817274316612743,0.07835167444984105,0.07845489443378119,0.004443398435102478,1.0,1.0,1.0,1.0,0.0724327089117083,1.0,0.7745459580646278,0.05934718100890208,1.0
3019,ReFAM_new1_sta2_j6_k3,0.1027999967336654,resnet18,mnist,resnet18mnist,2,NO,YES,1.0,1.0,0.9365446552083911,0.9364203454894434,1.0,1.0,1.0,1.0,1.0,0.988295413574418,1.0,0.7355825522461306,0.712166172106825,1.0
3020,mul8_065,0.7031999826431274,vgg16,cifar,vgg16cifar,0,NO,NO,0.1230712975641892,0.6600085825924134,0.5952444974805552,0.5952495201535509,0.43756308255298615,0.029050512496680014,0.01221240274414709,0.029050512496680014,0.01221240274414709,0.6180464390225563,0.06671697628729928,0.9749566779137794,0.787833827893175,0.14285714285714285
3021,mul8_327,0.1000000014901161,vgg16,cifar,vgg16cifar,2,NO,NO,1.0,1.0,1.0,1.0,1.0,0.09031794126840442,0.05873015594298889,0.09031794126840442,0.05873015594298889,1.0,0.1555769035548151,1.0,1.0,1.0
3022,mul8_435,0.1009000018239021,resnet34,cifar,resnet34cifar,2,NO,NO,1.0,0.8369445621481161,1.0,1.0,0.9509719710171097,0.05502044385663463,0.038358006893730145,0.05502044385663463,0.038358006893730145,1.0,0.11932262649062778,1.0,1.0,0.14285714285714285
3023,ReFAM_new_sta3_j2_k1,0.9918000102043152,resnet34,mnist,resnet34mnist,0,YES,NO,0.000866603927777617,6.1699105800830506e-06,0.000461231343339756,0.0004798464491362764,8.118673770617628e-06,4.8783396300050404e-05,7.023668005260727e-06,4.8783396300050404e-05,7.023668005260727e-06,0.001914094424837901,0.0015249637233299296,0.03181704334652171,0.002967359050445104,0.063492
3024,mul8_283,0.1134999990463256,resnet18,mnist,resnet18mnist,2,NO,NO,0.655477545872795,0.11314438932056149,0.38101379992371753,0.3809980806142035,0.1199930846468494,0.027867966834517685,0.017148285434844066,0.027867966834517685,0.017148285434844066,0.36136981365028376,0.07727378585120295,0.9824909537782357,0.43991097922848665,0.14285714285714285
3025,mul8_298,0.101000003516674,vgg16,mnist,vgg16mnist,2,NO,NO,1.0,1.0,1.0,1.0,1.0,0.09031794126840442,0.05873015594298889,0.09031794126840442,0.05873015594298889,1.0,0.1555769035548151,1.0,1.0,1.0
3026,ReFAM_new2_sta4_j1_k2,0.1000000014901161,resnet18,cifar,resnet18cifar,2,NO,NO,1.0,1.0,1.0,1.0,1.0,1.0,1.0,1.0,1.0,1.0,1.0,1.0,1.0,0.2857142857142857
3027,ReFAM_new2_sta1_j2_k3,0.6880000233650208,resnet18,mnist,resnet18mnist,2,NO,NO,0.041596988533325614,0.004203500369398518,0.04070366604973347,0.0407869481765835,0.004094937917191732,0.004505236987932433,0.004129916787093308,0.004505236987932433,0.004129916787093308,0.051786761575647544,0.03639236726918782,0.5011189417804105,0.04451038575667656,0.2857142857142857
3028,mul8_356,0.1234999969601631,vgg16,mnist,vgg16mnist,2,NO,NO,0.5209643657248552,0.5224626865844648,0.617017860264998,0.6170825335892515,0.3134421630976848,0.04430616459517911,0.03182775156583899,0.04430616459517911,0.03182775156583899,0.5847433312626434,0.1069549691573661,1.0,0.8100890207715133,0.2857142857142857
3029,mul8_013,0.101000003516674,vgg16,mnist,vgg16mnist,2,NO,NO,1.0,1.0,0.8185640206373057,0.8186180422264876,1.0,0.035075261939736244,0.01928172459144201,0.035075261939736244,0.01928172459144201,1.0,0.08341693388987419,0.8912651270950886,1.0,0.2857142857142857
3030,ReFAM_sta3_j7_k3_const0,0.099200002849102,resnet34,cifar,resnet34cifar,2,YES,NO,1.0,1.0,1.0,1.0,1.0,0.17343310441272922,0.11803274082840653,0.17343310441272922,0.11803274082840653,1.0,0.24080617808112836,1.0,1.0,0.14285714285714285
3031,mul8_309,0.1134999990463256,resnet34,mnist,resnet34mnist,2,NO,NO,0.5263738738299972,0.1881075646574784,0.3940497769426186,0.3939539347408829,0.15298606461611594,0.029556414384236097,0.020035012985006224,0.029556414384236097,0.020035012985006224,0.387878243111726,0.08338931584887407,0.9824288469096233,0.5445103857566765,0.14285714285714285
3032,ReFAM_new_sta2_j1_k1,0.9890999794006348,vgg16,mnist,vgg16mnist,0,NO,NO,0.0,0.0,0.0,0.0,0.0,0.0,0.0,0.0,0.0,0.0,0.0,0.0,0.0,0.0
3033,ReFAM_new1_sta3_j2_k1,0.6909999847412109,vgg16,cifar,vgg16cifar,0,YES,YES,0.046796612099991315,0.00026033042060479456,0.02490649254034682,0.02495201535508637,0.00034255565457960827,1.0,1.0,1.0,1.0,0.0219912627692432,1.0,0.8272431270095645,0.008902077151335312,1.0
3034,ReFAM_new_sta1_j4_k3,0.5450000166893005,resnet18,mnist,resnet18mnist,2,NO,NO,0.08752699670553932,0.014439780080503402,0.06076722948501285,0.06070057581573897,0.017126194997139858,0.0028664762307418507,0.0004003490762998615,0.0028664762307418507,0.0004003490762998615,0.09733689354439783,0.011509258761636899,0.3281136413155253,0.13056379821958458,0.05793285714285714
3035,ReFAM_sta3_j5_k2_const1,0.1000000014901161,resnet34,cifar,resnet34cifar,2,NO,YES,0.08146076921109599,0.03859498000152854,0.1680899995333077,0.16818618042226488,0.018316070741398714,1.0,1.0,1.0,1.0,0.15235994502524028,1.0,0.8970919731453972,0.13056379821958458,1.0
3036,mul8_173,0.1114000007510185,resnet18,mnist,resnet18mnist,2,NO,NO,0.9940217848004619,0.39382555384301837,0.5879504890808609,0.5878119001919386,0.4372159776419858,0.03490361665645828,0.021383557242016283,0.03490361665645828,0.021383557242016283,0.6141538196475145,0.08727524886094241,0.9887515297634442,0.7640949554896143,0.19642857142857142
3037,ReFAM_new_sta1_j5_k2,0.6144999861717224,resnet18,mnist,resnet18mnist,2,NO,NO,0.07799435349998553,0.01341856036481288,0.056731455230789984,0.05662188099808062,0.01581596218326997,0.0025367366076026214,0.00033538014725119976,0.0025367366076026214,0.00033538014725119976,0.09298635509433949,0.010515009285633245,0.2863533901186954,0.11869436201780416,0.05442171428571429
3038,mul8_292,0.1134999990463256,resnet18,mnist,resnet18mnist,2,NO,NO,1.0,0.26155904325784013,0.6023666695309748,0.6024472168905951,0.2806506629920133,0.03665710873457677,0.02460390902242833,0.03665710873457677,0.02460390902242833,0.5638919598567996,0.09340272179526223,0.9941273374072724,0.766320474777448,0.14285714285714285
3039,mul8_065,0.0938000008463859,resnet18,mnist,resnet18mnist,2,NO,NO,0.1230712975641892,0.6600085825924134,0.5952444974805552,0.5952495201535509,0.43756308255298615,0.029050512496680014,0.01221240274414709,0.029050512496680014,0.01221240274414709,0.6180464390225563,0.06671697628729928,0.9749566779137794,0.787833827893175,0.14285714285714285
3040,ReFAM_sta3_j2_k2_const0,0.4415000081062317,resnet18,cifar,resnet18cifar,2,YES,NO,0.05372944352221225,0.00041318497949201336,0.028596343287064868,0.028550863723608447,0.0005436892499291031,0.0037499977415094304,0.0016663652342481076,0.0037499977415094304,0.0016663652342481076,0.0260344907305515,0.023204379474869075,0.8192893752456275,0.017804154302670624,0.14285714285714285
3041,mul8_176,0.0109999999403953,resnet34,cifar100,resnet34cifar100,2,NO,NO,0.9641239492921341,0.25038409539398265,0.5654502589079713,0.5654990403071017,0.260001467200187,0.03418632005160199,0.022756684337044756,0.03418632005160199,0.022756684337044756,0.5345507176390317,0.08954589969127509,0.9929462887582495,0.6461424332344213,0.14285714285714285
3042,ReFAM_sta1_j3_k2_const0,0.1305000036954879,resnet34,mnist,resnet34mnist,2,YES,NO,0.14558945986663965,0.004088859450233103,0.077486865681079,0.07749520153550864,0.005380323675598985,0.007375326803585398,0.0030149094912581675,0.007375326803585398,0.0030149094912581675,0.07472324088715121,0.03152487415130507,0.8192893752456275,0.06231454005934718,0.14285714285714285
3043,mul8_356,0.0097000002861022,resnet34,cifar100,resnet34cifar100,2,NO,NO,0.5209643657248552,0.5224626865844648,0.617017860264998,0.6170825335892515,0.3134421630976848,0.04430616459517911,0.03182775156583899,0.04430616459517911,0.03182775156583899,0.5847433312626434,0.1069549691573661,1.0,0.8100890207715133,0.2857142857142857
3044,ReFAM_new1_sta1_j2_k6,0.1009000018239021,resnet34,mnist,resnet34mnist,2,NO,YES,1.0,0.5136040557409625,0.8195648557538455,0.8195777351247602,0.5671245032968297,1.0,1.0,1.0,1.0,0.7806593617270481,1.0,0.9207058191081454,0.3768545994065282,1.0
3045,ReFAM_new2_sta1_j3_k6,0.5645999908447266,vgg16,mnist,vgg16mnist,2,NO,NO,0.6603521929665441,0.9961714709703717,0.6797829336078661,0.6797024952015356,0.8939908003577567,0.0333967517485234,0.04080575519356351,0.0333967517485234,0.04080575519356351,0.7997064781092714,0.11708705803670065,0.6534925441213304,0.7537091988130564,0.2857142857142857
3046,mul8_053,0.099600002169609,resnet34,cifar,resnet34cifar,2,NO,NO,0.2243420918034306,1.0,1.0,1.0,1.0,0.05733223480352036,0.033323792850959516,0.05733223480352036,0.033323792850959516,1.0,0.11321456082836209,0.9860025372183047,0.9324925816023739,1.0
3047,ReFAM_new1_sta3_j7_k1,0.1000000014901161,vgg16,cifar,vgg16cifar,2,NO,YES,0.6230882240721066,0.22335215620462132,0.3772295849340029,0.3771593090211133,0.2541009974480674,1.0,1.0,1.0,1.0,0.4332114925444351,1.0,0.4890009753832808,0.28486646884273,1.0
3048,mul8_191,0.1134999990463256,resnet34,mnist,resnet34mnist,2,NO,NO,1.0,0.9725755884773138,0.9154185475926839,0.9153071017274472,0.8526660784924649,0.05141589290779757,0.038888293828127335,0.05141589290779757,0.038888293828127335,0.907614539003313,0.11892925601476147,1.0,1.0,0.18080357142857142
3049,ReFAM_new_sta3_j2_k1,0.9914000034332277,resnet18,mnist,resnet18mnist,0,YES,NO,0.000866603927777617,6.1699105800830506e-06,0.000461231343339756,0.0004798464491362764,8.118673770617628e-06,4.8783396300050404e-05,7.023668005260727e-06,4.8783396300050404e-05,7.023668005260727e-06,0.001914094424837901,0.0015249637233299296,0.03181704334652171,0.002967359050445104,0.063492
3050,ReFAM_new1_sta1_j4_k3,0.1000000014901161,resnet18,cifar,resnet18cifar,2,NO,YES,0.6759510636665412,0.12133785952666039,0.38697309706205524,0.38699616122840697,0.13464610934407514,1.0,1.0,1.0,1.0,0.37343965797477074,1.0,0.7894607698400902,0.17804154302670624,1.0
3051,mul8_081,0.0105999996885657,resnet34,cifar100,resnet34cifar100,2,NO,NO,0.03396004488620107,1.0,1.0,1.0,1.0,0.08111414049979493,0.0463913271747471,0.08111414049979493,0.0463913271747471,1.0,0.13860897631118516,1.0,1.0,0.42857142857142855
3052,mul8_263,0.9192000031471252,resnet34,cifar,resnet34cifar,0,NO,NO,0.006932831422220936,0.0001910681986090235,0.007379701493436096,0.007437619961612285,0.0002011335953494948,0.0007940852842174871,0.00016505619812362708,0.0007940852842174871,0.00016505619812362708,0.010827749830438113,0.0072575733147023525,0.2545363467721737,0.005934718100890208,0.14285714285714285
3053,ReFAM_sta3_j4_k6_const0,0.0993999987840652,resnet34,cifar,resnet34cifar,2,YES,NO,1.0,1.0,1.0,1.0,1.0,0.189584022172957,0.14382716157772654,0.189584022172957,0.14382716157772654,1.0,0.26490553137110884,1.0,1.0,0.14285714285714285
3054,ReFAM_sta3_j3_k4_const1,0.1000000014901161,resnet18,cifar,resnet18cifar,2,NO,YES,0.11612492632220067,0.041059759763584947,0.17843527097038855,0.17850287907869483,0.019534518853767592,1.0,1.0,1.0,1.0,0.16023606378658825,1.0,0.9908030927184278,0.13353115727002968,1.0
3055,mul8_314,0.9918000102043152,resnet34,mnist,resnet34mnist,0,NO,NO,0.0,0.0,0.0,0.0,0.0,0.0,0.0,0.0,0.0,0.0,0.0,0.0,0.0,0.0
3056,ReFAM_new2_sta1_j5_k2,0.0891000032424926,resnet34,mnist,resnet34mnist,2,NO,NO,0.14558945986663965,0.06408427381346649,0.15312880598879897,0.15307101727447217,0.06285005826348067,0.010522759261166428,0.011906873185918248,0.010522759261166428,0.011906873185918248,0.20024019792975098,0.06207789183282277,0.4295300851780431,0.1661721068249258,0.2857142857142857
3057,ReFAM_sta2_j5_k2_const0,0.1134999990463256,resnet34,mnist,resnet34mnist,2,YES,NO,0.7834099507109658,0.05048021807250401,0.4169531343791394,0.4169865642994242,0.06642436986417065,0.03097113287693756,0.017044686331766472,0.03097113287693756,0.017044686331766472,0.35014840202619785,0.07786869338301594,0.9666913736613933,0.21364985163204747,0.14285714285714285
3058,ReFAM_new1_sta4_j4_k4,0.1009000018239021,resnet34,mnist,resnet34mnist,2,NO,YES,1.0,1.0,1.0,1.0,1.0,1.0,1.0,1.0,1.0,1.0,1.0,1.0,1.0,1.0
3059,ReFAM_sta1_j7_k3_const1,0.1000000014901161,resnet34,cifar,resnet34cifar,2,NO,YES,1.0,1.0,1.0,1.0,1.0,1.0,1.0,1.0,1.0,1.0,1.0,0.9731545605786324,1.0,1.0
3060,ReFAM_sta1_j6_k1_const0,0.1030000001192092,resnet18,cifar,resnet18cifar,2,YES,NO,0.49916386239990734,0.052989580414235855,0.26566925376369943,0.265595009596929,0.06972631305449152,0.015888029457944194,0.006914801151179185,0.015888029457944194,0.006914801151179185,0.26166439855535184,0.048648059571368,0.7477005186432601,0.21364985163204747,0.14285714285714285
3061,ReFAM_new2_sta1_j6_k2,0.9883000254631042,vgg16,mnist,vgg16mnist,0,NO,NO,0.2911789197332793,0.25633709525386594,0.30625761197759793,0.30614203454894434,0.2514002330539227,0.015768781155877404,0.02073035611752704,0.015768781155877404,0.02073035611752704,0.40048039585950196,0.08214202540262626,0.4295300851780431,0.3323442136498516,0.2857142857142857
3062,ReFAM_new2_sta3_j1_k2,0.988099992275238,vgg16,mnist,vgg16mnist,0,YES,NO,0.03639736496665991,0.000285806180419331,0.01937171642026975,0.019433781190019195,0.00037607792047119075,0.002989338117719755,0.0024284332128188964,0.002989338117719755,0.0024284332128188964,0.019140938834504094,0.027867349802642973,0.6999749536234776,0.010385756676557863,0.2857142857142857
3063,ReFAM_sta1_j4_k2_const1,0.1009000018239021,resnet34,mnist,resnet34mnist,2,NO,YES,0.09705963991109309,0.01635543780093241,0.11807522389497753,0.11804222648752401,0.0076430766232808015,1.0,1.0,1.0,1.0,0.104137962922206,1.0,0.9107626112578372,0.0830860534124629,1.0
3064,ReFAM_sta4_j4_k2_const0,0.1023999974131584,resnet18,cifar,resnet18cifar,2,YES,NO,0.22878343693329087,0.005311695921330854,0.12176507464169557,0.12164107485604606,0.006989392438394943,0.01352745511475842,0.007998201940990653,0.01352745511475842,0.007998201940990653,0.1050487066159438,0.05160169709129778,0.9236889850923152,0.0712166172106825,0.14285714285714285
3065,ReFAM_new1_sta1_j5_k1,0.1000000014901161,resnet34,cifar,resnet34cifar,2,NO,YES,0.2703804254666165,0.023424961149466284,0.154973731362158,0.15499040307101727,0.026750768181482806,1.0,1.0,1.0,1.0,0.15690900214762732,1.0,0.6124785934932364,0.0712166172106825,1.0
3066,ReFAM_new2_sta4_j7_k2,0.1000000014901161,resnet18,cifar,resnet18cifar,2,NO,NO,1.0,1.0,1.0,1.0,1.0,1.0,1.0,1.0,1.0,1.0,1.0,1.0,1.0,0.2857142857142857
3067,ReFAM_sta2_j4_k3_const0,0.1000000014901161,vgg16,cifar,vgg16cifar,2,YES,NO,0.8215405235331809,0.05313925050314626,0.43724731348608864,0.4371401151631478,0.06992325636660457,0.0333118325031122,0.019973555889960193,0.0333118325031122,0.019973555889960193,0.3653262571967011,0.08423427861676908,0.9781251463583994,0.22551928783382788,0.14285714285714285
3068,ReFAM_new1_sta2_j5_k3,0.1000000014901161,resnet18,cifar,resnet18cifar,2,NO,YES,0.6100891651554423,0.32710875601864825,0.4742034748711866,0.4740882917466411,0.283392779581783,1.0,1.0,1.0,1.0,0.49488858068120073,1.0,0.7560279297642587,0.3560830860534125,1.0
3069,mul8_450,0.5098000168800354,vgg16,cifar,vgg16cifar,2,NO,NO,0.07409463582498625,0.005389989096374799,0.06418637802154867,0.06429942418426104,0.003935006086298992,0.00661015019865683,0.005093915220815343,0.00661015019865683,0.005093915220815343,0.06275012355883698,0.04057164866268967,0.8982720036490331,0.07270029673590504,1.0
3070,mul8_014,0.1134999990463256,resnet18,mnist,resnet18mnist,2,NO,NO,1.0,0.2805346180291952,0.6076711694456507,0.6077255278310941,0.2918012078345574,0.03565704911042573,0.023970022984953546,0.03565704911042573,0.023970022984953546,0.571229668757829,0.09205316995395998,0.9961157753482566,0.6364985163204748,0.14285714285714285
3071,mul8_137,0.7943000197410583,vgg16,mnist,vgg16mnist,2,NO,NO,0.5234287723776806,0.08513202812523883,0.2974077374221918,0.29750479846449135,0.09867300960822062,0.019893688331915,0.009775189946321617,0.019893688331915,0.009775189946321617,0.30123270223315224,0.058070290153645884,0.9670640148730678,0.3961424332344214,0.17857142857142858
3072,mul8_347,0.1036999970674514,resnet34,cifar,resnet34cifar,2,NO,NO,1.0,1.0,1.0,1.0,1.0,0.09031794126840442,0.05873015594298889,0.09031794126840442,0.05873015594298889,1.0,0.1555769035548151,1.0,1.0,1.0
3073,ReFAM_new2_sta1_j4_k4,0.1006999984383583,resnet18,mnist,resnet18mnist,2,NO,NO,0.3223766611332735,0.28295607979007975,0.3350845709363327,0.33517274472168906,0.27034181916989514,0.01894692908520291,0.027153500508337973,0.01894692908520291,0.027153500508337973,0.422629142836154,0.09413198736437302,0.5428781748318533,0.36795252225519287,0.2857142857142857
3074,ReFAM_sta3_j7_k3_const0,0.1000000014901161,vgg16,cifar,vgg16cifar,2,YES,NO,1.0,1.0,1.0,1.0,1.0,0.17343310441272922,0.11803274082840653,0.17343310441272922,0.11803274082840653,1.0,0.24080617808112836,1.0,1.0,0.14285714285714285
3075,mul8_292,0.1134999990463256,resnet34,mnist,resnet34mnist,2,NO,NO,1.0,0.26155904325784013,0.6023666695309748,0.6024472168905951,0.2806506629920133,0.03665710873457677,0.02460390902242833,0.03665710873457677,0.02460390902242833,0.5638919598567996,0.09340272179526223,0.9941273374072724,0.766320474777448,0.14285714285714285
3076,ReFAM_sta2_j4_k2_const0,0.1001999974250793,resnet34,cifar,resnet34cifar,2,YES,NO,0.3223766611332735,0.009626652739917968,0.1715780597223892,0.17154510556621883,0.012667226223781722,0.015880802288121967,0.008131651633090606,0.015880802288121967,0.008131651633090606,0.1462247416579422,0.052464574264165814,0.9376080506792048,0.0830860534124629,0.14285714285714285
3077,ReFAM_new2_sta4_j1_k8,0.101000003516674,vgg16,mnist,vgg16mnist,2,NO,NO,1.0,1.0,1.0,1.0,1.0,1.0,1.0,1.0,1.0,1.0,1.0,1.0,1.0,0.2857142857142857
3078,ReFAM_sta2_j2_k5_const0,0.1134999990463256,resnet34,mnist,resnet34mnist,2,YES,NO,0.8388726020887332,0.05421878582528724,0.4464719403528838,0.4464971209213052,0.07134376238376038,0.034695835524069185,0.022275563078684397,0.034695835524069185,0.022275563078684397,0.37211776025753407,0.08882484489111027,0.9821030403857549,0.22997032640949555,0.14285714285714285
3079,ReFAM_new2_sta1_j2_k1,0.9884999990463256,vgg16,mnist,vgg16mnist,0,NO,NO,0.010399247133331404,0.0002006216085394747,0.008302164180115607,0.008397312859884836,0.00021684715748617405,0.001195193209351235,0.0007673357295747345,0.001195193209351235,0.0007673357295747345,0.011484563842089948,0.015635543373760174,0.33407895513847796,0.008902077151335312,0.2857142857142857
3080,mul8_130,0.2171999961137771,resnet18,cifar,resnet18cifar,2,NO,NO,0.06105495744901921,0.004830115927445036,0.05803992796348666,0.058061420345489445,0.003508595137275775,0.005801610574794883,0.002877947965155583,0.005801610574794883,0.002877947965155583,0.057851882332168134,0.030596310826869217,0.8947919827159639,0.07344213649851632,0.7142857142857143
3081,mul8_114,0.6783000230789185,resnet18,mnist,resnet18mnist,2,YES,NO,0.07821100448192993,0.002011577433571956,0.04162612873641298,0.04150671785028791,0.0026469331662967365,0.003847564534109531,0.0012168504819114211,0.003847564534109531,0.0012168504819114211,0.045713392780693626,0.01991036826045156,0.6920212018595407,0.04896142433234421,0.14285714285714285
3082,mul8_257,0.0093999998643994,resnet34,cifar100,resnet34cifar100,2,NO,NO,0.6547192674359896,0.49437179762056405,0.6166866887807786,0.6166026871401151,0.3318198439422539,0.041970885346371146,0.029360688178991155,0.041970885346371146,0.029360688178991155,0.5913874307511597,0.10256146133772832,1.0,0.81973293768546,0.42857142857142855
3083,mul8_480,0.7315999865531921,vgg16,mnist,vgg16mnist,2,NO,NO,0.4602750111408868,0.0316568626856546,0.24506878752596659,0.2449616122840691,0.04159697351760885,0.019488063425642358,0.009977120401472864,0.019488063425642358,0.009977120401472864,0.224740518321515,0.058521882445674564,0.9425796546043589,0.24629080118694363,0.14285714285714285
3084,mul8_289,0.989199995994568,vgg16,mnist,vgg16mnist,0,NO,NO,0.0,0.0,0.0,0.0,0.0,0.0,0.0,0.0,0.0,0.0,0.0,0.0,0.0,0.0
3085,ReFAM_new2_sta2_j6_k1,0.0842999964952468,resnet34,mnist,resnet34mnist,2,NO,NO,0.21838418979995947,0.061342445163427,0.16950251867736033,0.16938579654510558,0.06197841388131424,0.01755027851705702,0.02128346997294132,0.01755027851705702,0.02128346997294132,0.20629634248166215,0.08344977696565808,0.43251325116221295,0.142433234421365,0.2857142857142857
3086,mul8_116,0.7077000141143799,vgg16,cifar,vgg16cifar,0,NO,NO,0.011726232664533024,0.0041471562046213025,0.049867034014431565,0.04990403071017274,0.002443635373461281,0.005760054348317062,0.0032203517804120434,0.005760054348317062,0.0032203517804120434,0.04905740796895156,0.03231907943844312,0.7580163677052428,0.05341246290801187,0.2857142857142857
3087,mul8_393,0.1134999990463256,resnet18,mnist,resnet18mnist,2,NO,NO,0.6558456861541464,0.11306763880467735,0.38106041749805153,0.3809980806142035,0.12001670182065986,0.02786435324960657,0.01714652951784275,0.02786435324960657,0.01714652951784275,0.3614105530590208,0.07727229298412187,0.9764472427604772,0.43991097922848665,0.14285714285714285
3088,ReFAM_new2_sta3_j6_k2,0.0966000035405159,resnet18,cifar,resnet18cifar,2,NO,NO,0.7470125857443058,0.30379763967085316,0.44648635290990046,0.4464971209213052,0.34893418203014226,0.059041460466477666,0.11025227259557895,0.059041460466477666,0.11025227259557895,0.5097386771573992,0.19329568322554833,0.5712151972453058,0.3323442136498516,0.2857142857142857
3089,ReFAM_new_sta1_j1_k7,0.1136000007390976,resnet34,mnist,resnet34mnist,2,NO,NO,0.1902195621471869,0.060303462079331516,0.12811421189112557,0.1281190019193858,0.0717623343855607,0.004946094347088444,0.0008428401606312873,0.004946094347088444,0.0008428401606312873,0.20051446212601853,0.016849244310683555,0.40218779080777617,0.28041543026706234,0.06074242857142857
3090,ReFAM_new_sta2_j6_k3,0.0998999997973442,resnet34,cifar,resnet34cifar,2,NO,NO,0.5641591569832286,0.35722249732504524,0.4769096040291281,0.4769673704414588,0.30104151188247513,0.01488164606019871,0.0016136877242086522,0.01488164606019871,0.0016136877242086522,0.5039994797915871,0.025754196449364934,0.6913064637978045,0.49851632047477745,0.045714285714285714
3091,ReFAM_new1_sta3_j3_k6,0.0979999974370002,vgg16,mnist,vgg16mnist,2,NO,YES,1.0,1.0,0.972558535718449,0.9724088291746642,1.0,1.0,1.0,1.0,1.0,0.9922209005840702,1.0,0.974148270476431,0.7537091988130564,1.0
3092,ReFAM_sta3_j1_k1_const0,0.7077999711036682,vgg16,cifar,vgg16cifar,0,YES,NO,0.006932831422220936,1.592234988408529e-05,0.003689850746718048,0.003598848368522073,2.0951416182239038e-05,0.0005989516990172855,0.00019315087014467003,0.0005989516990172855,0.00019315087014467003,0.004060406186414293,0.007856213014218065,0.5090726935443474,0.002225519287833828,0.14285714285714285
3093,ReFAM_new1_sta1_j1_k5,0.1000000014901161,resnet18,cifar,resnet18cifar,2,NO,YES,0.3639736496665991,0.03147211678088299,0.20691991140579802,0.20681381957773515,0.03490076676641829,1.0,1.0,1.0,1.0,0.19570614806862896,1.0,0.9465575486317144,0.09347181008902077,1.0
3094,mul8_247,0.1134999990463256,resnet34,mnist,resnet34mnist,2,NO,NO,1.0,0.9170608331465112,0.9698419347640882,0.9697696737044146,0.9290451713424414,1.0,1.0,1.0,1.0,0.9551831882162659,1.0,1.0,1.0,1.0
3095,ReFAM_new_sta3_j4_k2,0.8806999921798706,resnet18,cifar,resnet18cifar,1,NO,NO,0.016032172663885912,0.002352079382467582,0.02629018657036609,0.026391554702495202,0.002333725869999151,0.0019106830217519744,0.00033538014725119976,0.0019106830217519744,0.00033538014725119976,0.03731255855562516,0.010435887330335656,0.32463362038245613,0.03560830860534125,0.063492
3096,ReFAM_sta3_j1_k7_const0,0.1000000014901161,resnet18,cifar,resnet18cifar,2,YES,NO,1.0,0.18642205691284744,0.9077032836926398,0.9076295585412668,0.2453033709448911,0.066445695949352,0.053483475943059126,0.066445695949352,0.053483475943059126,0.7420724798800039,0.14136854111057368,0.9982599895334655,0.5111275964391692,0.14285714285714285
3097,mul8_436,0.8666999936103821,vgg16,mnist,vgg16mnist,2,NO,NO,0.2038685740096844,1.0,1.0,1.0,1.0,0.0461825185602755,0.025599513962174036,0.0461825185602755,0.025599513962174036,1.0,0.09787087296895434,0.8998409656905367,1.0,0.14285714285714285
3098,mul8_241,0.1000000014901161,vgg16,cifar,vgg16cifar,2,NO,NO,1.0,1.0,1.0,1.0,1.0,0.07716991256931306,0.052038356250976726,0.07716991256931306,0.052038356250976726,1.0,0.14344810495452726,1.0,1.0,0.42857142857142855
3099,ReFAM_new2_sta4_j1_k5,0.1027999967336654,resnet18,mnist,resnet18mnist,2,NO,NO,1.0,1.0,1.0,1.0,1.0,1.0,1.0,1.0,1.0,1.0,1.0,1.0,1.0,0.2857142857142857
3100,ReFAM_new2_sta4_j4_k3,0.1027999967336654,resnet18,mnist,resnet18mnist,2,NO,NO,1.0,1.0,1.0,1.0,1.0,1.0,1.0,1.0,1.0,1.0,1.0,1.0,1.0,0.2857142857142857
3101,mul8_028,0.0086000002920627,resnet34,cifar100,resnet34cifar100,2,NO,NO,0.4913644270499088,0.08701942367462359,0.294738089818583,0.2946257197696737,0.09175562675145459,0.02048179927619894,0.011225577389407958,0.02048179927619894,0.011225577389407958,0.2947308306525336,0.062034598687471264,0.9640187420202855,0.4043026706231454,0.2857142857142857
3102,mul8_445,0.0996999964118003,resnet18,cifar,resnet18cifar,2,NO,NO,0.2614435759278255,1.0,1.0,1.0,1.0,0.08381529522085326,0.04867401927645684,0.08381529522085326,0.04867401927645684,1.0,0.14226873996046888,1.0,1.0,0.42857142857142855
3103,ReFAM_sta4_j1_k4_const1,0.2037000060081482,resnet18,cifar,resnet18cifar,2,NO,YES,0.10572567918886927,0.0013016521030239727,0.057653917917469495,0.05758157389635317,0.0015187157805100523,1.0,1.0,1.0,1.0,0.04952659873154156,1.0,1.0,0.022997032640949554,1.0
3104,mul8_400,0.9889000058174132,vgg16,mnist,vgg16mnist,0,YES,NO,0.001733207855555234,0.0008144281965709627,0.000922462686679512,0.0009596928982725527,0.001071664937721527,5.691396235005881e-05,3.1606506023673276e-05,5.691396235005881e-05,3.1606506023673276e-05,0.021655499660876227,0.0031544281423359186,0.0009947280431856548,0.18991097922848665,0.07128928571428571
3105,ReFAM_sta2_j1_k7_const1,0.1023999974131584,resnet18,mnist,resnet18mnist,2,NO,YES,0.18198682483329956,0.24609185922095125,0.42315588417989486,0.42322456813819576,0.1149312779262871,1.0,1.0,1.0,1.0,0.3829024995587083,1.0,1.0,0.3264094955489614,1.0
3106,ReFAM_sta4_j5_k2_const0,0.100100003182888,vgg16,cifar,vgg16cifar,2,YES,NO,0.5060966938221283,0.02278806715410287,0.2693591045104175,0.2694337811900192,0.029985666840020513,0.02595728381276571,0.01731509754996901,0.02595728381276571,0.01731509754996901,0.2283795490885905,0.077162567253662,0.9535165723524657,0.1543026706231454,0.14285714285714285
3107,mul8_097,0.1075000017881393,resnet18,mnist,resnet18mnist,2,NO,NO,0.2619310371707847,1.0,1.0,1.0,1.0,0.08522097975127695,0.050851356358087664,0.08522097975127695,0.050851356358087664,1.0,0.14523655971766897,1.0,1.0,0.42857142857142855
3108,ReFAM_new2_sta3_j3_k3,0.100100003182888,resnet34,mnist,resnet34mnist,2,NO,NO,0.2816462765277255,0.01950945628359616,0.15162980412294477,0.15163147792706333,0.02502946202851441,0.021455660409744393,0.031220204283383936,0.021455660409744393,0.031220204283383936,0.1526962278655991,0.10109770516472295,0.8018892705802818,0.08902077151335312,0.2857142857142857
3109,ReFAM_new1_sta2_j3_k1,0.97979998588562,vgg16,mnist,vgg16mnist,0,YES,YES,0.07799435349998553,0.0010882926145772299,0.04151082090057804,0.04150671785028791,0.0014320292960560382,1.0,1.0,1.0,1.0,0.03941360490903541,1.0,0.7317919969699993,0.017804154302670624,1.0
3110,mul8_275,0.1000000014901161,vgg16,cifar,vgg16cifar,2,NO,NO,0.7470125857443058,0.35312507961174944,0.5741478939114187,0.5741362763915547,0.253437377481466,0.04193926647839889,0.03214030479207309,0.04193926647839889,0.03214030479207309,0.5368512842316299,0.1067668679051492,0.9956810272679698,0.6461424332344213,0.14285714285714285
3111,ReFAM_new1_sta3_j3_k4,0.0986000001430511,resnet18,mnist,resnet18mnist,2,NO,YES,0.5546265137776748,0.06534532392428605,0.301753400101527,0.30182341650671785,0.08115986295589439,1.0,1.0,1.0,1.0,0.2906650917993278,1.0,0.9456870343257536,0.18397626112759644,1.0
3112,ReFAM_new_sta1_j2_k3,0.989300012588501,vgg16,mnist,vgg16mnist,0,NO,NO,0.020365192302773998,0.0008581649045932795,0.014471133397284843,0.014395393474088292,0.0010160413748830923,0.0010244513223010585,0.00010535502007891092,0.0010244513223010585,0.00010535502007891092,0.023598533954073433,0.0058654747615891276,0.2982850359099878,0.03115727002967359,0.05714285714285715
3113,ReFAM_new2_sta4_j3_k6,0.100100003182888,resnet34,cifar,resnet34cifar,2,NO,NO,1.0,1.0,1.0,1.0,1.0,1.0,1.0,1.0,1.0,1.0,1.0,1.0,1.0,0.2857142857142857
3114,mul8_125,0.8791000247001648,resnet34,cifar,resnet34cifar,1,NO,NO,0.024373235468745477,0.0007692454207321733,0.015076501380343645,0.015115163147792706,0.0009395472348066162,0.0014490475493570527,0.0003213328112406783,0.0014490475493570527,0.0003213328112406783,0.023088446780373865,0.010165678388658986,0.44245544086713406,0.026706231454005934,0.14285714285714285
3115,ReFAM_new1_sta4_j2_k3,0.1000000014901161,resnet18,cifar,resnet18cifar,2,NO,YES,1.0,1.0,1.0,1.0,1.0,1.0,1.0,1.0,1.0,1.0,1.0,1.0,1.0,1.0
3116,ReFAM_sta1_j5_k3_const0,0.1129999980330467,resnet34,mnist,resnet34mnist,2,YES,NO,1.0,0.2839018673731944,0.6641731344092486,0.6641074856046065,0.37357213109579496,0.03431008533480767,0.020960381244699327,0.03431008533480767,0.020960381244699327,0.6330299279627909,0.08633922120110113,0.8550832944741178,0.5341246290801187,0.14285714285714285
3117,ReFAM_sta3_j2_k7_const0,0.100500002503395,resnet34,cifar,resnet34cifar,2,YES,NO,1.0,0.7987605545308639,1.0,1.0,1.0,0.1171939790448211,0.09424708912859107,0.1171939790448211,0.09424708912859107,1.0,0.19819601941921497,1.0,1.0,0.14285714285714285
3118,ReFAM_sta1_j6_k4_const1,0.1009000018239021,resnet34,mnist,resnet34mnist,2,NO,YES,1.0,1.0,1.0,1.0,1.0,1.0,1.0,1.0,1.0,1.0,1.0,0.9975136889647295,1.0,1.0
3119,mul8_011,0.0991000011563301,resnet34,mnist,resnet34mnist,2,NO,NO,0.3157552663642016,1.0,1.0,1.0,1.0,0.0749918242641386,0.039046326358245696,0.0749918242641386,0.039046326358245696,1.0,0.12739306593098176,1.0,1.0,0.42857142857142855
3120,ReFAM_new_sta2_j2_k1,0.6995999813079834,resnet34,cifar100,resnet34cifar100,0,NO,NO,0.0,0.0,0.0,0.0,0.0,0.0,0.0,0.0,0.0,0.0,0.0,0.0,0.0,0.0
3121,ReFAM_new1_sta4_j1_k3,0.1000000014901161,vgg16,cifar,vgg16cifar,2,NO,YES,1.0,1.0,1.0,1.0,1.0,1.0,1.0,1.0,1.0,1.0,1.0,1.0,1.0,1.0
3122,ReFAM_sta3_j1_k4_const0,0.1167000010609626,resnet18,mnist,resnet18mnist,2,YES,NO,0.1386566284444187,0.0021431482943978803,0.07379701493436096,0.07389635316698658,0.0028200606181293746,0.008603042277136668,0.004760290990565458,0.008603042277136668,0.004760290990565458,0.06452796157980865,0.039506488000334405,0.9067857353758687,0.04821958456973294,0.14285714285714285
3123,ReFAM_new2_sta2_j4_k2,0.6590999960899353,vgg16,cifar,vgg16cifar,1,YES,NO,0.20625173481107284,0.014100036939851731,0.10977305971486191,0.1098848368522073,0.01855352660018178,0.01338200832208605,0.01572599266377877,0.01338200832208605,0.01572599266377877,0.12081556430784832,0.07150161528218174,0.6134723033910351,0.0830860534124629,0.2857142857142857
3124,ReFAM_sta3_j3_k1_const1,0.6450999975204468,resnet34,cifar,resnet34cifar,2,NO,YES,0.034664157111104675,0.000382136397218047,0.022139104480308286,0.022072936660268716,0.0003184615259700334,1.0,1.0,1.0,1.0,0.020075184159248867,1.0,0.7954260836630428,0.008902077151335312,1.0
3125,mul8_370,0.0099999997764825,resnet34,cifar100,resnet34cifar100,2,NO,NO,1.0,0.5429154598884162,0.8506797288071873,0.85052783109405,0.611419280304165,0.04777068912871047,0.03251958286435717,0.04777068912871047,0.03251958286435717,0.8104092513442293,0.10898078978640058,0.9942831136514969,1.0,0.14732142857142858
3126,ReFAM_sta3_j1_k2_const0,0.8804000020027161,resnet18,cifar,resnet18cifar,1,YES,NO,0.020798494266662807,8.598068937406058e-05,0.011069552240154143,0.011036468330134358,0.0001131376473840908,0.0016387607571905821,0.0006479333734853022,0.0016387607571905821,0.0006479333734853022,0.01074282508158053,0.014400195864161039,0.6999749536234776,0.0066765578635014835,0.14285714285714285
3127,ReFAM_new1_sta1_j5_k3,0.1000000014901161,resnet34,cifar,resnet34cifar,2,NO,YES,1.0,0.48535143810664155,0.7739461941241105,0.7739923224568139,0.5385844373763006,1.0,1.0,1.0,1.0,0.7468793159495415,1.0,0.7894607698400902,0.3560830860534125,1.0
3128,ReFAM_new2_sta3_j7_k2,0.4230000078678131,vgg16,mnist,vgg16mnist,2,NO,NO,1.0,1.0,0.8060738389611577,0.8061420345489444,1.0,0.09221055636560083,0.176933220720523,0.09221055636560083,0.176933220720523,0.9534877412506916,0.2488915461922932,0.5330439085379636,0.6646884272997032,0.2857142857142857
3129,ReFAM_new2_sta4_j2_k1,0.0091000003740191,resnet34,cifar100,resnet34cifar100,2,NO,NO,1.0,1.0,1.0,1.0,1.0,1.0,1.0,1.0,1.0,1.0,1.0,1.0,1.0,0.2857142857142857
3130,ReFAM_new1_sta1_j6_k3,0.0979999974370002,vgg16,mnist,vgg16mnist,2,NO,YES,1.0,1.0,1.0,1.0,1.0,1.0,1.0,1.0,1.0,1.0,1.0,0.802386125529181,0.712166172106825,1.0
3131,ReFAM_new_sta2_j1_k3,0.9886000156402588,resnet34,mnist,resnet34mnist,0,YES,NO,0.006066227494443318,7.94127200468754e-05,0.0032286194033782916,0.0031190019193857964,0.00010449518820891721,0.00023578641545024363,1.4047336010521454e-05,0.00023578641545024363,1.4047336010521454e-05,0.007161882485407868,0.0021303213247105333,0.11135965171282598,0.005934718100890208,0.031746
3132,ReFAM_new1_sta2_j2_k4,0.1040000021457672,vgg16,cifar,vgg16cifar,2,YES,YES,0.3137106218554973,0.018297168369296613,0.16696574628899166,0.16698656429942418,0.02407631990581999,1.0,1.0,1.0,1.0,0.1597781149352597,1.0,0.9465575486317144,0.09198813056379822,1.0
3133,mul8_185,0.0087999999523162,resnet34,cifar100,resnet34cifar100,2,NO,NO,0.5183374743019872,1.0,1.0,1.0,1.0,0.058718948013160674,0.035253545635404906,0.058718948013160674,0.035253545635404906,1.0,0.11636152463529258,0.9753761538132599,1.0,0.42857142857142855
3134,ReFAM_sta4_j3_k2_const0,0.2143999934196472,resnet18,mnist,resnet18mnist,2,YES,NO,0.1022592634777588,0.0012411471734644485,0.054425298514091204,0.05446257197696737,0.001633162891405533,0.006825158500868163,0.0035346609236474613,0.006825158500868163,0.0035346609236474613,0.048043372955706286,0.03396496539534106,0.8789455679113154,0.02967359050445104,0.14285714285714285
3135,ReFAM_sta1_j8_k1_const1,0.1027999967336654,resnet18,mnist,resnet18mnist,2,NO,YES,0.6655518165332098,0.795658930527603,0.8080773135312525,0.8080614203454894,0.3975573123412222,1.0,1.0,1.0,1.0,0.7247316355062478,1.0,0.8192893752456275,0.56973293768546,1.0
3136,ReFAM_sta2_j4_k4_const0,0.0976999998092651,resnet18,cifar,resnet18cifar,2,YES,NO,1.0,0.24349412783736274,1.0,1.0,0.3204016271085087,0.06439769670097766,0.043130589303304816,0.06439769670097766,0.043130589303304816,0.8416703916607442,0.12851719484303994,0.9972031546216674,0.5103857566765578,0.14285714285714285
3137,mul8_120,0.1045000031590461,resnet34,cifar,resnet34cifar,2,NO,NO,0.6083559572998871,0.5037498129187578,0.6147708223369632,0.6146833013435701,0.3266429839611843,0.0419898566671545,0.02924830949090699,0.0419898566671545,0.02924830949090699,0.5883928514123672,0.10239351379110609,1.0,0.81973293768546,0.42857142857142855
3138,mul8_270,0.1300999969244003,vgg16,mnist,vgg16mnist,2,NO,NO,0.948064696988713,0.4155279532774565,0.654752572777952,0.6547504798464492,0.332450332127078,0.043877954783212006,0.0324651494373164,0.043877954783212006,0.0324651494373164,0.6132393403800852,0.10777604605196371,0.9955252510237451,0.7470326409495549,0.14732142857142858
3139,ReFAM_new_sta1_j1_k7,0.1270000040531158,resnet34,cifar,resnet34cifar,2,NO,NO,0.1902195621471869,0.060303462079331516,0.12811421189112557,0.1281190019193858,0.0717623343855607,0.004946094347088444,0.0008428401606312873,0.004946094347088444,0.0008428401606312873,0.20051446212601853,0.016849244310683555,0.40218779080777617,0.28041543026706234,0.06074242857142857
3140,ReFAM_new1_sta1_j2_k4,0.1000000014901161,resnet18,cifar,resnet18cifar,2,NO,YES,0.3535744025332677,0.031195067892899907,0.20161575095739082,0.2015355086372361,0.0346017180516706,1.0,1.0,1.0,1.0,0.19236404939209098,1.0,0.8650254841790388,0.09198813056379822,1.0
3141,mul8_244,0.0093999998643994,resnet34,cifar100,resnet34cifar100,2,NO,NO,0.25945309069819167,1.0,1.0,1.0,1.0,0.043342240820139225,0.02561004946418193,0.043342240820139225,0.02561004946418193,1.0,0.09699978502714034,0.799169804251368,1.0,0.19047614285714287
3142,ReFAM_sta3_j1_k3_const1,0.6805999875068665,vgg16,cifar,vgg16cifar,1,NO,YES,0.048529819955546546,0.000436272386823937,0.028596343287064868,0.028550863723608447,0.00038864877018053416,1.0,1.0,1.0,1.0,0.024698487162223233,1.0,0.986328343742173,0.01112759643916914,1.0
3143,ReFAM_sta3_j7_k1_const0,0.1000000014901161,resnet18,cifar,resnet18cifar,2,YES,NO,1.0,0.15305975817134995,0.7328966045668722,0.7329654510556622,0.2014036067255434,0.0486560174319336,0.029007748861726804,0.0486560174319336,0.029007748861726804,0.6141109877761228,0.1040229782101121,0.9538902317095272,0.42729970326409494,0.14285714285714285
3144,ReFAM_new1_sta4_j2_k2,0.1000000014901161,resnet18,cifar,resnet18cifar,2,NO,YES,1.0,1.0,1.0,1.0,1.0,1.0,1.0,1.0,1.0,1.0,1.0,1.0,1.0,1.0
3145,mul8_377,0.100100003182888,resnet34,cifar,resnet34cifar,2,NO,NO,1.0,0.7331495069548825,0.8117204323182633,0.8116602687140115,0.7647817877306163,0.04490692308665196,0.03152748975861409,0.04490692308665196,0.03152748975861409,0.8300315784015073,0.10668102804798671,0.9966747371657684,1.0,0.15178571428571427
3146,ReFAM_new2_sta3_j4_k5,0.097300000488758,resnet18,cifar,resnet18cifar,2,NO,NO,1.0,1.0,0.9387481159991073,0.9388195777351247,1.0,0.11177360167814883,0.24096800192448503,0.11177360167814883,0.24096800192448503,1.0,0.29153006932874725,0.8450311450673911,0.7477744807121661,0.2857142857142857
3147,mul8_100,0.1134999990463256,resnet18,mnist,resnet18mnist,2,NO,NO,1.0,1.0,1.0,1.0,1.0,0.08890051258701963,0.05181886662581233,0.08890051258701963,0.05181886662581233,1.0,0.14777741948967832,1.0,1.0,0.8660714285714286
3148,ReFAM_sta3_j1_k2_const0,0.9021000266075134,resnet34,cifar,resnet34cifar,1,YES,NO,0.020798494266662807,8.598068937406058e-05,0.011069552240154143,0.011036468330134358,0.0001131376473840908,0.0016387607571905821,0.0006479333734853022,0.0016387607571905821,0.0006479333734853022,0.01074282508158053,0.014400195864161039,0.6999749536234776,0.0066765578635014835,0.14285714285714285
3149,ReFAM_new_sta3_j3_k4,0.101000003516674,vgg16,mnist,vgg16mnist,2,NO,NO,0.04798819250068554,0.011692897944106183,0.06816854981397397,0.06813819577735125,0.010468397019017629,0.004348046044298936,0.0008639111646470695,0.004348046044298936,0.0008639111646470695,0.08412763698444146,0.01693732346846766,0.463335566465549,0.08605341246290801,0.06762471428571429
3150,ReFAM_new_sta1_j2_k2,0.9921000003814696,resnet34,mnist,resnet34mnist,0,NO,NO,0.008232737313887361,0.00018265921076096093,0.006341930970921644,0.006238003838771593,0.00021447374753878412,0.0005140324536060866,4.389792503287955e-05,0.0005140324536060866,4.389792503287955e-05,0.01074282508158053,0.003750828541230003,0.2465825950082368,0.013353115727002967,0.052478142857142855
3151,ReFAM_new_sta1_j6_k1,0.7389000058174133,resnet18,mnist,resnet18mnist,2,NO,NO,0.058929067088877955,0.0106966346521285,0.04796805970733462,0.047984644913627646,0.012453521778722885,0.0019874717011131647,0.0002335369611749192,0.0019874717011131647,0.0002335369611749192,0.08174771922721083,0.00875044039578892,0.23067407333497592,0.09495548961424333,0.04664728571428572
3152,mul8_055,0.6995000243186951,vgg16,cifar,vgg16cifar,0,YES,NO,0.031956019836799625,0.0008845331821771585,0.0170079057856535,0.017034548944337813,0.0011639125481922262,0.001479763021101529,0.0003107973092327872,0.001479763021101529,0.0003107973092327872,0.02577815999494062,0.010015645247009786,0.43052481322122876,0.02967359050445104,0.14285714285714285
3153,mul8_368,0.7057999968528748,vgg16,cifar,vgg16cifar,0,NO,NO,0.028922906089577965,0.009937956449188597,0.07756253714019269,0.07749520153550864,0.00596247136183334,0.007355452086574267,0.004215956720157752,0.007355452086574267,0.004215956720157752,0.07644852101044594,0.037079832560028184,0.7926913451533225,0.08011869436201781,0.2857142857142857
3154,mul8_351,0.9890999794006348,vgg16,mnist,vgg16mnist,0,NO,NO,0.0,0.0,0.0,0.0,0.0,0.0,0.0,0.0,0.0,0.0,0.0,0.0,0.0,0.0
3155,ReFAM_sta4_j1_k2_const0,0.9829999804496764,resnet18,mnist,resnet18mnist,0,YES,NO,0.019065286411107572,7.244669197258808e-05,0.01014708955347463,0.010076775431861805,9.532894362918763e-05,0.0015402905683627025,0.0006110591164576833,0.0015402905683627025,0.0006110591164576833,0.009853401227258852,0.01399115028394332,0.6999749536234776,0.0051928783382789315,0.14285714285714285
3156,mul8_375,0.2052000015974044,resnet34,mnist,resnet34mnist,2,YES,NO,0.09705963991109309,0.003209945736631595,0.051657910454052665,0.051583493282149714,0.00422380550233939,0.004404056610421217,0.0015416951271547297,0.004404056610421217,0.0015416951271547297,0.057295065297137855,0.02241913139021754,0.44543860685130393,0.02373887240356083,0.14285714285714285
3157,mul8_132,0.7085999846458435,vgg16,cifar,vgg16cifar,0,NO,NO,0.0,1.9106819860902353e-05,0.0027673880600385357,0.0028790786948176585,1.571356213667928e-05,0.0002836664155225153,6.145709504603137e-05,0.0002836664155225153,6.145709504603137e-05,0.003315308116519982,0.004415154392313526,0.3818045201582605,0.001483679525222552,0.14285714285714285
3158,mul8_426,0.1000000014901161,resnet18,cifar,resnet18cifar,2,NO,NO,1.0,0.40626900008916517,0.648577976538394,0.6485124760076776,0.4821089328674773,0.03602473137513167,0.020110517416062776,0.03602473137513167,0.020110517416062776,0.6611792568930991,0.08524942823190795,0.9903988889997536,0.8308605341246291,0.14285714285714285
3159,mul8_230,0.1004000008106231,resnet18,cifar,resnet18cifar,2,NO,NO,0.7257807895137542,0.172646388097725,0.420588711111224,0.4205854126679463,0.19309836759997648,1.0,1.0,1.0,1.0,0.42381728806667274,1.0,0.9760124946801904,0.4495548961424332,1.0
3160,mul8_156,0.162100002169609,resnet34,mnist,resnet34mnist,2,NO,NO,0.10437161401813246,0.005406395804142358,0.07005942120883113,0.07005758157389635,0.004870276650989958,0.006959764538807191,0.0034222822355632894,0.006959764538807191,0.0034222822355632894,0.06907084688479236,0.03344917981882565,0.8983341105176454,0.07640949554896143,0.7142857142857143
3161,mul8_223,0.1074000000953674,resnet34,mnist,resnet34mnist,2,NO,NO,1.0,1.0,1.0,1.0,1.0,0.09031794126840442,0.05873015594298889,0.09031794126840442,0.05873015594298889,1.0,0.1555769035548151,1.0,1.0,1.0
3162,ReFAM_sta2_j1_k1_const1,0.903599977493286,resnet34,cifar,resnet34cifar,0,YES,YES,0.013865662844441871,1.592234988408529e-05,0.007379701493436096,0.007437619961612285,2.0951416182239038e-05,1.0,1.0,1.0,1.0,0.006202373313371222,1.0,0.8908772137026079,0.002225519287833828,1.0
3163,ReFAM_new1_sta4_j4_k4,0.1000000014901161,resnet18,cifar,resnet18cifar,2,NO,YES,1.0,1.0,1.0,1.0,1.0,1.0,1.0,1.0,1.0,1.0,1.0,1.0,1.0,1.0
3164,ReFAM_sta2_j3_k4_const1,0.6274999976158142,vgg16,mnist,vgg16mnist,2,NO,YES,0.025998117833328508,0.05384222225052862,0.19609538739433044,0.1960172744721689,0.023744806452102803,1.0,1.0,1.0,1.0,0.1762837824813445,1.0,0.9937852405572106,0.13649851632047477,1.0
3165,mul8_456,0.3476000130176544,vgg16,mnist,vgg16mnist,2,NO,NO,0.9432899103987696,0.2513174675311441,0.5588084611465655,0.5587811900191939,0.25656423382675175,0.034133019674163045,0.023653957924716817,0.034133019674163045,0.023653957924716817,0.5293609879730524,0.09111042439225381,0.9956657550871635,0.6706231454005934,0.5089285714285714
3166,ReFAM_sta4_j5_k3_const1,0.1000000014901161,resnet34,cifar,resnet34cifar,2,NO,YES,0.49223103097768645,0.09921534659771228,0.3413400228753035,0.34141074856046066,0.07160866582130489,1.0,1.0,1.0,1.0,0.3066136959790737,1.0,0.9565618452052479,0.18991097922848665,1.0
3167,ReFAM_new_sta3_j1_k6,0.5636000037193298,resnet18,cifar,resnet18cifar,2,NO,NO,0.04798819250068554,0.011692897944106183,0.06816854981397397,0.06813819577735125,0.010468397019017629,0.004348046044298936,0.0008639111646470695,0.004348046044298936,0.0008639111646470695,0.08412763698444146,0.01693732346846766,0.463335566465549,0.08605341246290801,0.06762471428571429
3168,mul8_091,0.8783000111579895,resnet34,cifar,resnet34cifar,1,NO,NO,0.03141439238193861,0.000900794499783456,0.017325004179124956,0.01727447216890595,0.0011599381315869873,0.0015339667947682518,0.00031782097723804793,0.0015339667947682518,0.00031782097723804793,0.02585798487362807,0.010108203006037155,0.4528955036663415,0.02967359050445104,0.14285714285714285
3169,ReFAM_sta2_j2_k4_const1,0.1000000014901161,resnet34,cifar,resnet34cifar,2,NO,YES,0.09012680848887217,0.010145721346139148,0.09437946363089757,0.09428982725527832,0.005217062212124298,1.0,1.0,1.0,1.0,0.08411130332382225,1.0,0.9942831136514969,0.04599406528189911,1.0
3170,ReFAM_sta3_j2_k6_const0,0.1000000014901161,vgg16,cifar,vgg16cifar,2,YES,NO,1.0,0.1860805225078338,0.9067808210059602,0.9066698656429942,0.2448539630677821,0.06628579481703516,0.053093662368767156,0.06628579481703516,0.053093662368767156,0.7413327659087127,0.14087813427443674,0.9982284270264657,0.5103857566765578,0.14285714285714285
3171,ReFAM_sta3_j6_k1_const1,0.1009000018239021,resnet34,mnist,resnet34mnist,2,NO,YES,0.05372944352221225,0.03464623723027539,0.15399361475756101,0.15403071017274472,0.0174021112365196,1.0,1.0,1.0,1.0,0.14272518584337,1.0,0.7734280344296044,0.11869436201780416,1.0
3172,mul8_404,0.1084000021219253,resnet34,mnist,resnet34mnist,2,NO,NO,1.0,1.0,1.0,1.0,1.0,0.09031794126840442,0.05873015594298889,0.09031794126840442,0.05873015594298889,1.0,0.1555769035548151,1.0,1.0,1.0
3173,ReFAM_new1_sta1_j4_k4,0.1000000014901161,resnet18,cifar,resnet18cifar,2,NO,YES,1.0,0.5021495172343515,0.7990833023361272,0.7989443378119002,0.5552072255063037,1.0,1.0,1.0,1.0,0.7657523708393656,1.0,0.8411632107418411,0.36795252225519287,1.0
3174,mul8_380,0.0130000002682209,resnet34,cifar100,resnet34cifar100,2,NO,NO,0.49437046115759525,0.09541282180979797,0.3031647938411019,0.30326295585412666,0.09763079128254246,0.022522571354751046,0.013281756197948037,0.022522571354751046,0.013281756197948037,0.3035561478611422,0.06753357458065364,0.9680892872778661,0.4043026706231454,0.14285714285714285
3175,mul8_291,0.101000003516674,resnet34,cifar,resnet34cifar,2,NO,NO,0.6919155302987577,0.3868154552900415,0.5609884987647413,0.5609404990403071,0.28851123437267384,0.03848196911468976,0.027682031525733845,0.03848196911468976,0.027682031525733845,0.54360210743635,0.09896663740647188,0.9932568231013116,0.8427299703264095,0.15178571428571427
3176,mul8_362,0.7901999950408936,resnet18,mnist,resnet18mnist,2,NO,NO,0.04458948282124448,0.004386647377270527,0.05364877311429513,0.053742802303262956,0.0029222298471582716,0.005379724536422226,0.0026970885140201193,0.005379724536422226,0.0026970885140201193,0.053165253234310456,0.029587879113595242,0.8962835657080489,0.06676557863501484,0.7142857142857143
3177,ReFAM_sta4_j3_k3_const0,0.1045000031590461,resnet18,cifar,resnet18cifar,2,YES,NO,0.24091589192217752,0.005393696023233893,0.12822231344845217,0.1281190019193858,0.007097292231733474,0.014468793984103837,0.009171154497869195,0.014468793984103837,0.009171154497869195,0.10932140437247113,0.05525175710455444,0.947551258529513,0.0712166172106825,0.14285714285714285
3178,mul8_221,0.1456000059843063,vgg16,mnist,vgg16mnist,2,NO,NO,0.6978328128429261,0.5571394299289226,0.6579656542198359,0.6578694817658349,0.369973028120126,0.043747865726411865,0.0310077383262248,0.043747865726411865,0.0310077383262248,0.6282805276922286,0.10557332067382048,1.0,0.7908011869436202,0.42857142857142855
3179,ReFAM_sta4_j3_k7_const1,0.1000000014901161,resnet18,cifar,resnet18cifar,2,NO,YES,1.0,1.0,1.0,1.0,1.0,1.0,1.0,1.0,1.0,1.0,1.0,1.0,1.0,1.0
3180,ReFAM_sta4_j6_k3_const1,0.1000000014901161,resnet18,cifar,resnet18cifar,2,NO,YES,0.7814600918734661,0.42896700122283643,0.6470643333447769,0.6470729366602688,0.26197180793666647,1.0,1.0,1.0,1.0,0.5829790631191468,1.0,0.9564529036488294,0.47477744807121663,1.0
3181,mul8_490,0.1018000021576881,resnet34,mnist,resnet34mnist,2,NO,NO,0.35893651780280744,1.0,1.0,1.0,1.0,0.08508908390202125,0.04974512864725911,0.08508908390202125,0.04974512864725911,1.0,0.14396911556582648,1.0,1.0,0.42857142857142855
3182,ReFAM_sta3_j1_k9_const0,0.099200002849102,resnet34,cifar,resnet34cifar,2,YES,NO,1.0,1.0,1.0,1.0,1.0,0.19122278293014758,0.14733372782935297,0.19122278293014758,0.14733372782935297,1.0,0.26779348273947085,1.0,1.0,0.14285714285714285
3183,ReFAM_sta4_j5_k2_const0,0.1191999986767768,resnet18,cifar,resnet18cifar,2,YES,NO,0.5060966938221283,0.02278806715410287,0.2693591045104175,0.2694337811900192,0.029985666840020513,0.02595728381276571,0.01731509754996901,0.02595728381276571,0.01731509754996901,0.2283795490885905,0.077162567253662,0.9535165723524657,0.1543026706231454,0.14285714285714285
3184,ReFAM_new2_sta3_j1_k1,0.977500021457672,resnet18,mnist,resnet18mnist,0,YES,NO,0.013865662844441871,6.368939953634117e-05,0.007379701493436096,0.007437619961612285,8.380566472895615e-05,0.0011988067942623499,0.0007743593975799951,0.0011988067942623499,0.0007743593975799951,0.008120812372828586,0.01571242602843613,0.5090726935443474,0.004451038575667656,0.2857142857142857
3185,mul8_100,0.1028999984264373,resnet34,mnist,resnet34mnist,2,NO,NO,1.0,1.0,1.0,1.0,1.0,0.08890051258701963,0.05181886662581233,0.08890051258701963,0.05181886662581233,1.0,0.14777741948967832,1.0,1.0,0.8660714285714286
3186,mul8_067,0.1114000007510185,resnet18,cifar,resnet18cifar,2,NO,NO,0.4817776245652846,0.08054121581789928,0.282968580271478,0.28286948176583493,0.08834841947271203,0.019472705689770123,0.009761142610311095,0.019472705689770123,0.009761142610311095,0.2858625002077236,0.05793145351510483,0.9679029666720289,0.39243323442136496,0.2857142857142857
3187,ReFAM_new2_sta4_j5_k4,0.1027999967336654,resnet18,mnist,resnet18mnist,2,NO,NO,1.0,1.0,1.0,1.0,1.0,1.0,1.0,1.0,1.0,1.0,1.0,1.0,1.0,0.2857142857142857
3188,mul8_260,0.1134999990463256,resnet18,mnist,resnet18mnist,2,NO,NO,1.0,1.0,1.0,1.0,1.0,0.06340938122778775,0.04257571953088922,0.06340938122778775,0.04257571953088922,1.0,0.12749234159187403,1.0,1.0,0.2857142857142857
3189,ReFAM_sta3_j1_k7_const1,0.1000000014901161,resnet18,cifar,resnet18cifar,2,NO,YES,0.06239548279998842,0.18642205691284744,0.3640619687998619,0.3639635316698656,0.08349249196059244,1.0,1.0,1.0,1.0,0.3283800772120885,1.0,1.0,0.3219584569732938,1.0
3190,ReFAM_new2_sta4_j4_k3,0.101000003516674,vgg16,mnist,vgg16mnist,2,NO,NO,1.0,1.0,1.0,1.0,1.0,1.0,1.0,1.0,1.0,1.0,1.0,1.0,1.0,0.2857142857142857
3191,ReFAM_new1_sta4_j2_k7,0.1009000018239021,resnet34,mnist,resnet34mnist,2,NO,YES,1.0,1.0,1.0,1.0,1.0,1.0,1.0,1.0,1.0,1.0,1.0,1.0,1.0,1.0
3192,mul8_290,0.1000000014901161,vgg16,cifar,vgg16cifar,2,NO,NO,1.0,0.5467002024558633,0.8585186359159032,0.8584452975047985,0.6172612925043266,0.04791161894024395,0.03250729144534797,0.04791161894024395,0.03250729144534797,0.816411646945982,0.10900318279261688,0.9946557548631715,1.0,0.14732142857142858
3193,mul8_417,0.1134999990463256,resnet34,mnist,resnet34mnist,2,NO,NO,0.821648849024153,0.28878514945354494,0.4827002196405796,0.48272552783109407,0.32858319138200365,0.028049549476301203,0.01674266860754026,0.028049549476301203,0.01674266860754026,0.5186969699616754,0.07648331273176762,0.9900415199688855,0.6580118694362018,0.3125
3194,mul8_227,0.0099999997764825,resnet34,cifar100,resnet34cifar100,2,NO,NO,1.0,0.8730022626805595,1.0,1.0,1.0,0.058348555559771406,0.042767114484032566,0.058348555559771406,0.042767114484032566,1.0,0.12607337143130123,0.9989126207265893,1.0,0.14285714285714285
3195,mul8_065,0.1212000027298927,resnet34,cifar,resnet34cifar,2,NO,NO,0.1230712975641892,0.6600085825924134,0.5952444974805552,0.5952495201535509,0.43756308255298615,0.029050512496680014,0.01221240274414709,0.029050512496680014,0.01221240274414709,0.6180464390225563,0.06671697628729928,0.9749566779137794,0.787833827893175,0.14285714285714285
3196,ReFAM_new2_sta1_j6_k3,0.0104000000283122,resnet34,cifar100,resnet34cifar100,2,NO,NO,0.6239548279998842,0.9549843324077141,0.6484912687356968,0.6485124760076776,0.8746619140723605,0.029628686082458392,0.03296558578269122,0.029628686082458392,0.03296558578269122,0.7801992987575651,0.10516427509360275,0.5428781748318533,0.712166172106825,0.2857142857142857
3197,ReFAM_sta3_j3_k4_const1,0.5838000178337097,vgg16,mnist,vgg16mnist,2,NO,YES,0.11612492632220067,0.041059759763584947,0.17843527097038855,0.17850287907869483,0.019534518853767592,1.0,1.0,1.0,1.0,0.16023606378658825,1.0,0.9908030927184278,0.13353115727002968,1.0
3198,ReFAM_new2_sta2_j3_k5,0.0934000015258789,resnet34,mnist,resnet34mnist,2,NO,NO,0.4489008345888056,0.300963461391486,0.430040573746405,0.42994241842610365,0.23862533210529563,0.04312632912170012,0.0726686250994288,0.04312632912170012,0.0726686250994288,0.4514989908442415,0.15597475263192467,0.8608622876912332,0.37388724035608306,0.2857142857142857
3199,ReFAM_sta2_j1_k4_const1,0.2371000051498413,resnet18,cifar,resnet18cifar,2,NO,YES,0.06759510636665413,0.0024416923547244795,0.052119141797392424,0.05206333973128599,0.0014621469568180069,1.0,1.0,1.0,1.0,0.045838450584297724,1.0,1.0,0.022997032640949554,1.0
3200,ReFAM_sta3_j8_k1_const0,0.1009000018239021,resnet18,cifar,resnet18cifar,2,YES,NO,1.0,0.6546441812600311,1.0,1.0,0.8614132205805364,0.08231114050160171,0.047348301940463876,0.08231114050160171,0.047348301940463876,1.0,0.1401757403127855,0.9695187634013387,0.8545994065281899,0.14285714285714285
3201,ReFAM_sta2_j8_k2_const0,0.1000000014901161,resnet18,cifar,resnet18cifar,2,YES,NO,1.0,1.0,1.0,1.0,1.0,0.14160735870431299,0.0781400624755269,0.14160735870431299,0.0781400624755269,1.0,0.19617318452434268,0.9865146643480103,1.0,0.14285714285714285
3202,ReFAM_new1_sta2_j1_k3,0.5995000004768372,vgg16,cifar,vgg16cifar,2,YES,YES,0.10572567918886927,0.0012666229332789851,0.056270223887450226,0.05638195777351248,0.0016666851572971157,1.0,1.0,1.0,1.0,0.04932274739242135,1.0,0.9704198220689122,0.02225519287833828,1.0
3203,mul8_010,0.1137000024318695,resnet18,mnist,resnet18mnist,2,NO,NO,0.30591118650549876,0.06765705009808168,0.21680350502759876,0.21689059500959693,0.06379536229376997,0.016201507948983406,0.010456485742831909,0.016201507948983406,0.010456485742831909,0.23062249310352867,0.059136197249541694,0.9520260075057678,0.3353115727002967,1.0
3204,ReFAM_new1_sta2_j3_k5,0.1009000018239021,resnet34,mnist,resnet34mnist,2,NO,YES,0.6880835186554278,0.33767403128423307,0.5099633165370344,0.5098368522072937,0.28927731806141005,1.0,1.0,1.0,1.0,0.5161669092114209,1.0,0.9308974544329032,0.37388724035608306,1.0
3205,mul8_359,0.1023000031709671,resnet34,cifar,resnet34cifar,2,NO,NO,0.3915086375696056,0.1830231101317097,0.361614605184937,0.3615642994241843,0.13330082781117517,0.026751369096983196,0.016765495528557356,0.026751369096983196,0.016765495528557356,0.358681602786006,0.07621459665717203,0.9904294333613664,0.5682492581602374,0.2857142857142857
3206,ReFAM_sta1_j1_k2_const0,0.8356000185012817,resnet34,cifar,resnet34cifar,2,YES,NO,0.029464533544438978,0.00020619443099890455,0.015681865673551704,0.015595009596928982,0.00027132083955999555,0.002041675474779887,0.0007269496385444853,0.002041675474779887,0.0007269496385444853,0.015841945430041124,0.015288451777407546,0.6999749536234776,0.012611275964391691,0.14285714285714285
3207,ReFAM_sta1_j5_k2_const1,0.147499993443489,vgg16,cifar,vgg16cifar,2,NO,YES,0.19411927982218619,0.06542175120372964,0.23615044778995506,0.23608445297504801,0.030572306493123206,1.0,1.0,1.0,1.0,0.208275925844412,1.0,0.9107626112578372,0.1661721068249258,1.0
3208,ReFAM_new1_sta1_j4_k1,0.1000000014901161,resnet34,cifar,resnet34cifar,2,NO,YES,0.13519021273330825,0.005856240287366571,0.077486865681079,0.07749520153550864,0.006687692045370701,1.0,1.0,1.0,1.0,0.07845449972034493,1.0,0.6124785934932364,0.03560830860534125,1.0
3209,mul8_309,0.1000000014901161,vgg16,cifar,vgg16cifar,2,NO,NO,0.5263738738299972,0.1881075646574784,0.3940497769426186,0.3939539347408829,0.15298606461611594,0.029556414384236097,0.020035012985006224,0.029556414384236097,0.020035012985006224,0.387878243111726,0.08338931584887407,0.9824288469096233,0.5445103857566765,0.14285714285714285
3210,mul8_210,0.0099999997764825,resnet34,cifar100,resnet34cifar100,2,NO,NO,0.7478791896720834,0.17545454328331592,0.42786729224494624,0.4277831094049904,0.2005472696994567,1.0,1.0,1.0,1.0,0.43151036913101204,1.0,0.9761061640558024,0.4495548961424332,1.0
3211,mul8_110,0.1000000014901161,vgg16,cifar,vgg16cifar,2,NO,NO,1.0,0.3549409738618704,0.6995351437472866,0.6996161228406911,0.42401948808989537,1.0,1.0,1.0,1.0,0.6698766117542115,1.0,0.9988657860387833,0.6862017804154302,1.0
3212,ReFAM_new1_sta2_j2_k4,0.1039000004529953,resnet18,mnist,resnet18mnist,2,YES,YES,0.3137106218554973,0.018297168369296613,0.16696574628899166,0.16698656429942418,0.02407631990581999,1.0,1.0,1.0,1.0,0.1597781149352597,1.0,0.9465575486317144,0.09198813056379822,1.0
3213,ReFAM_sta2_j1_k3_const1,0.4007999897003174,resnet34,cifar,resnet34cifar,2,NO,YES,0.046796612099991315,0.000499165668866074,0.028942266794569686,0.029030710172744723,0.0003892871346899076,1.0,1.0,1.0,1.0,0.024920001268254336,1.0,0.986328343742173,0.01112759643916914,1.0
3214,ReFAM_new2_sta4_j4_k1,0.0089999996125698,resnet34,cifar100,resnet34cifar100,2,NO,NO,1.0,1.0,1.0,1.0,1.0,1.0,1.0,1.0,1.0,1.0,1.0,1.0,1.0,0.2857142857142857
3215,ReFAM_new1_sta2_j2_k6,0.1027999967336654,resnet18,mnist,resnet18mnist,2,NO,YES,0.7054155972109802,0.33942548977148246,0.517825871899186,0.5177543186180423,0.2900560393259258,1.0,1.0,1.0,1.0,0.5206898173179675,1.0,0.9778767188839498,0.3768545994065282,1.0
3216,mul8_010,0.1004000008106231,resnet18,cifar,resnet18cifar,2,NO,NO,0.30591118650549876,0.06765705009808168,0.21680350502759876,0.21689059500959693,0.06379536229376997,0.016201507948983406,0.010456485742831909,0.016201507948983406,0.010456485742831909,0.23062249310352867,0.059136197249541694,0.9520260075057678,0.3353115727002967,1.0
3217,mul8_343,0.1156999990344047,resnet18,cifar,resnet18cifar,2,NO,NO,0.6094392122096091,0.1060136799862431,0.3546032356625905,0.35460652591170827,0.11421977621330473,0.026478543436194026,0.016517911231371918,0.026478543436194026,0.016517911231371918,0.3429404393444491,0.07562864632784555,0.9798651568249339,0.4280415430267062,0.14285714285714285
3218,ReFAM_new2_sta4_j4_k5,0.1022000014781951,resnet34,mnist,resnet34mnist,2,NO,NO,1.0,1.0,1.0,1.0,1.0,1.0,1.0,1.0,1.0,1.0,1.0,1.0,1.0,0.2857142857142857
3219,mul8_254,0.1129999980330467,resnet18,mnist,resnet18mnist,2,NO,NO,0.255810650397271,1.0,1.0,1.0,1.0,0.08253427936986306,0.04657218662588257,0.08253427936986306,0.04657218662588257,1.0,0.13938452075980964,1.0,1.0,0.42857142857142855
3220,ReFAM_sta3_j1_k2_const0,0.7032999992370605,vgg16,cifar,vgg16cifar,0,YES,NO,0.020798494266662807,8.598068937406058e-05,0.011069552240154143,0.011036468330134358,0.0001131376473840908,0.0016387607571905821,0.0006479333734853022,0.0016387607571905821,0.0006479333734853022,0.01074282508158053,0.014400195864161039,0.6999749536234776,0.0066765578635014835,0.14285714285714285
3221,mul8_224,0.1005999967455864,resnet18,cifar,resnet18cifar,2,NO,NO,1.0,1.0,1.0,1.0,1.0,0.08940912466325905,0.06573450886123515,0.08940912466325905,0.06573450886123515,1.0,0.16222016206565032,1.0,1.0,0.8660714285714286
3222,mul8_378,0.0781000033020973,resnet34,cifar100,resnet34cifar100,2,NO,NO,0.0656994137410563,0.002239969085165465,0.035269785208474645,0.035268714011516315,0.002921290083956267,0.003021860381919789,0.0008955176706707429,0.003021860381919789,0.0008955176706707429,0.04412027887876668,0.01703958486352209,0.5973153542433246,0.04747774480712166,0.14285714285714285
3223,mul8_382,0.1134999990463256,resnet18,mnist,resnet18mnist,2,NO,NO,0.8180741078220704,0.18609246427024687,0.4780822754949426,0.47816698656429946,0.19687309399482958,0.03099823476377092,0.022389697683769885,0.03099823476377092,0.022389697683769885,0.45725113549191326,0.0880940864549184,0.9805493505250575,0.5467359050445104,1.0
3224,mul8_118,0.6967999935150146,vgg16,cifar,vgg16cifar,0,NO,NO,0.031847694345827425,0.00037844191526762285,0.01801685119413459,0.017994241842610365,0.00045205851619534073,0.002132918493785537,0.0007322173895484308,0.002132918493785537,0.0007322173895484308,0.019295832502765967,0.01533696995754286,0.5836436979854975,0.01483679525222552,0.14285714285714285
3225,ReFAM_sta3_j2_k8_const1,0.1027999967336654,resnet18,mnist,resnet18mnist,2,NO,YES,0.4857315015193543,1.0,1.0,1.0,1.0,1.0,1.0,1.0,1.0,1.0,1.0,1.0,1.0,1.0
3226,mul8_147,0.1187999993562698,vgg16,mnist,vgg16mnist,2,NO,NO,0.389267655275024,1.0,1.0,1.0,1.0,0.07343075558253698,0.03736240195398444,0.07343075558253698,0.03736240195398444,1.0,0.12464619050178248,1.0,1.0,0.44642857142857145
3227,mul8_019,0.1057000011205673,resnet34,cifar,resnet34cifar,2,NO,NO,1.0,1.0,1.0,1.0,1.0,0.0793371601197542,0.058824975461059914,0.0793371601197542,0.058824975461059914,1.0,0.15153421949923265,1.0,1.0,1.0
3228,ReFAM_sta4_j2_k2_const1,0.1412999927997589,resnet34,mnist,resnet34mnist,2,NO,YES,0.051996235666657016,0.00029615570784398643,0.027904496272055237,0.027831094049904033,0.0003739173098676806,1.0,1.0,1.0,1.0,0.024135804193722313,1.0,0.9226942570491296,0.010385756676557863,1.0
3229,mul8_226,0.094200000166893,resnet34,cifar,resnet34cifar,2,NO,NO,0.4295105717047814,0.19044719897842202,0.35735655063188104,0.35724568138195784,0.15771896690415424,0.026274375888716037,0.01827734006668973,0.026274375888716037,0.01827734006668973,0.37105228531178186,0.07918913431623702,0.9835009540022277,0.45845697329376855,0.2770562857142857
3230,mul8_240,0.9890000224113464,vgg16,mnist,vgg16mnist,0,NO,NO,0.0,0.0,0.0,0.0,0.0,0.0,0.0,0.0,0.0,0.0,0.0,0.0,0.0,0.0
3231,mul8_345,0.1090999990701675,vgg16,mnist,vgg16mnist,2,NO,NO,1.0,0.4939655831401421,0.7352839490695511,0.7353646833013436,0.46129068232770726,0.046711908749753825,0.035165749785339144,0.046711908749753825,0.035165749785339144,0.7018790847906173,0.11246364868657553,1.0,0.9562314540059347,0.2857142857142857
3232,ReFAM_sta2_j5_k4_const1,0.1027999967336654,resnet18,mnist,resnet18mnist,2,NO,YES,0.4506340424443608,0.9680151835528494,0.8395293282473217,0.8394913627639156,0.4769022227333275,1.0,1.0,1.0,1.0,0.7666895613120643,1.0,0.9935215409019547,0.7002967359050445,1.0
3233,mul8_474,0.0998999997973442,resnet18,cifar,resnet18cifar,2,NO,NO,0.30861932377980383,0.20076119965352968,0.29942517069766134,0.29942418426103645,0.187013187481013,0.0184636121033413,0.011710210481770946,0.0184636121033413,0.011710210481770946,0.36056772371915696,0.06283776117709583,0.9691766665512769,0.31750741839762614,0.7714285714285715
3234,ReFAM_new1_sta1_j1_k5,0.1010999977588653,vgg16,cifar,vgg16cifar,2,NO,YES,0.3639736496665991,0.03147211678088299,0.20691991140579802,0.20681381957773515,0.03490076676641829,1.0,1.0,1.0,1.0,0.19570614806862896,1.0,0.9465575486317144,0.09347181008902077,1.0
3235,ReFAM_new1_sta3_j1_k4,0.3389999866485595,vgg16,cifar,vgg16cifar,2,NO,YES,0.19238607196663096,0.004635792168751433,0.10279693564684811,0.10268714011516315,0.005998059001571034,1.0,1.0,1.0,1.0,0.09115589150225444,1.0,0.9982599895334655,0.04599406528189911,1.0
3236,mul8_360,0.1000000014901161,vgg16,cifar,vgg16cifar,2,NO,NO,1.0,1.0,1.0,1.0,1.0,0.06589010726926808,0.036312363587197964,0.06589010726926808,0.036312363587197964,1.0,0.12035718337782077,1.0,1.0,0.44642857142857145
3237,ReFAM_new_sta3_j4_k1,0.9298999905586244,resnet34,cifar,resnet34cifar,0,NO,NO,0.001949858837499638,0.00042571138511706113,0.008878703359290302,0.008877159309021113,0.00046445034024369014,0.0007299441520451986,0.00011589052208680202,0.0007299441520451986,0.00011589052208680202,0.015667532035772428,0.0060856726560493965,0.1928906980201145,0.011869436201780416,0.063492
3238,ReFAM_sta1_j8_k2_const0,0.1071000024676323,resnet34,cifar,resnet34cifar,2,YES,NO,1.0,1.0,1.0,1.0,1.0,0.07445972388597694,0.03618769348010458,0.07445972388597694,0.03618769348010458,1.0,0.12356162256737309,0.8690033782063944,1.0,0.14285714285714285
3239,ReFAM_new2_sta3_j2_k1,0.1976999938488006,resnet34,cifar100,resnet34cifar100,2,YES,NO,0.032930949255549444,0.0002730683005120628,0.017526791046910725,0.01751439539347409,0.00035931678752539953,0.002669535853086092,0.0019666270414730037,0.002669535853086092,0.0019666270414730037,0.017955792890688407,0.025075688361011088,0.6045238235839125,0.008902077151335312,0.2857142857142857
3240,mul8_233,0.1004000008106231,resnet34,cifar,resnet34cifar,2,NO,NO,0.9333324302164935,0.7216198045372328,0.6881432018676903,0.6880998080614203,0.6703537431303829,0.04135296232657051,0.028366839156246763,0.04135296232657051,0.028366839156246763,0.740214386577289,0.10083869272615442,0.9935062687211483,1.0,0.15178571428571427
3241,mul8_037,0.1000000014901161,resnet18,cifar,resnet18cifar,2,NO,NO,1.0,1.0,1.0,1.0,1.0,0.04669022724028713,0.02454947559538756,0.04669022724028713,0.02454947559538756,1.0,0.09632276980586756,0.9053715314332026,1.0,0.5714285714285714
3242,mul8_121,0.1049000024795532,vgg16,cifar,vgg16cifar,2,NO,NO,0.0075286250889837585,1.0,1.0,1.0,1.0,0.05697539329354776,0.03491992140515502,0.05697539329354776,0.03491992140515502,1.0,0.11531054621020763,0.9835009540022277,1.0,0.32034628571428575
3243,mul8_217,0.5102999806404114,vgg16,mnist,vgg16mnist,2,NO,NO,0.7816767428554104,0.17173289302728453,0.4484258676071516,0.4484165067178503,0.1914992234056981,0.03009212834730887,0.019982335474966768,0.03009212834730887,0.019982335474966768,0.4381111576202066,0.08341768032341472,0.978498805715461,0.5934718100890207,0.42857142857142855
3244,mul8_178,0.1002999991178512,resnet34,mnist,resnet34mnist,2,NO,NO,0.38710114545557994,1.0,1.0,1.0,1.0,0.07326543407285349,0.03611043313204672,0.07326543407285349,0.03611043313204672,1.0,0.12297343293742499,1.0,1.0,0.42857142857142855
3245,mul8_174,0.9921000003814696,resnet34,mnist,resnet34mnist,0,NO,NO,0.005199623566665702,6.926222199577102e-05,0.0055347761200770715,0.005518234165067179,6.285424854671712e-05,0.0008654535862120053,0.00037401032128013377,0.0008654535862120053,0.00037401032128013377,0.006630616233039964,0.01090688689441847,0.3818045201582605,0.002967359050445104,0.2857142857142857
3246,mul8_219,0.1000000014901161,vgg16,cifar,vgg16cifar,2,NO,NO,1.0,1.0,1.0,1.0,1.0,0.06269931179275366,0.0464598079377984,0.06269931179275366,0.0464598079377984,1.0,0.13200751807862035,1.0,1.0,0.14285714285714285
3247,ReFAM_sta2_j4_k2_const1,0.4546999931335449,vgg16,cifar,vgg16cifar,2,NO,YES,0.06586189851109889,0.009626652739917968,0.08740333956288375,0.08733205374280231,0.004775286064351547,1.0,1.0,1.0,1.0,0.0787341967400899,1.0,0.8988319836119318,0.04154302670623145,1.0
3248,ReFAM_new_sta2_j2_k5,0.2687000036239624,resnet34,cifar,resnet34cifar,2,NO,NO,0.05762916119721153,0.01669811662802843,0.08601964553286448,0.08613243761996162,0.014021146025573633,0.003941517741798517,0.0003230887282419935,0.003941517741798517,0.0003230887282419935,0.10055826281032638,0.010635931519201256,0.5241117190570345,0.08902077151335312,0.04444442857142857
3249,ReFAM_new1_sta2_j4_k2,0.131400004029274,vgg16,cifar,vgg16cifar,2,YES,YES,0.2651808018999508,0.017029749318523427,0.14113679106196533,0.14107485604606526,0.022408587177713764,1.0,1.0,1.0,1.0,0.1432376659497821,1.0,0.7188666412809084,0.0830860534124629,1.0
3250,mul8_425,0.8830000162124634,vgg16,mnist,vgg16mnist,2,NO,NO,0.8101392673415644,0.35306719452016405,0.5653617504581098,0.5652591170825336,0.2999654679311602,0.03779629137780572,0.026256226920665912,0.03779629137780572,0.026256226920665912,0.5506012840319933,0.09647056364689513,0.9965505234285436,0.706973293768546,0.15178571428571427
3251,ReFAM_new1_sta4_j1_k1,0.1000000014901161,resnet34,cifar,resnet34cifar,2,NO,YES,1.0,1.0,1.0,1.0,1.0,1.0,1.0,1.0,1.0,1.0,1.0,1.0,1.0,1.0
3252,ReFAM_sta2_j2_k3_const0,0.984499990940094,vgg16,mnist,vgg16mnist,0,YES,NO,0.14558945986663965,0.002401090362520062,0.077486865681079,0.07749520153550864,0.003159473560281647,0.008456692088236515,0.004179082463130133,0.008456692088236515,0.004179082463130133,0.0679166249944924,0.03707908612648764,0.9028088594939003,0.040059347181008904,0.14285714285714285
3253,ReFAM_sta1_j5_k4_const1,0.1000000014901161,resnet34,cifar,resnet34cifar,2,NO,YES,0.859671096355396,1.0,0.983748801425782,0.9836852207293667,0.48686802305133053,1.0,1.0,1.0,1.0,0.856556455214942,1.0,0.9932883856083112,0.7359050445103857,1.0
3254,ReFAM_sta2_j5_k4_const1,0.1000000014901161,vgg16,cifar,vgg16cifar,2,NO,YES,0.4506340424443608,0.9680151835528494,0.8395293282473217,0.8394913627639156,0.4769022227333275,1.0,1.0,1.0,1.0,0.7666895613120643,1.0,0.9935215409019547,0.7002967359050445,1.0
3255,ReFAM_sta4_j4_k1_const0,0.165800005197525,resnet18,cifar,resnet18cifar,2,YES,NO,0.09012680848887217,0.0012100985911904821,0.04796805970733462,0.047984644913627646,0.0015923076298501669,0.005883819631522746,0.002726939103042477,0.005883819631522746,0.002726939103042477,0.04398252824542385,0.02981180917575823,0.7755406861078135,0.02967359050445104,0.14285714285714285
3256,mul8_070,0.9308000206947328,resnet34,cifar,resnet34cifar,0,NO,NO,0.0,0.0,0.0,0.0,0.0,0.0,0.0,0.0,0.0,0.0,0.0,0.0,0.0,0.0
3257,ReFAM_new2_sta4_j4_k3,0.1000000014901161,resnet18,cifar,resnet18cifar,2,NO,NO,1.0,1.0,1.0,1.0,1.0,1.0,1.0,1.0,1.0,1.0,1.0,1.0,1.0,0.2857142857142857
3258,ReFAM_sta2_j5_k3_const1,0.1049000024795532,resnet34,mnist,resnet34mnist,2,NO,YES,0.22878343693329087,0.238389422464525,0.4187980597524984,0.4186660268714012,0.11601637196753045,1.0,1.0,1.0,1.0,0.38093833491171697,1.0,0.9681829566534783,0.32047477744807124,1.0
3259,mul8_172,0.101000003516674,vgg16,mnist,vgg16mnist,2,NO,NO,1.0,1.0,1.0,1.0,1.0,0.06366323556779356,0.04645454018679445,0.06366323556779356,0.04645454018679445,1.0,0.13231579513086472,1.0,1.0,0.14285714285714285
3260,ReFAM_new_sta2_j4_k4,0.1289000064134597,resnet18,cifar,resnet18cifar,2,NO,NO,0.28511269223883595,0.08703454990701348,0.23268400643639853,0.23272552783109407,0.07621903001406873,0.008627433975286692,0.0008112336546076141,0.008627433975286692,0.0008112336546076141,0.24991938401884056,0.017562088341902392,0.653352040057912,0.2314540059347181,0.046083
3261,ReFAM_sta3_j2_k6_const1,0.100500002503395,resnet34,cifar,resnet34cifar,2,NO,YES,0.05719585923332272,0.1860805225078338,0.3634782233421789,0.3634836852207294,0.08334907430411266,1.0,1.0,1.0,1.0,0.3279362829367258,1.0,1.0,0.3219584569732938,1.0
3262,mul8_179,0.0970000028610229,resnet34,cifar,resnet34cifar,2,NO,NO,0.4094094232195541,0.09262294698494382,0.27810493265446773,0.2780710172744722,0.08511512632957693,0.022169343429689573,0.013357260629004589,0.022169343429689573,0.013357260629004589,0.28077607268900173,0.06763061094092426,0.9773798639350504,0.39762611275964393,0.14285714285714285
3263,mul8_187,0.1142999976873397,vgg16,mnist,vgg16mnist,2,NO,NO,1.0,0.5559526799735053,0.8750272495477646,0.875,0.6313619492716398,0.04934982573486766,0.03473906195401956,0.04934982573486766,0.03473906195401956,0.8295147211772262,0.11262935693257614,0.9949968335678462,1.0,0.14732142857142858
3264,mul8_140,0.1000000014901161,resnet18,cifar,resnet18cifar,2,NO,NO,1.0,0.2928668967212697,0.6056245679000284,0.6055662188099808,0.3201268077511912,0.03867529590743441,0.024358080642244203,0.03867529590743441,0.024358080642244203,0.5808184803832939,0.09354081200026275,0.9937852405572106,0.6379821958456974,0.14285714285714285
3265,mul8_466,0.1124000027775764,resnet18,cifar,resnet18cifar,2,NO,NO,0.37580144137863625,0.17591562620691414,0.35054257705493175,0.35052783109404995,0.12945260922867843,0.02617319551120482,0.016689991097500804,0.02617319551120482,0.016689991097500804,0.35032339741201995,0.07591602324095473,0.9896994231188236,0.5682492581602374,0.5
3266,ReFAM_sta3_j4_k5_const0,0.101000003516674,vgg16,mnist,vgg16mnist,2,YES,NO,1.0,0.7940893351336203,1.0,1.0,1.0,0.11571511941994735,0.09102498143117772,0.11571511941994735,0.09102498143117772,1.0,0.1949968052644465,1.0,1.0,0.14285714285714285
3267,ReFAM_new2_sta1_j6_k2,0.1950999945402145,resnet18,cifar,resnet18cifar,2,NO,NO,0.2911789197332793,0.25633709525386594,0.30625761197759793,0.30614203454894434,0.2514002330539227,0.015768781155877404,0.02073035611752704,0.015768781155877404,0.02073035611752704,0.40048039585950196,0.08214202540262626,0.4295300851780431,0.3323442136498516,0.2857142857142857
3268,ReFAM_new_sta2_j3_k3,0.8709999918937683,resnet18,cifar,resnet18cifar,1,NO,NO,0.018198682483329957,0.002408852508088554,0.029057574630404627,0.029030710172744723,0.002245729922033747,0.0016252098137739014,0.00010535502007891092,0.0016252098137739014,0.00010535502007891092,0.0378971244065334,0.005919964410048787,0.3827992482014462,0.02373887240356083,0.040816285714285715
3269,mul8_275,0.1870999932289123,vgg16,mnist,vgg16mnist,2,NO,NO,0.7470125857443058,0.35312507961174944,0.5741478939114187,0.5741362763915547,0.253437377481466,0.04193926647839889,0.03214030479207309,0.04193926647839889,0.03214030479207309,0.5368512842316299,0.1067668679051492,0.9956810272679698,0.6461424332344213,0.14285714285714285
3270,ReFAM_sta3_j6_k4_const0,0.1134999990463256,resnet34,mnist,resnet34mnist,2,YES,NO,1.0,1.0,1.0,1.0,1.0,0.1826197406530109,0.131528718900515,0.1826197406530109,0.131528718900515,1.0,0.25397401216985244,1.0,1.0,0.14285714285714285
3271,ReFAM_sta2_j2_k2_const1,0.6855000257492065,vgg16,cifar,vgg16cifar,1,NO,YES,0.041596988533325614,0.00047767049652255877,0.026520802242035967,0.02663147792706334,0.00036606052879934093,1.0,1.0,1.0,1.0,0.023207154108702416,1.0,0.9226942570491296,0.010385756676557863,1.0
3272,ReFAM_new1_sta3_j6_k2,0.1009000018239021,resnet34,mnist,resnet34mnist,2,NO,YES,0.7678110800109686,0.24643259750847069,0.45367868009256745,0.45369481765834935,0.2764669943355489,1.0,1.0,1.0,1.0,0.4812870861766993,1.0,0.6629378788773522,0.3323442136498516,1.0
3273,ReFAM_sta3_j2_k6_const1,0.1027999967336654,resnet18,mnist,resnet18mnist,2,NO,YES,0.05719585923332272,0.1860805225078338,0.3634782233421789,0.3634836852207294,0.08334907430411266,1.0,1.0,1.0,1.0,0.3279362829367258,1.0,1.0,0.3219584569732938,1.0
3274,ReFAM_new2_sta3_j4_k1,0.0100999996066093,resnet34,cifar100,resnet34cifar100,2,NO,NO,0.12132454988886637,0.004506025017196138,0.06503361941090559,0.06501919385796545,0.005855658930233533,0.009257101146048453,0.009611889665199306,0.009257101146048453,0.009611889665199306,0.06954248201190658,0.05575261401025898,0.5647530284734539,0.03560830860534125,0.2857142857142857
3275,mul8_356,0.1064999997615814,resnet34,cifar,resnet34cifar,2,NO,NO,0.5209643657248552,0.5224626865844648,0.617017860264998,0.6170825335892515,0.3134421630976848,0.04430616459517911,0.03182775156583899,0.04430616459517911,0.03182775156583899,0.5847433312626434,0.1069549691573661,1.0,0.8100890207715133,0.2857142857142857
3276,mul8_045,0.1134999990463256,resnet34,mnist,resnet34mnist,2,NO,NO,0.604022937660999,0.4629731724326803,0.5954165589107254,0.5954894433781189,0.29998979473781734,0.041942880063310005,0.029499405622095055,0.041942880063310005,0.029499405622095055,0.5674049393742241,0.10276747699491827,1.0,0.766320474777448,0.2857142857142857
3277,ReFAM_new2_sta2_j5_k3,0.0949999988079071,resnet18,mnist,resnet18mnist,2,NO,NO,0.38823855964437237,0.29735306855526966,0.4054223507956455,0.4054702495201536,0.24148576102378488,0.0388875940209624,0.062052350909477215,0.0388875940209624,0.062052350909477215,0.4404911755341232,0.14395194759439398,0.6802137698054731,0.3560830860534125,0.2857142857142857
3278,mul8_024,0.09740000218153,resnet18,cifar,resnet18cifar,2,NO,NO,0.42891478497085,1.0,1.0,1.0,1.0,0.07492587633951076,0.03905335002625096,0.07492587633951076,0.03905335002625096,1.0,0.12737589795954926,1.0,1.0,0.42857142857142855
3279,mul8_370,0.1203000023961067,vgg16,mnist,vgg16mnist,2,NO,NO,1.0,0.5429154598884162,0.8506797288071873,0.85052783109405,0.611419280304165,0.04777068912871047,0.03251958286435717,0.04777068912871047,0.03251958286435717,0.8104092513442293,0.10898078978640058,0.9942831136514969,1.0,0.14732142857142858
3280,mul8_434,0.1017000004649162,resnet34,cifar,resnet34cifar,2,NO,NO,0.7652654344395375,0.15538653516928644,0.42726834460218677,0.42730326295585414,0.18394552741785877,0.028217581174668042,0.01619657842013124,0.028217581174668042,0.01619657842013124,0.42269104237499716,0.07538381612654735,0.975205105388229,0.594213649851632,0.14285714285714285
3281,ReFAM_sta2_j1_k1_const0,0.708299994468689,vgg16,cifar,vgg16cifar,0,YES,NO,0.006932831422220936,1.592234988408529e-05,0.003689850746718048,0.003598848368522073,2.0951416182239038e-05,0.0005989516990172855,0.00019315087014467003,0.0005989516990172855,0.00019315087014467003,0.004060406186414293,0.007856213014218065,0.5090726935443474,0.002225519287833828,0.14285714285714285
3282,mul8_181,0.1084999963641166,resnet18,cifar,resnet18cifar,2,NO,NO,0.4954807957068525,0.09212222582987287,0.29719716501977805,0.29726487523992323,0.09809476642790599,0.020738363804888096,0.011306349571468456,0.020738363804888096,0.011306349571468456,0.30070078631579444,0.06230107546144521,0.9708861326561987,0.3983679525222552,0.2857142857142857
3283,ReFAM_new1_sta4_j2_k3,0.1000000014901161,resnet34,cifar,resnet34cifar,2,NO,YES,1.0,1.0,1.0,1.0,1.0,1.0,1.0,1.0,1.0,1.0,1.0,1.0,1.0,1.0
3284,mul8_173,0.0093999998643994,resnet34,cifar100,resnet34cifar100,2,NO,NO,0.9940217848004619,0.39382555384301837,0.5879504890808609,0.5878119001919386,0.4372159776419858,0.03490361665645828,0.021383557242016283,0.03490361665645828,0.021383557242016283,0.6141538196475145,0.08727524886094241,0.9887515297634442,0.7640949554896143,0.19642857142857142
3285,ReFAM_new1_sta1_j4_k1,0.1032000035047531,resnet18,mnist,resnet18mnist,2,NO,YES,0.13519021273330825,0.005856240287366571,0.077486865681079,0.07749520153550864,0.006687692045370701,1.0,1.0,1.0,1.0,0.07845449972034493,1.0,0.6124785934932364,0.03560830860534125,1.0
3286,mul8_186,0.1134999990463256,resnet18,mnist,resnet18mnist,2,NO,NO,0.5976994397253085,0.15187035352711895,0.38230853534208414,0.3821976967370442,0.14448415649113777,0.02699528607848345,0.01672862127152974,0.02699528607848345,0.01672862127152974,0.37659908168391937,0.07619295008449628,0.9922936575651257,0.5044510385756676,0.28968257142857146
3287,ReFAM_sta1_j3_k6_const1,0.1009000018239021,resnet34,mnist,resnet34mnist,2,NO,YES,0.8804695906220588,1.0,1.0,1.0,0.4995084062368939,1.0,1.0,1.0,1.0,0.8698077072026156,1.0,1.0,0.7537091988130564,1.0
3288,ReFAM_sta4_j1_k7_const0,0.1010999977588653,vgg16,mnist,vgg16mnist,2,YES,NO,1.0,0.10106472753674878,0.6484912687356968,0.6485124760076776,0.13298597150433497,0.05558868008390744,0.04768719392171771,0.05558868008390744,0.04768719392171771,0.5333577053349642,0.13130363124988803,0.9982599895334655,0.3805637982195846,0.14285714285714285
3289,ReFAM_new_sta3_j1_k4,0.9905999898910522,resnet18,mnist,resnet18mnist,0,NO,NO,0.0028164627652772552,0.00043417013986192136,0.009166972948877649,0.009117082533589253,0.00047061709627710564,0.0007651766049285684,0.00012115827309074755,0.0007651766049285684,0.00012115827309074755,0.015841945430041124,0.006243170133104029,0.21078765763435955,0.01483679525222552,0.063492
3290,mul8_332,0.1134999990463256,resnet34,mnist,resnet34mnist,2,NO,NO,1.0,0.3139761699997452,0.6260998153628206,0.6259596928982726,0.32695755144018157,1.0,1.0,1.0,1.0,0.5949029331342947,1.0,0.9963020959540939,0.7655786350148368,1.0
3291,mul8_313,0.101000003516674,vgg16,mnist,vgg16mnist,2,NO,NO,1.0,1.0,1.0,1.0,1.0,0.09031794126840442,0.05873015594298889,0.09031794126840442,0.05873015594298889,1.0,0.1555769035548151,1.0,1.0,1.0
3292,mul8_126,0.1030000001192092,resnet18,cifar,resnet18cifar,2,NO,NO,0.553814076061799,0.10864468582019209,0.33999168499513927,0.33997120921305185,0.10761154338595087,0.024879532113025706,0.014992019357229023,0.024879532113025706,0.014992019357229023,0.3305404894108816,0.07196888267856183,0.9769451158547636,0.39243323442136496,0.14285714285714285
3293,mul8_495,0.1071000024676323,resnet34,cifar,resnet34cifar,2,NO,NO,1.0,0.9572565038086261,0.9465782412630459,0.9464971209213051,0.7401164075121125,0.05540619404589613,0.0711058589682583,0.05540619404589613,0.0711058589682583,0.8976558974615771,0.15702946322471234,0.9989278929073956,1.0,1.0
3294,ReFAM_new1_sta3_j3_k4,0.1000000014901161,resnet34,cifar,resnet34cifar,2,NO,YES,0.5546265137776748,0.06534532392428605,0.301753400101527,0.30182341650671785,0.08115986295589439,1.0,1.0,1.0,1.0,0.2906650917993278,1.0,0.9456870343257536,0.18397626112759644,1.0
3295,mul8_302,0.2838999927043915,resnet34,mnist,resnet34mnist,2,NO,NO,0.11812513831431988,0.012228048047283011,0.08527847628292348,0.08517274472168906,0.012003292237354588,0.007309378878957552,0.003021933159263428,0.007309378878957552,0.003021933159263428,0.09571564102759904,0.031552492192305166,0.9116952324324105,0.1446587537091988,0.14285714285714285
3296,mul8_296,0.2635999917984009,vgg16,mnist,vgg16mnist,2,NO,NO,0.15040994768131835,1.0,1.0,1.0,1.0,0.055591390272590774,0.029611784310179228,0.055591390272590774,0.029611784310179228,1.0,0.10726473907669157,0.9886741507140253,0.9903560830860534,0.5714285714285714
3297,ReFAM_sta3_j4_k3_const1,0.1009000018239021,resnet34,mnist,resnet34mnist,2,NO,YES,0.1022592634777588,0.040270011209334315,0.17477785401173415,0.17466410748560462,0.01902974471397198,1.0,1.0,1.0,1.0,0.1573520195319397,1.0,0.9594829043208054,0.13056379821958458,1.0
3298,ReFAM_new_sta1_j6_k2,0.6951000094413757,vgg16,cifar,vgg16cifar,0,NO,NO,0.15598870699997106,0.05367424145925152,0.11346291046157997,0.11348368522072937,0.06326384873307989,0.0038032981189483742,0.0005917440294432163,0.0038032981189483742,0.0005917440294432163,0.18597271018867897,0.014061315036754387,0.2863533901186954,0.23738872403560832,0.05442171428571429
3299,mul8_448,0.1001999974250793,resnet18,cifar,resnet18cifar,2,NO,NO,0.3325050980055901,1.0,1.0,1.0,1.0,0.07524296841546108,0.039046326358245696,0.07524296841546108,0.039046326358245696,1.0,0.12749458089249566,1.0,1.0,0.42857142857142855
3300,mul8_143,0.1193000003695488,resnet18,cifar,resnet18cifar,2,NO,NO,0.4864258869817726,0.07012510490917892,0.2793751231856672,0.2792706333973129,0.07869952053766333,0.020811538899338167,0.012421356867303597,0.020811538899338167,0.012421356867303597,0.27642643294217933,0.06509199046953655,0.9738682804949816,0.28857566765578635,0.4375
3301,ReFAM_new2_sta3_j2_k5,0.0099999997764825,resnet34,cifar100,resnet34cifar100,2,NO,NO,0.5303616037999016,0.07604195857641455,0.2894190629615173,0.2893474088291747,0.0950307930932711,0.04032760760804167,0.07277924787051165,0.04032760760804167,0.07277924787051165,0.29432265967411303,0.15557466425419347,0.9379817100362663,0.18694362017804153,0.2857142857142857
3302,ReFAM_new2_sta1_j6_k1,0.9884999990463256,vgg16,mnist,vgg16mnist,0,NO,NO,0.12479096559997684,0.05619952615086745,0.13283462688184972,0.13291746641074856,0.05765829733352183,0.008505475484536566,0.008841042101621942,0.008505475484536566,0.008841042101621942,0.186287651534122,0.05343045926562883,0.3261252033745411,0.142433234421365,0.2857142857142857
3303,ReFAM_new2_sta2_j3_k4,0.1028999984264373,resnet18,mnist,resnet18mnist,2,NO,NO,0.33970873968882587,0.06882276513897027,0.22854013062484907,0.2286468330134357,0.06650391977667787,0.026032265699671344,0.03814905277057364,0.026032265699671344,0.03814905277057364,0.2391315344465276,0.11210461415357421,0.8190399296257909,0.18397626112759644,0.2857142857142857
3304,ReFAM_new1_sta3_j1_k7,0.1000000014901161,resnet34,cifar,resnet34cifar,2,NO,YES,0.9601971519775996,0.26814192545792676,0.5531235818981118,0.5530230326295587,0.2977074716924416,1.0,1.0,1.0,1.0,0.542961992521874,1.0,1.0,0.37833827893175076,1.0
3305,ReFAM_sta2_j1_k7_const1,0.0975999981164932,resnet18,cifar,resnet18cifar,2,NO,YES,0.18198682483329956,0.24609185922095125,0.42315588417989486,0.42322456813819576,0.1149312779262871,1.0,1.0,1.0,1.0,0.3829024995587083,1.0,1.0,0.3264094955489614,1.0
3306,mul8_322,0.699999988079071,resnet34,cifar100,resnet34cifar100,0,NO,NO,0.0,0.0,0.0,0.0,0.0,0.0,0.0,0.0,0.0,0.0,0.0,0.0,0.0,0.0
3307,mul8_113,0.0989999994635582,resnet34,mnist,resnet34mnist,2,NO,NO,0.3884010513472464,1.0,1.0,1.0,1.0,0.07342714199762587,0.03736240195398444,0.07342714199762587,0.03736240195398444,1.0,0.12464395120116085,1.0,1.0,0.44642857142857145
3308,ReFAM_sta3_j1_k8_const0,0.1134999990463256,resnet34,mnist,resnet34mnist,2,YES,NO,1.0,0.799380332000102,1.0,1.0,1.0,0.11735388017713791,0.094642170453887,0.11735388017713791,0.094642170453887,1.0,0.19857670052489207,1.0,1.0,0.14285714285714285
3309,ReFAM_sta3_j2_k1_const1,0.6061999797821045,resnet18,mnist,resnet18mnist,2,NO,YES,0.022531702122218042,7.563116194940513e-05,0.01245324627017341,0.012476007677543186,8.563891364490207e-05,1.0,1.0,1.0,1.0,0.0109956313846216,1.0,0.8272431270095645,0.004451038575667656,1.0
3310,mul8_318,0.9890000224113464,vgg16,mnist,vgg16mnist,0,YES,NO,0.001733207855555234,0.0008144281965709627,0.000922462686679512,0.0009596928982725527,0.001071664937721527,5.691396235005881e-05,3.1606506023673276e-05,5.691396235005881e-05,3.1606506023673276e-05,0.021655499660876227,0.0031544281423359186,0.0009947280431856548,0.18991097922848665,0.07128928571428571
3311,ReFAM_new2_sta2_j1_k3,0.1150000020861625,resnet18,mnist,resnet18mnist,2,YES,NO,0.07452793778887505,0.0010373410949481568,0.03966589552721901,0.039587332053742805,0.0013649847642728734,0.005786252838922645,0.005473193293099422,0.005786252838922645,0.005473193293099422,0.037993678158708875,0.04194881854499203,0.7954260836630428,0.02225519287833828,0.2857142857142857
3312,mul8_401,0.1018999963998794,resnet34,cifar,resnet34cifar,2,NO,NO,0.7903427821331866,0.15312683107023667,0.44118827333552385,0.44121880998080615,0.17969368290342083,0.028764135892474164,0.017943715836439843,0.028764135892474164,0.017943715836439843,0.42815309807002416,0.07911075879447997,0.9801135842993837,0.594213649851632,1.0
3313,mul8_307,0.1924999952316284,resnet18,mnist,resnet18mnist,2,NO,NO,0.1022321838382236,0.005279975415891779,0.0701456751598864,0.07005758157389635,0.004534897426331287,0.00734641812429648,0.007251937215431701,0.00734641812429648,0.007251937215431701,0.06804904025410628,0.048350232588691235,0.9097994457216513,0.08531157270029674,1.0
3314,ReFAM_new1_sta1_j6_k3,0.1027999967336654,resnet18,mnist,resnet18mnist,2,NO,YES,1.0,1.0,1.0,1.0,1.0,1.0,1.0,1.0,1.0,1.0,1.0,0.802386125529181,0.712166172106825,1.0
3315,mul8_372,0.1000000014901161,vgg16,cifar,vgg16cifar,2,NO,NO,1.0,0.776625920974193,0.9454194178070839,0.9452975047984645,0.7372008300748149,0.05257585366426543,0.03845107049479986,0.05257585366426543,0.03845107049479986,0.8962876299056917,0.11869189014886869,0.9989126207265893,1.0,0.14285714285714285
3316,mul8_059,0.1040999963879585,resnet34,cifar,resnet34cifar,2,NO,NO,0.2878749957250428,1.0,1.0,1.0,1.0,0.07492135935837187,0.03914465771031935,0.07492135935837187,0.03914465771031935,1.0,0.12748637012354969,1.0,1.0,0.42857142857142855
3317,ReFAM_new2_sta2_j5_k4,0.0102000003680586,resnet34,cifar100,resnet34cifar100,2,NO,NO,0.8250069392442914,1.0,0.8221592820601317,0.8222168905950096,0.9529852067444573,0.06552784538192882,0.10930583333187008,0.06552784538192882,0.10930583333187008,0.8834077020637656,0.19394508040582098,0.7595232228781341,0.7359050445103857,0.2857142857142857
3318,mul8_331,0.1000000014901161,vgg16,cifar,vgg16cifar,2,NO,NO,0.20175623040214213,1.0,1.0,1.0,1.0,0.07842472992969769,0.04366614398870595,0.07842472992969769,0.04366614398870595,1.0,0.13436624806673714,1.0,1.0,0.42857142857142855
3319,ReFAM_new2_sta1_j4_k1,0.8727999925613403,resnet34,cifar,resnet34cifar,1,NO,NO,0.03119774139999421,0.0035124703844292156,0.03320865672046243,0.033109404990403074,0.0036036435833451145,0.0033705713258423715,0.002588221659938578,0.0033705713258423715,0.002588221659938578,0.046571914236999225,0.028790688092295014,0.3261252033745411,0.03560830860534125,0.2857142857142857
3320,ReFAM_sta1_j2_k2_const1,0.1754000037908554,resnet34,mnist,resnet34mnist,2,NO,YES,0.027731325688883743,0.0009744478129060199,0.02974942164541426,0.02975047984644914,0.00046086568702397257,1.0,1.0,1.0,1.0,0.0260344907305515,1.0,0.9226942570491296,0.019287833827893175,1.0
3321,mul8_000,0.009800000116229,resnet34,cifar100,resnet34cifar100,2,NO,NO,0.15252229128886058,0.344381321172904,0.3635502935069638,0.3634836852207294,0.29855618287234964,0.017958613612013,0.009899860053414995,0.017958613612013,0.009899860053414995,0.4490579991640922,0.057979225261699595,0.8805929271476249,0.6083086053412463,0.7999999999999999
3322,ReFAM_new_sta2_j6_k1,0.9890999794006348,vgg16,mnist,vgg16mnist,0,NO,NO,0.03336425121943825,0.015729241637581843,0.07737155784524406,0.0772552783109405,0.013715828228075898,0.0033479864201479037,0.0002598757161946469,0.0033479864201479037,0.0002598757161946469,0.09601045899998222,0.009487170300305143,0.4031815007055748,0.0712166172106825,0.031746
3323,ReFAM_sta3_j6_k3_const0,0.1005999967455864,resnet18,cifar,resnet18cifar,2,YES,NO,1.0,0.7691692653300385,1.0,1.0,1.0,0.10875083790000126,0.07892144554111216,0.10875083790000126,0.07892144554111216,1.0,0.18197975075091213,1.0,1.0,0.14285714285714285
3324,ReFAM_new2_sta1_j2_k4,0.6037999987602234,resnet34,cifar,resnet34cifar,2,NO,NO,0.08319397706665123,0.017552798512215625,0.08377114273408318,0.08373320537428024,0.016871221994509477,0.007799019634413614,0.008458252195335232,0.007799019634413614,0.008458252195335232,0.10560525837110325,0.05220705469267838,0.5448666127728374,0.09198813056379822,0.2857142857142857
3325,ReFAM_sta3_j4_k1_const1,0.1283999979496002,resnet34,mnist,resnet34mnist,2,NO,YES,0.048529819955546546,0.001846992586553894,0.04104958955723828,0.04102687140115163,0.001177207696739556,1.0,1.0,1.0,1.0,0.03770327520131907,1.0,0.7815059999307661,0.02373887240356083,1.0
3326,mul8_174,0.9908999800682068,resnet18,mnist,resnet18mnist,0,NO,NO,0.005199623566665702,6.926222199577102e-05,0.0055347761200770715,0.005518234165067179,6.285424854671712e-05,0.0008654535862120053,0.00037401032128013377,0.0008654535862120053,0.00037401032128013377,0.006630616233039964,0.01090688689441847,0.3818045201582605,0.002967359050445104,0.2857142857142857
3327,mul8_098,0.9800999760627748,resnet34,mnist,resnet34mnist,0,NO,NO,0.02859792961666136,0.00036283054798359364,0.0170079057856535,0.017034548944337813,0.0004065188532042848,0.0019685003803298117,0.0007357292235510612,0.0019685003803298117,0.0007357292235510612,0.01825929201149813,0.015372798767488937,0.5786720940603434,0.01483679525222552,0.2857142857142857
3328,ReFAM_new1_sta2_j2_k3,0.902400016784668,vgg16,mnist,vgg16mnist,2,YES,YES,0.17332078555552338,0.004853132244669198,0.09224626866795119,0.09213051823416507,0.006385991652346459,1.0,1.0,1.0,1.0,0.0858572969325426,1.0,0.9226942570491296,0.04451038575667656,1.0
3329,mul8_195,0.1134999990463256,resnet18,mnist,resnet18mnist,2,NO,NO,1.0,1.0,1.0,1.0,1.0,0.07571454124636157,0.04996813010642613,0.07571454124636157,0.04996813010642613,1.0,0.14060046099735465,1.0,1.0,0.42857142857142855
3330,ReFAM_sta2_j2_k6_const1,0.098700001835823,vgg16,mnist,vgg16mnist,2,NO,YES,0.18718644839996526,0.2457455481109724,0.42314912806317756,0.42322456813819576,0.11515202157787144,1.0,1.0,1.0,1.0,0.38302447686748564,1.0,1.0,0.3264094955489614,1.0
3331,mul8_149,0.0093000000342726,resnet34,cifar100,resnet34cifar100,2,NO,NO,0.7669444760831909,0.6687313310447609,0.685430763064972,0.6854606525911708,0.5066911123640625,0.044990938935835376,0.032156108045084925,0.044990938935835376,0.032156108045084925,0.6887403953832434,0.10763497011280103,1.0,0.9851632047477745,0.14285714285714285
3332,ReFAM_new_sta3_j3_k4,0.19930000603199,resnet34,cifar100,resnet34cifar100,2,NO,NO,0.04798819250068554,0.011692897944106183,0.06816854981397397,0.06813819577735125,0.010468397019017629,0.004348046044298936,0.0008639111646470695,0.004348046044298936,0.0008639111646470695,0.08412763698444146,0.01693732346846766,0.463335566465549,0.08605341246290801,0.06762471428571429
3333,mul8_140,0.1000000014901161,vgg16,cifar,vgg16cifar,2,NO,NO,1.0,0.2928668967212697,0.6056245679000284,0.6055662188099808,0.3201268077511912,0.03867529590743441,0.024358080642244203,0.03867529590743441,0.024358080642244203,0.5808184803832939,0.09354081200026275,0.9937852405572106,0.6379821958456974,0.14285714285714285
3334,mul8_257,0.1474000066518783,vgg16,mnist,vgg16mnist,2,NO,NO,0.6547192674359896,0.49437179762056405,0.6166866887807786,0.6166026871401151,0.3318198439422539,0.041970885346371146,0.029360688178991155,0.041970885346371146,0.029360688178991155,0.5913874307511597,0.10256146133772832,1.0,0.81973293768546,0.42857142857142855
3335,ReFAM_new2_sta3_j7_k1,0.1032999977469444,resnet34,mnist,resnet34mnist,2,NO,NO,0.6092225612276647,0.2707816520393346,0.37313615676186257,0.3730806142034549,0.31433383508943,0.048658727620616946,0.08311808717425545,0.048658727620616946,0.08311808717425545,0.46081585541190245,0.1673033744767501,0.42586374363913665,0.28486646884273,0.2857142857142857
3336,ReFAM_new2_sta4_j5_k2,0.1023999974131584,resnet34,mnist,resnet34mnist,2,NO,NO,1.0,1.0,1.0,1.0,1.0,1.0,1.0,1.0,1.0,1.0,1.0,1.0,1.0,0.2857142857142857
3337,ReFAM_sta1_j3_k7_const0,0.1000000014901161,resnet18,cifar,resnet18cifar,2,YES,NO,1.0,1.0,1.0,1.0,1.0,0.09772308014750654,0.05828590894165615,0.09772308014750654,0.05828590894165615,1.0,0.1581588171715543,0.9530197174035663,1.0,0.14285714285714285
3338,ReFAM_sta2_j5_k5_const1,0.1009000018239021,resnet34,mnist,resnet34mnist,2,NO,YES,0.006932831422220936,1.0,1.0,1.0,1.0,1.0,1.0,1.0,1.0,1.0,1.0,1.0,1.0,1.0
3339,ReFAM_sta2_j7_k1_const0,0.1134999990463256,resnet18,mnist,resnet18mnist,2,YES,NO,1.0,0.207474587929585,0.8560453732385871,0.8560460652591171,0.27300533342104755,0.048516894412855685,0.0246583424494691,0.048516894412855685,0.0246583424494691,0.716761055455379,0.0971132429253029,0.9560028833877363,0.42729970326409494,0.14285714285714285
3340,ReFAM_new1_sta3_j3_k1,0.302700012922287,resnet18,cifar,resnet18cifar,2,YES,YES,0.07972756135554075,0.0010158459226046416,0.04243328358725755,0.04246641074856046,0.0013367003524268506,1.0,1.0,1.0,1.0,0.03941360490903541,1.0,0.7556552885525841,0.017804154302670624,1.0
3341,mul8_367,0.1000000014901161,resnet18,cifar,resnet18cifar,2,NO,NO,0.7747439114331895,0.352297117417777,0.5798675684524137,0.57989443378119,0.25893833088002566,0.042053094403099005,0.03215084029408098,0.042053094403099005,0.03215084029408098,0.5423712467327502,0.1068116539175818,0.9955252510237451,0.6461424332344213,0.14285714285714285
3342,ReFAM_new1_sta2_j2_k2,0.1297000050544738,resnet34,cifar,resnet34cifar,2,YES,YES,0.09532643205553787,0.001209302473696278,0.050735447767373154,0.05062380038387716,0.001591260059041055,1.0,1.0,1.0,1.0,0.04561812211687306,1.0,0.8908772137026079,0.020771513353115726,1.0
3343,mul8_462,0.1071000024676323,resnet34,cifar,resnet34cifar,2,NO,NO,0.6913332833845939,0.13546873357450387,0.39517245093081504,0.3951535508637236,0.15267951745656114,0.024594058905047636,0.011129001954335622,0.024594058905047636,0.011129001954335622,0.3883199422174965,0.06280417166777139,0.9666139946119746,0.5044510385756676,0.14285714285714285
3344,ReFAM_sta2_j4_k2_const1,0.0993999987840652,resnet34,mnist,resnet34mnist,2,NO,YES,0.06586189851109889,0.009626652739917968,0.08740333956288375,0.08733205374280231,0.004775286064351547,1.0,1.0,1.0,1.0,0.0787341967400899,1.0,0.8988319836119318,0.04154302670623145,1.0
3345,ReFAM_sta1_j8_k2_const0,0.1134999990463256,resnet34,mnist,resnet34mnist,2,YES,NO,1.0,1.0,1.0,1.0,1.0,0.07445972388597694,0.03618769348010458,0.07445972388597694,0.03618769348010458,1.0,0.12356162256737309,0.8690033782063944,1.0,0.14285714285714285
3346,ReFAM_sta4_j3_k6_const1,0.1000000014901161,resnet34,cifar,resnet34cifar,2,NO,YES,0.8733201082178935,0.4362357529742949,0.6742945499812275,0.6741842610364683,0.28025000802117006,1.0,1.0,1.0,1.0,0.6059868106800343,1.0,1.0,0.47774480712166173,1.0
3347,mul8_414,0.5410000085830688,resnet34,cifar100,resnet34cifar100,2,NO,NO,0.022531702122218042,0.0003240198201411357,0.013836940300192679,0.013915547024952016,0.00036769735399829514,0.0015186090588960135,0.00041966416331432846,0.0015186090588960135,0.00041966416331432846,0.01624162474565717,0.011614505890853501,0.4295300851780431,0.011869436201780416,0.14285714285714285
3348,mul8_077,0.1002999991178512,resnet34,cifar,resnet34cifar,2,NO,NO,1.0,0.8620182993783915,1.0,1.0,0.9749229196263088,0.05588409065039107,0.040684596920472764,0.05588409065039107,0.040684596920472764,1.0,0.12264500217958595,0.9988505138579769,1.0,0.1462052857142857
3349,ReFAM_new_sta1_j7_k2,0.989199995994568,vgg16,mnist,vgg16mnist,0,NO,NO,0.3119774139999421,0.22611010623391842,0.2398402985366731,0.23992322456813822,0.26065237843999944,0.005212596234283164,0.0008551315796404937,0.005212596234283164,0.0008551315796404937,0.38066894590981054,0.017020177591467966,0.30425034973294046,0.47477744807121663,0.05442171428571429
3350,mul8_245,0.0097000002861022,resnet34,cifar100,resnet34cifar100,2,NO,NO,0.5580116836373483,0.1574520361501032,0.3830713234275502,0.3831573896353167,0.13511494506714275,0.02898004759091328,0.019385323694519608,0.02898004759091328,0.019385323694519608,0.37154423059064057,0.08200244233054466,0.9925115406779627,0.4970326409495549,0.22321428571428573
3351,ReFAM_sta4_j2_k4_const0,0.1134999990463256,resnet18,mnist,resnet18mnist,2,YES,NO,0.24611551548884322,0.005480472830102158,0.13098970150849068,0.13099808061420348,0.0072114774499266775,0.014907844550804293,0.009827867456361074,0.014907844550804293,0.009827867456361074,0.11129760135646151,0.05718725927518318,0.9535165723524657,0.0712166172106825,0.14285714285714285
3352,ReFAM_new_sta2_j1_k3,0.9193000197410583,resnet18,cifar,resnet18cifar,0,YES,NO,0.006066227494443318,7.94127200468754e-05,0.0032286194033782916,0.0031190019193857964,0.00010449518820891721,0.00023578641545024363,1.4047336010521454e-05,0.00023578641545024363,1.4047336010521454e-05,0.007161882485407868,0.0021303213247105333,0.11135965171282598,0.005934718100890208,0.031746
3353,ReFAM_sta4_j5_k5_const1,0.1009000018239021,resnet34,mnist,resnet34mnist,2,NO,YES,1.0,1.0,1.0,1.0,1.0,1.0,1.0,1.0,1.0,1.0,1.0,1.0,1.0,1.0
3354,ReFAM_new1_sta3_j5_k4,0.0979999974370002,vgg16,mnist,vgg16mnist,2,NO,YES,1.0,1.0,0.9335106200841411,0.9335412667946258,1.0,1.0,1.0,1.0,1.0,0.9686600850965311,1.0,0.8464606211908635,0.7359050445103857,1.0
3355,mul8_050,0.989400029182434,vgg16,mnist,vgg16mnist,0,NO,NO,0.03249764729166064,0.0009031455430158204,0.017411483211075787,0.01751439539347409,0.0011834767459673395,0.0015547449080071621,0.0003213328112406783,0.0015547449080071621,0.0003213328112406783,0.026087211044475905,0.010179114192388766,0.4474270447922881,0.02967359050445104,0.14285714285714285
3356,mul8_352,0.1134999990463256,resnet34,mnist,resnet34mnist,2,NO,NO,1.0,0.9986546409191654,1.0,1.0,1.0,0.05895021744747203,0.03992779669290592,0.05895021744747203,0.03992779669290592,1.0,0.12264500217958595,1.0,1.0,0.2380952857142857
3357,ReFAM_new1_sta3_j4_k2,0.5753999948501587,vgg16,mnist,vgg16mnist,2,NO,YES,0.27991306867217025,0.01622626773749777,0.15070734143626527,0.15067178502879078,0.020713208402270887,1.0,1.0,1.0,1.0,0.14587354088525445,1.0,0.7949292287141434,0.0830860534124629,1.0
3358,ReFAM_new_sta3_j5_k4,0.100100003182888,vgg16,cifar,vgg16cifar,2,NO,NO,0.5749917060804488,0.27699311000433086,0.4313107605877537,0.43138195777351246,0.2507585772614395,0.018291063423835567,0.004396816171293215,0.018291063423835567,0.004396816171293215,0.45797870072789465,0.04029397538560757,0.6760658454984738,0.5103857566765578,0.06762471428571429
3359,mul8_443,0.1041999980807304,vgg16,cifar,vgg16cifar,2,NO,NO,0.47143253671102364,0.0978571701525998,0.30339360886560734,0.30326295585412666,0.09295085893477459,0.022821595506145802,0.014066651097535923,0.022821595506145802,0.014066651097535923,0.3002916760300761,0.06941682640344433,0.9689282390768271,0.4043026706231454,0.14285714285714285
3360,ReFAM_new2_sta3_j5_k3,0.5250999927520752,vgg16,mnist,vgg16mnist,2,NO,NO,0.8250069392442914,0.3146893231090617,0.4876080126319236,0.4875239923224568,0.35873501641153904,0.06495689896597266,0.1280239085658899,0.06495689896597266,0.1280239085658899,0.5336581483233842,0.20857517780046933,0.6952212328111604,0.3560830860534125,0.2857142857142857
3361,mul8_450,0.9879999756813048,vgg16,mnist,vgg16mnist,0,NO,NO,0.07409463582498625,0.005389989096374799,0.06418637802154867,0.06429942418426104,0.003935006086298992,0.00661015019865683,0.005093915220815343,0.00661015019865683,0.005093915220815343,0.06275012355883698,0.04057164866268967,0.8982720036490331,0.07270029673590504,1.0
3362,mul8_244,0.0952000021934509,resnet18,mnist,resnet18mnist,2,NO,NO,0.25945309069819167,1.0,1.0,1.0,1.0,0.043342240820139225,0.02561004946418193,0.043342240820139225,0.02561004946418193,1.0,0.09699978502714034,0.799169804251368,1.0,0.19047614285714287
3363,mul8_170,0.1134999990463256,resnet18,mnist,resnet18mnist,2,NO,NO,0.5606927412721182,0.07071414127582605,0.31098388276145716,0.31094049904030713,0.08362100109215091,0.02259303626051779,0.012465254792336476,0.02259303626051779,0.012465254792336476,0.2976677468096042,0.06560105814418708,0.9668776942672306,0.3241839762611276,0.42857142857142855
3364,ReFAM_new_sta3_j5_k2,0.8299000263214111,resnet18,mnist,resnet18mnist,2,NO,NO,0.04278856893401984,0.011526608908873207,0.06651820871974311,0.06645873320537428,0.010358629515873815,0.004161043025148744,0.0008147454886102444,0.004161043025148744,0.0008147454886102444,0.08312546106419796,0.016446170198790182,0.4267953466683228,0.0830860534124629,0.06762471428571429
3365,mul8_206,0.9915000200271606,resnet18,mnist,resnet18mnist,0,NO,NO,0.0,0.0,0.0,0.0,0.0,0.0,0.0,0.0,0.0,0.0,0.0,0.0,0.0,0.0
3366,ReFAM_new1_sta4_j1_k6,0.1000000014901161,resnet34,cifar,resnet34cifar,2,NO,YES,1.0,1.0,1.0,1.0,1.0,1.0,1.0,1.0,1.0,1.0,1.0,1.0,1.0,1.0
3367,ReFAM_sta4_j8_k1_const1,0.1027999967336654,resnet18,mnist,resnet18mnist,2,NO,YES,0.5596094863623962,0.4011984230249917,0.5698513246962685,0.5698176583493282,0.23735538574717346,1.0,1.0,1.0,1.0,0.5277625657667712,1.0,0.7660485166639855,0.47477744807121663,1.0
3368,mul8_276,0.2513999938964844,resnet18,cifar,resnet18cifar,2,YES,NO,0.07387798484304184,0.002972192711385117,0.0393199720197142,0.03934740882917467,0.003910958302222012,0.003006502646047551,0.0006479333734853022,0.003006502646047551,0.0006479333734853022,0.05041671014797747,0.014560679075377845,0.5846384260286832,0.057863501483679525,0.14285714285714285
3369,ReFAM_sta4_j5_k4_const0,0.1000000014901161,vgg16,cifar,vgg16cifar,2,YES,NO,1.0,0.43316970547474076,1.0,1.0,0.5699861416819112,0.09398844014186934,0.07738852999896402,0.09398844014186934,0.07738852999896402,1.0,0.17489012498283205,1.0,0.8427299703264095,0.14285714285714285
3370,mul8_268,0.5795999765396118,vgg16,cifar,vgg16cifar,2,NO,NO,0.25410452218125096,1.0,1.0,1.0,1.0,0.04410109365147334,0.025978792034458117,0.04410109365147334,0.025978792034458117,1.0,0.09783131199130553,0.839221607488663,1.0,0.19047614285714287
3371,ReFAM_new_sta1_j4_k4,0.1142999976873397,resnet34,mnist,resnet34mnist,2,NO,NO,0.1845866366166324,0.059461816612742975,0.12574319497800096,0.12571976967370443,0.07065959633545477,0.004695853591993741,0.0007848948995878863,0.004695853591993741,0.0007848948995878863,0.19849439109971523,0.016249858177627297,0.36689072652818533,0.27299703264094954,0.05960485714285714
3372,ReFAM_sta2_j7_k1_const1,0.0929000005125999,resnet18,mnist,resnet18mnist,2,NO,YES,0.2773132568888374,0.207474587929585,0.3880108675845697,0.3879558541266795,0.1144812715258817,1.0,1.0,1.0,1.0,0.3620421329996928,1.0,0.8140693438460238,0.28486646884273,1.0
3373,ReFAM_new2_sta1_j3_k6,0.2494000047445297,vgg16,cifar,vgg16cifar,2,NO,NO,0.6603521929665441,0.9961714709703717,0.6797829336078661,0.6797024952015356,0.8939908003577567,0.0333967517485234,0.04080575519356351,0.0333967517485234,0.04080575519356351,0.7997064781092714,0.11708705803670065,0.6534925441213304,0.7537091988130564,0.2857142857142857
3374,ReFAM_new_sta2_j3_k5,0.0127999996766448,resnet34,cifar100,resnet34cifar100,2,NO,NO,0.28511269223883595,0.08703454990701348,0.23268400643639853,0.23272552783109407,0.07621903001406873,0.008627433975286692,0.0008112336546076141,0.008627433975286692,0.0008112336546076141,0.24991938401884056,0.017562088341902392,0.653352040057912,0.2314540059347181,0.046083
3375,mul8_237,0.1134999990463256,resnet18,mnist,resnet18mnist,2,NO,NO,0.637820490844326,0.1401214556849158,0.3911827333936127,0.39107485604606523,0.13786049430341749,0.02859339400542399,0.017666280950232045,0.02859339400542399,0.017666280950232045,0.3776577946999025,0.07850913336080208,0.9798651568249339,0.45178041543026703,0.2380952857142857
3376,mul8_207,0.0998999997973442,resnet18,cifar,resnet18cifar,2,NO,NO,0.24367819540838437,1.0,1.0,1.0,1.0,0.07358794652617048,0.0380981311775355,0.07358794652617048,0.0380981311775355,1.0,0.12564118641132668,1.0,1.0,1.0
3377,ReFAM_sta2_j2_k1_const1,0.5577999949455261,resnet18,mnist,resnet18mnist,2,YES,YES,0.024264909977773273,6.687386951315823e-05,0.012914477613513166,0.012955854126679463,8.799594796540397e-05,1.0,1.0,1.0,1.0,0.01132393146641794,1.0,0.8272431270095645,0.004451038575667656,1.0
3378,ReFAM_new2_sta2_j1_k8,0.1018999963998794,resnet18,mnist,resnet18mnist,2,NO,NO,0.8995348770331664,1.0,0.8490827614040077,0.8490882917466411,0.9472720245006999,0.07078922501251203,0.1242978526890991,0.07078922501251203,0.1242978526890991,0.8956159385657728,0.20702931393800422,0.9337553885344612,0.7581602373887241,0.2857142857142857
3379,ReFAM_new1_sta4_j5_k3,0.1000000014901161,resnet34,cifar,resnet34cifar,2,NO,YES,1.0,1.0,1.0,1.0,1.0,1.0,1.0,1.0,1.0,1.0,1.0,1.0,1.0,1.0
3380,mul8_468,0.1027999967336654,resnet18,cifar,resnet18cifar,2,NO,NO,0.45756687386658174,0.07032424273303951,0.25904085385035486,0.2591170825335893,0.08293957813734096,0.017655072479479353,0.009910395555422885,0.017655072479479353,0.009910395555422885,0.2690221252588803,0.05794265001821298,0.9599797592697047,0.3590504451038576,1.0
3381,ReFAM_new_sta3_j1_k3,0.991699993610382,resnet18,mnist,resnet18mnist,0,NO,NO,0.003466415711110468,6.050492955952411e-05,0.0025367723883686576,0.00263915547024952,7.588341467533027e-05,0.00024120679281691587,3.687425702761882e-05,0.00024120679281691587,3.687425702761882e-05,0.006052896226962023,0.003419412049228785,0.1034058999488891,0.005934718100890208,0.063492
3382,mul8_001,0.1054000034928321,vgg16,mnist,vgg16mnist,2,NO,NO,1.0,0.7456328477313836,0.8853999993033562,0.88531669865643,0.8603522927910576,0.048425651393850036,0.03330798959794769,0.048425651393850036,0.03330798959794769,0.8933256312661388,0.11031765225751361,0.9995021269057137,1.0,0.14285714285714285
3383,ReFAM_sta4_j1_k4_const0,0.148499995470047,resnet34,mnist,resnet34mnist,2,YES,NO,0.10919209489997973,0.0013016521030239727,0.058115149260809254,0.058061420345489445,0.0017127782728980415,0.007424110199885449,0.004256342811188001,0.007424110199885449,0.004256342811188001,0.05066024519022623,0.037260469476839655,0.9067857353758687,0.030415430267062313,0.14285714285714285
3384,ReFAM_sta1_j1_k3_const1,0.645799994468689,resnet18,cifar,resnet18cifar,2,NO,YES,0.032930949255549444,0.0010086808651568033,0.03165200093669075,0.03166986564299425,0.00047209023225171123,1.0,1.0,1.0,1.0,0.027305205674339684,1.0,0.986328343742173,0.019287833827893175,1.0
3385,ReFAM_new2_sta3_j1_k7,0.0099999997764825,resnet34,cifar100,resnet34cifar100,2,NO,NO,0.9047345005998321,0.31366710824650346,0.5280292611953541,0.5280710172744721,0.3549419412189441,0.0712318891641236,0.15026084147054536,0.0712318891641236,0.15026084147054536,0.5524739325374177,0.22614771621193935,0.9982599895334655,0.37833827893175076,0.2857142857142857
3386,ReFAM_new_sta2_j3_k6,0.0096000004559755,resnet34,cifar100,resnet34cifar100,2,NO,NO,0.5884240669610019,0.3612874732504522,0.4859783863597848,0.4858445297504798,0.30539324319542427,0.015570033985766087,0.0017260664122928236,0.015570033985766087,0.0017260664122928236,0.5105071631669272,0.02670963138126034,0.7302230349284956,0.516320474777448,0.04686314285714286
3387,ReFAM_sta2_j2_k3_const0,0.1062000021338462,resnet34,cifar,resnet34cifar,2,YES,NO,0.14558945986663965,0.002401090362520062,0.077486865681079,0.07749520153550864,0.003159473560281647,0.008456692088236515,0.004179082463130133,0.008456692088236515,0.004179082463130133,0.0679166249944924,0.03707908612648764,0.9028088594939003,0.040059347181008904,0.14285714285714285
3388,mul8_227,0.094200000166893,resnet18,cifar,resnet18cifar,2,NO,NO,1.0,0.8730022626805595,1.0,1.0,1.0,0.058348555559771406,0.042767114484032566,0.058348555559771406,0.042767114484032566,1.0,0.12607337143130123,0.9989126207265893,1.0,0.14285714285714285
3389,ReFAM_sta3_j4_k4_const1,0.0982000008225441,vgg16,mnist,vgg16mnist,2,NO,YES,0.034664157111104675,0.18370570402262248,0.36001628729638413,0.3598848368522073,0.08258586799906932,1.0,1.0,1.0,1.0,0.32536217219322366,1.0,0.9901810058869166,0.32047477744807124,1.0
3390,ReFAM_sta1_j4_k2_const1,0.9319000244140624,vgg16,mnist,vgg16mnist,1,NO,YES,0.09705963991109309,0.01635543780093241,0.11807522389497753,0.11804222648752401,0.0076430766232808015,1.0,1.0,1.0,1.0,0.104137962922206,1.0,0.9107626112578372,0.0830860534124629,1.0
3391,mul8_162,0.1000000014901161,vgg16,cifar,vgg16cifar,2,NO,NO,0.2562439523611598,1.0,1.0,1.0,1.0,0.08255686427555751,0.046591501712897034,0.08255686427555751,0.046591501712897034,1.0,0.139416617402053,1.0,1.0,0.42857142857142855
3392,ReFAM_new1_sta1_j3_k6,0.1000000014901161,vgg16,cifar,vgg16cifar,2,NO,YES,1.0,1.0,1.0,1.0,1.0,1.0,1.0,1.0,1.0,1.0,1.0,0.9132489222931078,0.7537091988130564,1.0
3393,mul8_388,0.0102000003680586,resnet34,cifar100,resnet34cifar100,2,NO,NO,0.9825122031178732,0.9869552043538073,0.7801834034409896,0.7802303262955854,0.8859780652441173,0.04517523176630223,0.03365741708120941,0.04517523176630223,0.03365741708120941,0.8455274581192178,0.1098780029021336,1.0,1.0,0.29017857142857145
3394,mul8_272,0.8794999718666077,resnet34,cifar,resnet34cifar,1,NO,NO,0.029406984110803117,0.0008830458054161465,0.01721780294538056,0.01727447216890595,0.001098565315775684,0.0015420973608182601,0.0003213328112406783,0.0015420973608182601,0.0003213328112406783,0.025294503358577157,0.010171649856983335,0.46286925587826244,0.02967359050445104,0.14285714285714285
3395,ReFAM_sta3_j6_k4_const0,0.1000000014901161,resnet18,cifar,resnet18cifar,2,YES,NO,1.0,1.0,1.0,1.0,1.0,0.1826197406530109,0.131528718900515,0.1826197406530109,0.131528718900515,1.0,0.25397401216985244,1.0,1.0,0.14285714285714285
3396,ReFAM_new1_sta4_j2_k5,0.1009000018239021,resnet34,mnist,resnet34mnist,2,NO,YES,1.0,1.0,1.0,1.0,1.0,1.0,1.0,1.0,1.0,1.0,1.0,1.0,1.0,1.0
3397,ReFAM_new1_sta3_j3_k3,0.1072999984025955,vgg16,cifar,vgg16cifar,2,NO,YES,0.30937760221660926,0.016949142422235244,0.16627389927398203,0.16626679462571978,0.021644842588885865,1.0,1.0,1.0,1.0,0.15601919661512412,1.0,0.9192142361160603,0.08902077151335312,1.0
3398,mul8_338,0.0103000001981854,resnet34,cifar100,resnet34cifar100,2,NO,NO,0.6993493697165368,0.23688018272488726,0.4105936360288126,0.4105086372360845,0.2747120221732128,0.027505704947178418,0.018256269062673944,0.027505704947178418,0.018256269062673944,0.45916139960024865,0.07943097878337303,0.9774419708036629,0.7670623145400594,0.42857142857142855
3399,mul8_072,0.1944999992847442,resnet34,cifar,resnet34cifar,2,NO,NO,0.09803456932984292,0.019945277749471378,0.10869204783144668,0.10868522072936661,0.015052579484063506,0.010013243788699236,0.0053678382730205105,0.010013243788699236,0.0053678382730205105,0.11374876029370151,0.04209064091769525,0.9290332302291437,0.19881305637982197,0.1932772857142857
3400,ReFAM_new1_sta1_j1_k6,0.1000000014901161,resnet34,cifar,resnet34cifar,2,NO,YES,0.7244808836220877,0.12771953736020178,0.41287411876401575,0.4129078694817659,0.14123959545848513,1.0,1.0,1.0,1.0,0.3917771831857313,1.0,0.9604766142186039,0.1884272997032641,1.0
3401,mul8_088,0.100100003182888,resnet34,mnist,resnet34mnist,2,NO,NO,0.38190152188891424,1.0,1.0,1.0,1.0,0.07328169520495349,0.03648093161932422,0.07328169520495349,0.03648093161932422,1.0,0.12345786830523757,1.0,1.0,0.44642857142857145
3402,ReFAM_new2_sta2_j1_k2,0.6644999980926514,resnet18,cifar,resnet18cifar,2,YES,NO,0.038130572822215145,0.0002897867678903523,0.02029417910694926,0.02039347408829175,0.0003813157745167505,0.003087808306547635,0.002470575220850461,0.003087808306547635,0.002470575220850461,0.019706802454517704,0.028115912171643883,0.6999749536234776,0.010385756676557863,0.2857142857142857
3403,mul8_264,0.0103000001981854,resnet34,cifar100,resnet34cifar100,2,NO,NO,0.6196218083609961,0.17141942176394162,0.3963719254724537,0.3963531669865643,0.1660326385724673,0.027661089098356358,0.019144763065339427,0.027661089098356358,0.019144763065339427,0.39641011476524235,0.08122167284713638,0.98061145739367,0.4317507418397626,0.7142857142857143
3404,ReFAM_new1_sta4_j3_k1,0.1032000035047531,resnet18,mnist,resnet18mnist,2,NO,YES,1.0,1.0,1.0,1.0,1.0,1.0,1.0,1.0,1.0,1.0,1.0,1.0,1.0,1.0
3405,ReFAM_new1_sta1_j4_k2,0.0957999974489212,resnet18,mnist,resnet18mnist,2,NO,YES,0.31544382971105256,0.02814753012508598,0.18080268658918433,0.1809021113243762,0.03149416880514172,1.0,1.0,1.0,1.0,0.17709247463293043,1.0,0.7198603511787068,0.0830860534124629,1.0
3406,mul8_487,0.1134999990463256,resnet18,mnist,resnet18mnist,2,NO,NO,1.0,1.0,1.0,1.0,1.0,0.08472501522222643,0.04900413167270409,0.08472501522222643,0.04900413167270409,1.0,0.14300397699790401,1.0,1.0,0.8660714285714286
3407,mul8_374,0.0993999987840652,resnet34,cifar,resnet34cifar,2,NO,NO,0.6681516283165426,0.3820263339744733,0.5545015308305185,0.5544625719769675,0.2798467936756095,0.03879093062459008,0.028593352449416423,0.03879093062459008,0.028593352449416423,0.536489464143296,0.1004983190316667,0.9939715611630479,0.841246290801187,0.15178571428571427
3408,ReFAM_sta2_j5_k4_const0,0.1134999990463256,resnet18,mnist,resnet18mnist,2,YES,NO,1.0,0.9680151835528494,1.0,1.0,1.0,0.10925131941019066,0.07207512515298427,0.10925131941019066,0.07207512515298427,1.0,0.17612024745764734,1.0,1.0,0.14285714285714285
3409,ReFAM_new2_sta1_j2_k4,0.2673999965190887,resnet18,mnist,resnet18mnist,2,NO,NO,0.08319397706665123,0.017552798512215625,0.08377114273408318,0.08373320537428024,0.016871221994509477,0.007799019634413614,0.008458252195335232,0.007799019634413614,0.008458252195335232,0.10560525837110325,0.05220705469267838,0.5448666127728374,0.09198813056379822,0.2857142857142857
3410,ReFAM_sta1_j5_k2_const0,0.096000000834465,resnet34,mnist,resnet34mnist,2,YES,NO,0.5823578394665586,0.06542175120372964,0.309947462724316,0.30998080614203455,0.08608517880958376,0.019656095124009197,0.00983664704136765,0.019656095124009197,0.00983664704136765,0.29889296896247974,0.058182255184727374,0.8192893752456275,0.24925816023738873,0.14285714285714285
3411,ReFAM_sta4_j6_k4_const0,0.1134999990463256,resnet18,mnist,resnet18mnist,2,YES,NO,1.0,1.0,1.0,1.0,1.0,0.1570120711803956,0.12245413983771815,0.1570120711803956,0.12245413983771815,1.0,0.23597824594089442,1.0,1.0,0.14285714285714285
3412,ReFAM_sta3_j4_k1_const1,0.4226000010967254,resnet18,cifar,resnet18cifar,2,NO,YES,0.048529819955546546,0.001846992586553894,0.04104958955723828,0.04102687140115163,0.001177207696739556,1.0,1.0,1.0,1.0,0.03770327520131907,1.0,0.7815059999307661,0.02373887240356083,1.0
3413,ReFAM_new2_sta4_j2_k5,0.100100003182888,resnet34,cifar,resnet34cifar,2,NO,NO,1.0,1.0,1.0,1.0,1.0,1.0,1.0,1.0,1.0,1.0,1.0,1.0,1.0,0.2857142857142857
3414,mul8_458,0.0979999974370002,resnet18,cifar,resnet18cifar,2,NO,NO,0.47143253671102364,0.0978571701525998,0.30339360886560734,0.30326295585412666,0.09295085893477459,0.022821595506145802,0.014066651097535923,0.022821595506145802,0.014066651097535923,0.3002916760300761,0.06941682640344433,0.9689282390768271,0.4043026706231454,0.14285714285714285
3415,ReFAM_new2_sta1_j4_k3,0.9872000217437744,vgg16,mnist,vgg16mnist,0,NO,NO,0.15598870699997106,0.06845018215168268,0.16281466419893387,0.16290786948176586,0.06592127398309464,0.011721566055428779,0.014054359678526716,0.011721566055428779,0.014054359678526716,0.20757109888307454,0.06747684563157234,0.49714104775305495,0.17804154302670624,0.2857142857142857
3416,ReFAM_new_sta3_j4_k4,0.127700001001358,resnet18,cifar,resnet18cifar,2,NO,NO,0.20711833873885044,0.05960352552671133,0.177992057168245,0.17802303262955857,0.054386829603867926,0.009228192466759535,0.002024572302516405,0.009228192466759535,0.002024572302516405,0.202057061868049,0.026471519081827034,0.5785794428301184,0.22551928783382788,0.06762471428571429
3417,ReFAM_sta2_j3_k7_const0,0.1134999990463256,resnet18,mnist,resnet18mnist,2,YES,NO,1.0,1.0,1.0,1.0,1.0,0.1758641436616817,0.12126538402782777,0.1758641436616817,0.12126538402782777,1.0,0.24411586439989727,1.0,1.0,0.14285714285714285
3418,mul8_289,0.9311000108718872,resnet34,cifar,resnet34cifar,0,NO,NO,0.0,0.0,0.0,0.0,0.0,0.0,0.0,0.0,0.0,0.0,0.0,0.0,0.0,0.0
3419,ReFAM_sta3_j1_k7_const1,0.1027999967336654,resnet18,mnist,resnet18mnist,2,NO,YES,0.06239548279998842,0.18642205691284744,0.3640619687998619,0.3639635316698656,0.08349249196059244,1.0,1.0,1.0,1.0,0.3283800772120885,1.0,1.0,0.3219584569732938,1.0
3420,ReFAM_new1_sta3_j2_k6,0.1000000014901161,resnet18,cifar,resnet18cifar,2,NO,YES,0.9497979048442682,0.2674317886530966,0.547771674781042,0.5477447216890595,0.29709987609765076,1.0,1.0,1.0,1.0,0.5397880352655156,1.0,0.9983842032706902,0.3768545994065282,1.0
3421,mul8_084,0.0087000001221895,resnet34,cifar100,resnet34cifar100,2,NO,NO,0.3996330493925207,0.17536930768348918,0.3545042554163098,0.35460652591170827,0.1317394958612436,0.026694455134633137,0.016791834283577084,0.026694455134633137,0.016791834283577084,0.35387782284885794,0.07625415763482082,0.989932578412467,0.5682492581602374,0.2857142857142857
3422,ReFAM_new1_sta1_j3_k6,0.0979999974370002,vgg16,mnist,vgg16mnist,2,NO,YES,1.0,1.0,1.0,1.0,1.0,1.0,1.0,1.0,1.0,1.0,1.0,0.9132489222931078,0.7537091988130564,1.0
3423,mul8_143,0.1074000000953674,resnet34,cifar,resnet34cifar,2,NO,NO,0.4864258869817726,0.07012510490917892,0.2793751231856672,0.2792706333973129,0.07869952053766333,0.020811538899338167,0.012421356867303597,0.020811538899338167,0.012421356867303597,0.27642643294217933,0.06509199046953655,0.9738682804949816,0.28857566765578635,0.4375
3424,ReFAM_new_sta1_j7_k2,0.6937999725341797,vgg16,cifar,vgg16cifar,0,NO,NO,0.3119774139999421,0.22611010623391842,0.2398402985366731,0.23992322456813822,0.26065237843999944,0.005212596234283164,0.0008551315796404937,0.005212596234283164,0.0008551315796404937,0.38066894590981054,0.017020177591467966,0.30425034973294046,0.47477744807121663,0.05442171428571429
3425,mul8_016,0.8733999729156494,resnet34,mnist,resnet34mnist,2,NO,NO,0.003791392184027074,0.04238785478816906,0.04796805970733462,0.047984644913627646,0.0529484189757545,0.0029423615138752623,0.002045643306532187,0.0029423615138752623,0.002045643306532187,0.1561600277432937,0.02559445967168867,0.05170244090175101,0.18991097922848665,0.14174971428571428
3426,ReFAM_sta1_j1_k3_const0,0.5789999961853027,resnet34,mnist,resnet34mnist,2,YES,NO,0.07106152207776459,0.0010086808651568033,0.03782097015385999,0.03790786948176583,0.0013272722151448431,0.004301069440454444,0.0017453814993072909,0.004301069440454444,0.0017453814993072909,0.03674362256159716,0.023795554838979355,0.7954260836630428,0.030415430267062313,0.14285714285714285
3427,mul8_047,0.0998999997973442,resnet18,cifar,resnet18cifar,2,NO,NO,1.0,0.4398159057906402,0.691510548589593,0.6914587332053743,0.3584231950598025,0.04750509063774353,0.03624212690714535,0.04750509063774353,0.03624212690714535,0.6434672751522802,0.11419537450063597,0.9963336584610937,0.7603857566765578,0.14732142857142858
3428,mul8_201,0.0979999974370002,resnet18,cifar,resnet18cifar,2,NO,NO,1.0,1.0,1.0,1.0,1.0,0.060498638581884735,0.04153797258311194,0.060498638581884735,0.04153797258311194,1.0,0.12521646572675757,1.0,1.0,1.0
3429,ReFAM_new2_sta1_j2_k2,0.9886000156402588,vgg16,mnist,vgg16mnist,0,NO,NO,0.020798494266662807,0.0009553409930451175,0.01914110074859987,0.019193857965451058,0.0009568904651384818,0.0024454935885969715,0.0018840989424111902,0.0024454935885969715,0.0018840989424111902,0.024809490546547425,0.024535270477657755,0.43748485508736706,0.020771513353115726,0.2857142857142857
3430,mul8_258,0.0099999997764825,resnet34,cifar100,resnet34cifar100,2,NO,NO,1.0,0.5559526799735053,0.8750272495477646,0.875,0.6313619492716398,0.04934982573486766,0.03473906195401956,0.04934982573486766,0.03473906195401956,0.8295147211772262,0.11262935693257614,0.9949968335678462,1.0,0.14732142857142858
3431,ReFAM_new1_sta1_j5_k4,0.1000000014901161,resnet18,cifar,resnet18cifar,2,NO,YES,1.0,1.0,1.0,1.0,1.0,1.0,1.0,1.0,1.0,1.0,1.0,0.8525969834388472,0.7359050445103857,1.0
3432,ReFAM_sta1_j2_k4_const1,0.1032000035047531,resnet18,mnist,resnet18mnist,2,NO,YES,0.11092530275553497,0.018196061447532674,0.12735750467969012,0.1273992322456814,0.008266115272283697,1.0,1.0,1.0,1.0,0.11109991642086975,1.0,0.9942831136514969,0.09050445103857567,1.0
3433,mul8_264,0.1000000014901161,vgg16,cifar,vgg16cifar,2,NO,NO,0.6196218083609961,0.17141942176394162,0.3963719254724537,0.3963531669865643,0.1660326385724673,0.027661089098356358,0.019144763065339427,0.027661089098356358,0.019144763065339427,0.39641011476524235,0.08122167284713638,0.98061145739367,0.4317507418397626,0.7142857142857143
3434,mul8_120,0.1159000024199485,resnet18,cifar,resnet18cifar,2,NO,NO,0.6083559572998871,0.5037498129187578,0.6147708223369632,0.6146833013435701,0.3266429839611843,0.0419898566671545,0.02924830949090699,0.0419898566671545,0.02924830949090699,0.5883928514123672,0.10239351379110609,1.0,0.81973293768546,0.42857142857142855
3435,ReFAM_sta3_j3_k7_const1,0.1009000018239021,resnet34,mnist,resnet34mnist,2,NO,YES,0.49439754079713044,1.0,1.0,1.0,1.0,1.0,1.0,1.0,1.0,1.0,1.0,1.0,1.0,1.0
3436,mul8_066,0.1010999977588653,resnet34,cifar,resnet34cifar,2,NO,NO,1.0,1.0,1.0,1.0,1.0,0.06501290953209496,0.044212234176114966,0.06501290953209496,0.044212234176114966,1.0,0.1300548479365591,1.0,1.0,0.42857142857142855
3437,mul8_234,0.1221000030636787,vgg16,mnist,vgg16mnist,2,NO,NO,0.3788684081416926,1.0,1.0,1.0,1.0,0.07312269746886445,0.03766266376120934,0.07312269746886445,0.03766266376120934,1.0,0.12490445650681047,1.0,1.0,0.7142857142857143
3438,mul8_185,0.0970999971032142,resnet34,mnist,resnet34mnist,2,NO,NO,0.5183374743019872,1.0,1.0,1.0,1.0,0.058718948013160674,0.035253545635404906,0.058718948013160674,0.035253545635404906,1.0,0.11636152463529258,0.9753761538132599,1.0,0.42857142857142855
3439,ReFAM_new1_sta3_j4_k1,0.1348000019788742,resnet18,cifar,resnet18cifar,2,NO,YES,0.13519021273330825,0.003920082541461799,0.07241332090434169,0.07245681381957775,0.005076266248254241,1.0,1.0,1.0,1.0,0.07100230360648335,1.0,0.6800895560682484,0.03560830860534125,1.0
3440,ReFAM_new1_sta3_j4_k1,0.098700001835823,resnet34,cifar,resnet34cifar,2,NO,YES,0.13519021273330825,0.003920082541461799,0.07241332090434169,0.07245681381957775,0.005076266248254241,1.0,1.0,1.0,1.0,0.07100230360648335,1.0,0.6800895560682484,0.03560830860534125,1.0
3441,ReFAM_new2_sta2_j4_k1,0.6966999769210815,vgg16,cifar,vgg16cifar,0,YES,NO,0.09705963991109309,0.0035156548544060325,0.051657910454052665,0.051583493282149714,0.0046260726930383795,0.006838709444284844,0.00627213552869783,0.006838709444284844,0.00627213552869783,0.05880973485848072,0.04496590291586799,0.5050958176623789,0.03560830860534125,0.2857142857142857
3442,mul8_179,0.738099992275238,vgg16,mnist,vgg16mnist,2,NO,NO,0.4094094232195541,0.09262294698494382,0.27810493265446773,0.2780710172744722,0.08511512632957693,0.022169343429689573,0.013357260629004589,0.022169343429689573,0.013357260629004589,0.28077607268900173,0.06763061094092426,0.9773798639350504,0.39762611275964393,0.14285714285714285
3443,mul8_227,0.1000000014901161,vgg16,cifar,vgg16cifar,2,NO,NO,1.0,0.8730022626805595,1.0,1.0,1.0,0.058348555559771406,0.042767114484032566,0.058348555559771406,0.042767114484032566,1.0,0.12607337143130123,0.9989126207265893,1.0,0.14285714285714285
3444,ReFAM_new2_sta3_j3_k6,0.1004000008106231,vgg16,cifar,vgg16cifar,2,NO,NO,1.0,1.0,0.949292477023078,0.9491362763915548,1.0,0.11354335488836731,0.24795479567271816,0.11354335488836731,0.24795479567271816,1.0,0.295768318971952,0.9201305669644403,0.7537091988130564,0.2857142857142857
3445,ReFAM_sta1_j8_k2_const1,0.1027999967336654,resnet18,mnist,resnet18mnist,2,NO,YES,1.0,1.0,1.0,1.0,1.0,1.0,1.0,1.0,1.0,1.0,1.0,0.9296542989152679,1.0,1.0
3446,mul8_222,0.0099999997764825,resnet34,cifar100,resnet34cifar100,2,NO,NO,1.0,1.0,1.0,1.0,1.0,0.06420256311577746,0.04275306714802205,0.06420256311577746,0.04275306714802205,1.0,0.12798274842801097,1.0,1.0,0.2857142857142857
3447,mul8_465,0.1134999990463256,resnet18,mnist,resnet18mnist,2,NO,NO,1.0,0.5183351829796449,0.577167066316861,0.5772552783109406,0.6397082353893617,0.03287549212509508,0.02133790339998209,0.03287549212509508,0.02133790339998209,0.6774563939512627,0.08665197685458877,0.978498805715461,0.973293768545994,0.42857142857142855
3448,ReFAM_sta3_j1_k2_const1,0.9872000217437744,vgg16,mnist,vgg16mnist,0,NO,YES,0.027731325688883743,8.598068937406058e-05,0.015220634330211947,0.015115163147792706,9.611462173602159e-05,1.0,1.0,1.0,1.0,0.012911268763810336,1.0,0.9545113003956514,0.0051928783382789315,1.0
3449,mul8_152,0.1096000000834465,resnet34,mnist,resnet34mnist,2,NO,NO,0.32064345327771826,0.2427959327949456,0.2967703895027112,0.29678502879078694,0.24691164893419584,0.01580853058989967,0.008187840977132693,0.01580853058989967,0.008187840977132693,0.39413604367647914,0.05261983244059882,0.7480731598549346,0.39317507418397624,0.2857142857142857
3450,ReFAM_new_sta1_j6_k3,0.676800012588501,vgg16,cifar,vgg16cifar,1,NO,NO,0.35010798682215727,0.24306103992051564,0.2575977052552537,0.25767754318618047,0.28088666693441605,0.006136770575300786,0.0010675975367996306,0.006136770575300786,0.0010675975367996306,0.39813151584716033,0.01908929136585395,0.3499874768117388,0.5222551928783383,0.05793285714285714
3451,mul8_232,0.1018999963998794,resnet18,cifar,resnet18cifar,2,NO,NO,0.7385428842524069,0.2360322949328714,0.4756680209107679,0.47576775431861806,0.22224914118837283,0.033822251371807166,0.022997244966224937,0.033822251371807166,0.022997244966224937,0.4679028450586707,0.08987806261681686,0.9908651995870402,0.6283382789317508,0.14285714285714285
3452,mul8_353,0.0099999997764825,resnet34,cifar100,resnet34cifar100,2,NO,NO,1.0,1.0,1.0,1.0,1.0,0.06365510500174355,0.04281979199407203,0.06365510500174355,0.04281979199407203,1.0,0.12788048703295654,1.0,1.0,0.2857142857142857
3453,ReFAM_new2_sta3_j4_k3,0.4347999989986419,vgg16,cifar,vgg16cifar,2,NO,NO,0.49743065454435215,0.07678314396351871,0.2722129752922576,0.27231285988483683,0.09609961916438335,0.037666202321005586,0.06445268945027507,0.037666202321005586,0.06445268945027507,0.2861682298449984,0.14635546359494336,0.7475763049060354,0.17804154302670624,0.2857142857142857
3454,ReFAM_sta2_j3_k1_const1,0.9864000082015992,vgg16,mnist,vgg16mnist,0,NO,YES,0.032930949255549444,0.0004386607393065498,0.02260033582364804,0.02255278310940499,0.00032658019974065103,1.0,1.0,1.0,1.0,0.020436928453333975,1.0,0.7954260836630428,0.008902077151335312,1.0
3455,ReFAM_sta2_j1_k8_const0,0.1134999990463256,resnet34,mnist,resnet34mnist,2,YES,NO,1.0,0.9791823236440527,1.0,1.0,1.0,0.11313592318963914,0.07930950319840281,0.11313592318963914,0.07930950319840281,1.0,0.18412873291413626,1.0,1.0,0.14285714285714285
3456,ReFAM_new_sta1_j1_k2,0.9235000014305116,resnet18,cifar,resnet18cifar,0,NO,NO,0.002166509819444042,3.06007693679464e-05,0.00230615671669878,0.002399232245681382,3.5355514807528376e-05,0.0002104913210724397,1.4047336010521454e-05,0.0002104913210724397,1.4047336010521454e-05,0.004280044384787273,0.0021019568501698884,0.1749937384058694,0.004451038575667656,0.040816285714285715
3457,ReFAM_sta4_j4_k5_const1,0.0979999974370002,vgg16,mnist,vgg16mnist,2,NO,YES,0.8577212375178964,0.4350899408707614,0.6696925976487268,0.6696257197696738,0.2769401195845212,1.0,1.0,1.0,1.0,0.6020334801116932,1.0,1.0,0.4807121661721068,1.0
3458,ReFAM_sta3_j5_k3_const1,0.1000000014901161,resnet18,cifar,resnet18cifar,2,NO,YES,0.013865662844441871,0.18006267036914375,0.35531749114118494,0.3553262955854127,0.08157810922183704,1.0,1.0,1.0,1.0,0.3218866215000256,1.0,0.9608502735756654,0.32047477744807124,1.0
3459,mul8_474,0.128600001335144,resnet18,mnist,resnet18mnist,2,NO,NO,0.30861932377980383,0.20076119965352968,0.29942517069766134,0.29942418426103645,0.187013187481013,0.0184636121033413,0.011710210481770946,0.0184636121033413,0.011710210481770946,0.36056772371915696,0.06283776117709583,0.9691766665512769,0.31750741839762614,0.7714285714285715
3460,mul8_022,0.1134999990463256,resnet18,mnist,resnet18mnist,2,NO,NO,1.0,0.8930129544238657,0.8664674452291101,0.8663627639155471,0.7641286192857913,0.05266167630590441,0.03848443291782484,0.05266167630590441,0.03848443291782484,0.8591355304817413,0.11876280133522031,1.0,1.0,0.14285714285714285
3461,ReFAM_new1_sta3_j7_k1,0.1009000018239021,resnet34,mnist,resnet34mnist,2,NO,YES,0.6230882240721066,0.22335215620462132,0.3772295849340029,0.3771593090211133,0.2541009974480674,1.0,1.0,1.0,1.0,0.4332114925444351,1.0,0.4890009753832808,0.28486646884273,1.0
3462,ReFAM_new_sta3_j3_k1,0.9269999861717224,resnet34,cifar,resnet34cifar,0,NO,NO,0.003466415711110468,6.050492955952411e-05,0.0025367723883686576,0.00263915547024952,7.588341467533027e-05,0.00024120679281691587,3.687425702761882e-05,0.00024120679281691587,3.687425702761882e-05,0.006052896226962023,0.003419412049228785,0.1034058999488891,0.005934718100890208,0.063492
3463,ReFAM_new2_sta4_j4_k5,0.1027999967336654,resnet18,mnist,resnet18mnist,2,NO,NO,1.0,1.0,1.0,1.0,1.0,1.0,1.0,1.0,1.0,1.0,1.0,1.0,1.0,0.2857142857142857
3464,ReFAM_sta2_j2_k6_const0,0.1000000014901161,vgg16,cifar,vgg16cifar,2,YES,NO,1.0,0.2457455481109724,1.0,1.0,0.32336415735667734,0.06578079632570687,0.04582592190032362,0.06578079632570687,0.04582592190032362,0.8485007609295936,0.13226802338426996,0.998197882664853,0.5148367952522255,0.14285714285714285
3465,mul8_280,0.1134999990463256,resnet18,mnist,resnet18mnist,2,NO,NO,1.0,1.0,1.0,1.0,1.0,0.08954824768233698,0.06551501923607074,0.08954824768233698,0.06551501923607074,1.0,0.16205818598735242,1.0,1.0,0.8571428571428571
3466,ReFAM_sta1_j3_k7_const0,0.1000000014901161,vgg16,cifar,vgg16cifar,2,YES,NO,1.0,1.0,1.0,1.0,1.0,0.09772308014750654,0.05828590894165615,0.09772308014750654,0.05828590894165615,1.0,0.1581588171715543,0.9530197174035663,1.0,0.14285714285714285
3467,mul8_390,0.1107999980449676,resnet34,cifar,resnet34cifar,2,NO,NO,0.4376891497395984,0.07716117459811989,0.2516899811608029,0.251679462571977,0.09035203662278506,0.01776438342304058,0.009081602730802121,0.01776438342304058,0.009081602730802121,0.2712800711212085,0.05564960618166401,0.9588608174892943,0.34124629080118696,0.16071428571428573
3468,ReFAM_new_sta2_j7_k2,0.1002999991178512,vgg16,cifar,vgg16cifar,2,NO,NO,0.5216955645221254,0.3522461658981479,0.4620240856335838,0.46209213051823417,0.2956201731279181,0.014018902662670042,0.001508332704129741,0.014018902662670042,0.001508332704129741,0.4940883883132317,0.02475994697336128,0.6462840747807425,0.47477744807121663,0.04444442857142857
3469,ReFAM_sta2_j2_k6_const0,0.1134999990463256,resnet34,mnist,resnet34mnist,2,YES,NO,1.0,0.2457455481109724,1.0,1.0,0.32336415735667734,0.06578079632570687,0.04582592190032362,0.06578079632570687,0.04582592190032362,0.8485007609295936,0.13226802338426996,0.998197882664853,0.5148367952522255,0.14285714285714285
3470,mul8_236,0.097800001502037,resnet18,cifar,resnet18cifar,2,NO,NO,1.0,1.0,1.0,1.0,1.0,0.06325490047283758,0.043460701699552066,0.06325490047283758,0.043460701699552066,1.0,0.1285373485486346,1.0,1.0,0.2857142857142857
3471,mul8_235,0.7001000046730042,resnet34,cifar100,resnet34cifar100,0,NO,NO,0.0,0.0,0.0,0.0,0.0,0.0,0.0,0.0,0.0,0.0,0.0,0.0,0.0,0.0
3472,ReFAM_new_sta1_j3_k4,0.3228000104427337,resnet34,mnist,resnet34mnist,2,NO,NO,0.0922933183083162,0.014865454156370216,0.06287159933392586,0.06285988483685222,0.01766489908386369,0.003068836985764282,0.00044073516733011064,0.003068836985764282,0.00044073516733011064,0.09924719554985761,0.012095209090963377,0.36689072652818533,0.13649851632047477,0.05960485714285714
3473,ReFAM_new1_sta2_j3_k1,0.138600006699562,resnet18,mnist,resnet18mnist,2,YES,YES,0.07799435349998553,0.0010882926145772299,0.04151082090057804,0.04150671785028791,0.0014320292960560382,1.0,1.0,1.0,1.0,0.03941360490903541,1.0,0.7317919969699993,0.017804154302670624,1.0
3474,ReFAM_sta2_j8_k1_const1,0.1096000000834465,resnet34,mnist,resnet34mnist,2,NO,YES,0.4437012110221399,0.8005502764119939,0.748463162404589,0.7483205374280231,0.43241063152488624,1.0,1.0,1.0,1.0,0.70038050797246,1.0,0.8081030118776841,0.56973293768546,1.0
3475,ReFAM_sta1_j6_k4_const0,0.1000000014901161,vgg16,cifar,vgg16cifar,2,YES,NO,1.0,1.0,1.0,1.0,1.0,0.09034684994769335,0.049815365327311706,0.09034684994769335,0.049815365327311706,1.0,0.14621588052286177,0.9336311747972363,1.0,0.14285714285714285
3476,ReFAM_sta4_j2_k4_const1,0.1000000014901161,resnet34,cifar,resnet34cifar,2,NO,YES,0.18372003268885478,0.005480472830102158,0.10400766792311497,0.10388675623800385,0.005664673681287594,1.0,1.0,1.0,1.0,0.09109558364263634,1.0,0.9942831136514969,0.04599406528189911,1.0
3477,mul8_156,0.016499999910593,resnet34,cifar100,resnet34cifar100,2,NO,NO,0.10437161401813246,0.005406395804142358,0.07005942120883113,0.07005758157389635,0.004870276650989958,0.006959764538807191,0.0034222822355632894,0.006959764538807191,0.0034222822355632894,0.06907084688479236,0.03344917981882565,0.8983341105176454,0.07640949554896143,0.7142857142857143
3478,ReFAM_new2_sta1_j3_k2,0.263700008392334,resnet34,cifar100,resnet34cifar100,2,NO,NO,0.03639736496665991,0.004005267113341655,0.03828220149719974,0.038387715930902115,0.003928128641467542,0.004094191704293119,0.0034907629986145818,0.004094191704293119,0.0034907629986145818,0.050060049482437745,0.03345216555298783,0.4295300851780431,0.04154302670623145,0.2857142857142857
3479,ReFAM_new_sta1_j5_k4,0.1134999990463256,resnet34,mnist,resnet34mnist,2,NO,NO,0.3691732732332648,0.25017753420120753,0.2666493703682964,0.2665547024952015,0.2891912149481882,0.006723074727129168,0.0012010472288995844,0.006723074727129168,0.0012010472288995844,0.40582400679913394,0.020294781533831355,0.38926141697329814,0.5459940652818991,0.05960485714285714
3480,mul8_374,0.1134999990463256,resnet18,mnist,resnet18mnist,2,NO,NO,0.6681516283165426,0.3820263339744733,0.5545015308305185,0.5544625719769675,0.2798467936756095,0.03879093062459008,0.028593352449416423,0.03879093062459008,0.028593352449416423,0.536489464143296,0.1004983190316667,0.9939715611630479,0.841246290801187,0.15178571428571427
3481,mul8_163,0.1134999990463256,resnet34,mnist,resnet34mnist,2,NO,NO,1.0,0.7046280654981785,0.9559904675215056,0.9558541266794626,0.7749995295489396,0.04952056762191783,0.034986646251205,0.04952056762191783,0.034986646251205,0.9114130354560163,0.11302944531030736,1.0,1.0,0.6190475714285714
3482,mul8_471,0.1077999994158744,resnet34,cifar,resnet34cifar,2,NO,NO,0.8863191671345577,0.4824689827656485,0.6747967681866619,0.6746641074856046,0.348228472210455,0.04864427328097248,0.044654725260446386,0.04864427328097248,0.044654725260446386,0.6303197557149195,0.12563596137654287,1.0,0.7255192878338279,1.0
3483,ReFAM_sta1_j5_k3_const0,0.1134999990463256,resnet18,mnist,resnet18mnist,2,YES,NO,1.0,0.2839018673731944,0.6641731344092486,0.6641074856046065,0.37357213109579496,0.03431008533480767,0.020960381244699327,0.03431008533480767,0.020960381244699327,0.6330299279627909,0.08633922120110113,0.8550832944741178,0.5341246290801187,0.14285714285714285
3484,ReFAM_sta4_j6_k4_const1,0.0979999974370002,vgg16,mnist,vgg16mnist,2,NO,YES,1.0,1.0,1.0,1.0,1.0,1.0,1.0,1.0,1.0,1.0,1.0,0.9882078401267388,1.0,1.0
3485,ReFAM_new_sta3_j2_k5,0.2035000026226043,resnet34,cifar100,resnet34cifar100,2,NO,NO,0.04798819250068554,0.011692897944106183,0.06816854981397397,0.06813819577735125,0.010468397019017629,0.004348046044298936,0.0008639111646470695,0.004348046044298936,0.0008639111646470695,0.08412763698444146,0.01693732346846766,0.463335566465549,0.08605341246290801,0.06762471428571429
3486,ReFAM_sta3_j3_k7_const0,0.0993999987840652,resnet34,cifar,resnet34cifar,2,YES,NO,1.0,1.0,1.0,1.0,1.0,0.1906238312311303,0.14598167173834029,0.1906238312311303,0.14598167173834029,1.0,0.26669921116903433,1.0,1.0,0.14285714285714285
3487,ReFAM_new2_sta3_j6_k3,0.1018999963998794,resnet18,cifar,resnet18cifar,2,NO,NO,1.0,1.0,0.877615144818229,0.8776391554702495,1.0,0.10257070430576709,0.2086380580962699,0.10257070430576709,0.2086380580962699,0.9951520915684179,0.2708964069675092,0.6506804265621914,0.712166172106825,0.2857142857142857
3488,mul8_172,0.099600002169609,resnet18,cifar,resnet18cifar,2,NO,NO,1.0,1.0,1.0,1.0,1.0,0.06366323556779356,0.04645454018679445,0.06366323556779356,0.04645454018679445,1.0,0.13231579513086472,1.0,1.0,0.14285714285714285
3489,ReFAM_new2_sta2_j4_k3,0.1018999963998794,resnet18,mnist,resnet18mnist,2,NO,NO,0.31544382971105256,0.06850113367131175,0.21723996271302506,0.21713051823416507,0.06673837921420196,0.024223666451658365,0.03440016997276573,0.024223666451658365,0.03440016997276573,0.23361356425137617,0.10637648316344506,0.7027096921331978,0.17804154302670624,0.2857142857142857
3490,mul8_167,0.1134999990463256,resnet18,mnist,resnet18mnist,2,NO,NO,1.0,1.0,1.0,1.0,1.0,0.09031794126840442,0.05873015594298889,0.09031794126840442,0.05873015594298889,1.0,0.1555769035548151,1.0,1.0,1.0
3491,ReFAM_sta4_j5_k5_const0,0.1134999990463256,resnet34,mnist,resnet34mnist,2,YES,NO,1.0,1.0,1.0,1.0,1.0,0.1609409413750052,0.12939352382691577,0.1609409413750052,0.12939352382691577,1.0,0.24236473131378275,1.0,1.0,0.14285714285714285
3492,ReFAM_sta1_j5_k1_const0,0.1112999990582466,resnet34,mnist,resnet34mnist,2,YES,NO,0.24958193119995367,0.013247395103558964,0.13283462688184972,0.13291746641074856,0.01743157826362288,0.009927421147060259,0.0038050721418499992,0.009927421147060259,0.0038050721418499992,0.13083219927767592,0.03569967694356365,0.7477005186432601,0.10682492581602374,0.14285714285714285
3493,ReFAM_new_sta2_j3_k1,0.92330002784729,resnet34,cifar,resnet34cifar,0,YES,NO,0.006066227494443318,7.94127200468754e-05,0.0032286194033782916,0.0031190019193857964,0.00010449518820891721,0.00023578641545024363,1.4047336010521454e-05,0.00023578641545024363,1.4047336010521454e-05,0.007161882485407868,0.0021303213247105333,0.11135965171282598,0.005934718100890208,0.031746
3494,ReFAM_new_sta3_j4_k2,0.7056000232696533,vgg16,cifar,vgg16cifar,0,NO,NO,0.016032172663885912,0.002352079382467582,0.02629018657036609,0.026391554702495202,0.002333725869999151,0.0019106830217519744,0.00033538014725119976,0.0019106830217519744,0.00033538014725119976,0.03731255855562516,0.010435887330335656,0.32463362038245613,0.03560830860534125,0.063492
3495,ReFAM_new2_sta4_j1_k2,0.1027999967336654,resnet18,mnist,resnet18mnist,2,NO,NO,1.0,1.0,1.0,1.0,1.0,1.0,1.0,1.0,1.0,1.0,1.0,1.0,1.0,0.2857142857142857
3496,ReFAM_sta1_j1_k3_const1,0.156700000166893,resnet34,mnist,resnet34mnist,2,NO,YES,0.032930949255549444,0.0010086808651568033,0.03165200093669075,0.03166986564299425,0.00047209023225171123,1.0,1.0,1.0,1.0,0.027305205674339684,1.0,0.986328343742173,0.019287833827893175,1.0
3497,ReFAM_new2_sta1_j4_k2,0.9879999756813048,vgg16,mnist,vgg16mnist,0,NO,NO,0.07279472993331983,0.01602106845336662,0.07656440299439948,0.07653550863723609,0.015712514565870167,0.006680615104423569,0.006507428406874064,0.006680615104423569,0.006507428406874064,0.10012009896487549,0.045775783307357445,0.4295300851780431,0.0830860534124629,0.2857142857142857
3498,ReFAM_sta4_j3_k4_const0,0.1002999991178512,resnet34,cifar,resnet34cifar,2,YES,NO,0.5459604744998987,0.023328630932667568,0.29057574630404626,0.2905470249520154,0.030696967419407528,0.02885266872279648,0.02150471551510703,0.02885266872279648,0.02150471551510703,0.2426146970478565,0.08597496163331601,0.98061145739367,0.1661721068249258,0.14285714285714285
3499,ReFAM_sta2_j6_k3_const0,0.1134999990463256,resnet34,mnist,resnet34mnist,2,YES,NO,1.0,0.9494306167681451,1.0,1.0,1.0,0.104518426572858,0.06506023673273012,0.104518426572858,0.06506023673273012,1.0,0.16763553740229184,1.0,1.0,0.14285714285714285
3500,ReFAM_new1_sta3_j1_k3,0.1005999967455864,resnet34,mnist,resnet34mnist,2,YES,YES,0.1074588870444245,0.0011814383613991287,0.057192686574129736,0.05710172744721689,0.0015545950807221366,1.0,1.0,1.0,1.0,0.049396974324446466,1.0,0.986328343742173,0.02225519287833828,1.0
3501,ReFAM_new1_sta1_j2_k2,0.9769999980926514,vgg16,mnist,vgg16mnist,0,NO,YES,0.08319397706665123,0.0017323516673884798,0.04704559702065511,0.04702495201535509,0.0019683855503213575,1.0,1.0,1.0,1.0,0.045295728572609224,1.0,0.763609040316521,0.020771513353115726,1.0
3502,ReFAM_sta4_j4_k3_const1,0.1009000018239021,resnet34,mnist,resnet34mnist,2,NO,YES,0.2981117511555002,0.02314472779150638,0.1836853824850578,0.18378119001919385,0.01990932874424804,1.0,1.0,1.0,1.0,0.16389830112848786,1.0,0.9584881762776197,0.08902077151335312,1.0
3503,mul8_385,0.1134999990463256,resnet18,mnist,resnet18mnist,2,NO,NO,0.7443044484700008,0.5551280981708404,0.6678137773064083,0.6677063339731286,0.3746238820476579,0.04548871025734145,0.033799646358315935,0.04548871025734145,0.033799646358315935,0.6354498759111447,0.11016985841648604,1.0,0.7908011869436202,0.42857142857142855
3504,mul8_160,0.1133999973535537,resnet34,cifar,resnet34cifar,2,NO,NO,0.30591118650549876,0.06765705009808168,0.21680350502759876,0.21689059500959693,0.06379536229376997,0.016201507948983406,0.010456485742831909,0.016201507948983406,0.010456485742831909,0.23062249310352867,0.059136197249541694,0.9520260075057678,0.3353115727002967,1.0
3505,ReFAM_sta4_j2_k8_const1,0.1000000014901161,resnet18,cifar,resnet18cifar,2,NO,YES,1.0,1.0,1.0,1.0,1.0,1.0,1.0,1.0,1.0,1.0,1.0,1.0,1.0,1.0
3506,ReFAM_sta2_j3_k2_const1,0.1081999987363815,resnet34,mnist,resnet34mnist,2,NO,YES,0.05372944352221225,0.0023047601457213463,0.04704559702065511,0.04702495201535509,0.0013147013654354997,1.0,1.0,1.0,1.0,0.0420229708059854,1.0,0.9067857353758687,0.020771513353115726,1.0
3507,mul8_271,0.1089999973773956,vgg16,mnist,vgg16mnist,2,NO,NO,1.0,0.4077479026443839,0.6852467686574868,0.6852207293666027,0.3697422182349284,0.04395203327388986,0.03149763916959173,0.04395203327388986,0.03149763916959173,0.6437058916891685,0.10636304735971529,0.998197882664853,0.8100890207715133,0.14285714285714285
3508,ReFAM_sta3_j3_k3_const0,0.1134999990463256,resnet18,mnist,resnet18mnist,2,YES,NO,0.32151005720549586,0.009379657287341095,0.17111682837904946,0.17106525911708254,0.01234221738025474,0.017190726818401097,0.010437170655817441,0.017190726818401097,0.010437170655817441,0.1454459449236381,0.05927354102100165,0.9510312794625821,0.10682492581602374,0.14285714285714285
3509,mul8_291,0.1116999983787536,vgg16,cifar,vgg16cifar,2,NO,NO,0.6919155302987577,0.3868154552900415,0.5609884987647413,0.5609404990403071,0.28851123437267384,0.03848196911468976,0.027682031525733845,0.03848196911468976,0.027682031525733845,0.54360210743635,0.09896663740647188,0.9932568231013116,0.8427299703264095,0.15178571428571427
3510,mul8_445,0.1098000034689903,resnet18,mnist,resnet18mnist,2,NO,NO,0.2614435759278255,1.0,1.0,1.0,1.0,0.08381529522085326,0.04867401927645684,0.08381529522085326,0.04867401927645684,1.0,0.14226873996046888,1.0,1.0,0.42857142857142855
3511,ReFAM_sta4_j4_k4_const1,0.0979999974370002,vgg16,mnist,vgg16mnist,2,NO,YES,0.5199623566665702,0.09997961939214838,0.3508781394615398,0.35076775431861806,0.07427468851009171,1.0,1.0,1.0,1.0,0.3142146951519175,1.0,0.9883167816831572,0.19584569732937684,1.0
3512,ReFAM_sta3_j8_k2_const1,0.0979999974370002,vgg16,mnist,vgg16mnist,2,NO,YES,0.6105224671193311,1.0,1.0,1.0,1.0,1.0,1.0,1.0,1.0,1.0,1.0,0.9096283972966204,1.0,1.0
3513,ReFAM_sta1_j5_k5_const0,0.1000000014901161,vgg16,cifar,vgg16cifar,2,YES,NO,1.0,1.0,1.0,1.0,1.0,0.09411581900998613,0.05391191969138003,0.09411581900998613,0.05391191969138003,1.0,0.1521642094074512,0.9438228101219942,1.0,0.14285714285714285
3514,mul8_388,0.1017000004649162,resnet18,cifar,resnet18cifar,2,NO,NO,0.9825122031178732,0.9869552043538073,0.7801834034409896,0.7802303262955854,0.8859780652441173,0.04517523176630223,0.03365741708120941,0.04517523176630223,0.03365741708120941,0.8455274581192178,0.1098780029021336,1.0,1.0,0.29017857142857145
3515,ReFAM_sta2_j7_k3_const1,0.0979999974370002,vgg16,mnist,vgg16mnist,2,NO,YES,0.055462651377767486,1.0,1.0,1.0,1.0,1.0,1.0,1.0,1.0,1.0,1.0,0.9617197697362392,1.0,1.0
3516,ReFAM_new1_sta3_j2_k6,0.1000000014901161,vgg16,cifar,vgg16cifar,2,NO,YES,0.9497979048442682,0.2674317886530966,0.547771674781042,0.5477447216890595,0.29709987609765076,1.0,1.0,1.0,1.0,0.5397880352655156,1.0,0.9983842032706902,0.3768545994065282,1.0
3517,ReFAM_sta4_j1_k3_const1,0.1312000006437301,resnet34,mnist,resnet34mnist,2,NO,YES,0.05719585923332272,0.00030809747025705044,0.030671884332093773,0.030710172744721688,0.0003880595157906919,1.0,1.0,1.0,1.0,0.02599928430197783,1.0,0.986328343742173,0.01112759643916914,1.0
3518,mul8_030,0.0111999996006488,resnet34,cifar100,resnet34cifar100,2,NO,NO,0.18761975036385406,0.029379074134461062,0.14965065304897238,0.14971209213051823,0.023363544212644683,0.013281731340802612,0.007046494926277825,0.013281731340802612,0.007046494926277825,0.14922107779914473,0.048539080274448684,0.9417101584437853,0.19881305637982197,0.21428571428571427
3519,ReFAM_sta1_j2_k2_const1,0.7300000190734863,resnet18,cifar,resnet18cifar,2,NO,YES,0.027731325688883743,0.0009744478129060199,0.02974942164541426,0.02975047984644914,0.00046086568702397257,1.0,1.0,1.0,1.0,0.0260344907305515,1.0,0.9226942570491296,0.019287833827893175,1.0
3520,mul8_167,0.0111999996006488,resnet34,cifar100,resnet34cifar100,2,NO,NO,1.0,1.0,1.0,1.0,1.0,0.09031794126840442,0.05873015594298889,0.09031794126840442,0.05873015594298889,1.0,0.1555769035548151,1.0,1.0,1.0
3521,ReFAM_new1_sta3_j2_k3,0.1152999997138977,resnet18,cifar,resnet18cifar,2,NO,YES,0.18198682483329956,0.004521151249586019,0.09726215952677104,0.09716890595009597,0.005852708551806751,1.0,1.0,1.0,1.0,0.08746382641650943,1.0,0.9664429461869437,0.04451038575667656,1.0
3522,mul8_377,0.1133999973535537,resnet34,mnist,resnet34mnist,2,NO,NO,1.0,0.7331495069548825,0.8117204323182633,0.8116602687140115,0.7647817877306163,0.04490692308665196,0.03152748975861409,0.04490692308665196,0.03152748975861409,0.8300315784015073,0.10668102804798671,0.9966747371657684,1.0,0.15178571428571427
3523,ReFAM_new2_sta3_j2_k4,0.958400011062622,vgg16,mnist,vgg16mnist,1,NO,NO,0.2920455236610569,0.019329533729905993,0.15710692632510437,0.15714971209213052,0.024791446565785673,0.02233285814691752,0.03362054282418179,0.02233285814691752,0.03362054282418179,0.1553131163417438,0.10492168419292619,0.9003225484586297,0.09198813056379822,0.2857142857142857
3524,mul8_081,0.1000000014901161,vgg16,cifar,vgg16cifar,2,NO,NO,0.03396004488620107,1.0,1.0,1.0,1.0,0.08111414049979493,0.0463913271747471,0.08111414049979493,0.0463913271747471,1.0,0.13860897631118516,1.0,1.0,0.42857142857142855
3525,mul8_030,0.1307999938726425,resnet18,cifar,resnet18cifar,2,NO,NO,0.18761975036385406,0.029379074134461062,0.14965065304897238,0.14971209213051823,0.023363544212644683,0.013281731340802612,0.007046494926277825,0.013281731340802612,0.007046494926277825,0.14922107779914473,0.048539080274448684,0.9417101584437853,0.19881305637982197,0.21428571428571427
3526,mul8_163,0.1008000001311302,resnet34,cifar,resnet34cifar,2,NO,NO,1.0,0.7046280654981785,0.9559904675215056,0.9558541266794626,0.7749995295489396,0.04952056762191783,0.034986646251205,0.04952056762191783,0.034986646251205,0.9114130354560163,0.11302944531030736,1.0,1.0,0.6190475714285714
3527,ReFAM_new_sta2_j3_k4,0.2741999924182892,resnet34,cifar,resnet34cifar,2,NO,NO,0.05762916119721153,0.01669811662802843,0.08601964553286448,0.08613243761996162,0.014021146025573633,0.003941517741798517,0.0003230887282419935,0.003941517741798517,0.0003230887282419935,0.10055826281032638,0.010635931519201256,0.5241117190570345,0.08902077151335312,0.04444442857142857
3528,ReFAM_new_sta3_j4_k1,0.6890000104904175,resnet34,cifar100,resnet34cifar100,0,NO,NO,0.001949858837499638,0.00042571138511706113,0.008878703359290302,0.008877159309021113,0.00046445034024369014,0.0007299441520451986,0.00011589052208680202,0.0007299441520451986,0.00011589052208680202,0.015667532035772428,0.0060856726560493965,0.1928906980201145,0.011869436201780416,0.063492
3529,ReFAM_new_sta3_j1_k7,0.216399997472763,vgg16,cifar,vgg16cifar,2,NO,NO,0.20798494266662806,0.059711996535296664,0.1783514929091843,0.1782629558541267,0.054497327791841375,0.009270652089465134,0.002043887389530872,0.009270652089465134,0.002043887389530872,0.2023469694558841,0.026588709147692326,0.5832710567738232,0.228486646884273,0.06762471428571429
3530,mul8_006,0.9889000058174132,vgg16,mnist,vgg16mnist,0,NO,NO,0.00032497647291660636,0.0034646753496548033,0.0009801166045969815,0.0009596928982725527,0.004557845545997958,0.0001273788681167983,0.00043195558232353475,0.0001273788681167983,0.00043195558232353475,0.04464395758544091,0.0117093029505025,0.00026369965525597193,0.7596439169139466,0.2851572857142857
3531,ReFAM_sta3_j2_k1_const0,0.8902000188827515,resnet18,cifar,resnet18cifar,1,YES,NO,0.019065286411107572,7.563116194940513e-05,0.01014708955347463,0.010076775431861805,9.951922686563543e-05,0.0014788596248737503,0.0005232632663919242,0.0014788596248737503,0.0005232632663919242,0.009945924349559945,0.012944650460101634,0.6681579102769559,0.005934718100890208,0.14285714285714285
3532,ReFAM_new_sta2_j3_k2,0.9864000082015992,resnet18,mnist,resnet18mnist,0,NO,NO,0.012132454988886637,0.0004959811988892569,0.01130016791182402,0.011276391554702494,0.0005467664933711526,0.0007272339633618626,4.389792503287955e-05,0.0007272339633618626,4.389792503287955e-05,0.017542960565965833,0.0037650107785003255,0.25055947089020525,0.011869436201780416,0.031746
3533,mul8_178,0.0945999994874,resnet18,cifar,resnet18cifar,2,NO,NO,0.38710114545557994,1.0,1.0,1.0,1.0,0.07326543407285349,0.03611043313204672,0.07326543407285349,0.03611043313204672,1.0,0.12297343293742499,1.0,1.0,0.42857142857142855
3534,ReFAM_sta2_j1_k5_const0,0.1037999987602233,vgg16,cifar,vgg16cifar,2,YES,NO,0.34144194754438106,0.010211799098158102,0.18172514927586386,0.1816218809980806,0.013437190768479008,0.017424706441395783,0.010236996117667511,0.017424706441395783,0.010236996117667511,0.15377811226621935,0.058782387751324175,0.9545113003956514,0.08827893175074183,0.14285714285714285
3535,ReFAM_new1_sta2_j1_k4,0.1000000014901161,resnet34,cifar,resnet34cifar,2,YES,YES,0.18372003268885478,0.004951850813950526,0.09778104478802827,0.09788867562380038,0.006515890432676341,1.0,1.0,1.0,1.0,0.08941092652976798,1.0,0.9823514678602046,0.04599406528189911,1.0
3536,ReFAM_sta2_j1_k1_const0,0.9907000064849854,resnet18,mnist,resnet18mnist,0,YES,NO,0.006932831422220936,1.592234988408529e-05,0.003689850746718048,0.003598848368522073,2.0951416182239038e-05,0.0005989516990172855,0.00019315087014467003,0.0005989516990172855,0.00019315087014467003,0.004060406186414293,0.007856213014218065,0.5090726935443474,0.002225519287833828,0.14285714285714285
3537,mul8_345,0.1134999990463256,resnet34,mnist,resnet34mnist,2,NO,NO,1.0,0.4939655831401421,0.7352839490695511,0.7353646833013436,0.46129068232770726,0.046711908749753825,0.035165749785339144,0.046711908749753825,0.035165749785339144,0.7018790847906173,0.11246364868657553,1.0,0.9562314540059347,0.2857142857142857
3538,mul8_448,0.0983999967575073,resnet34,mnist,resnet34mnist,2,NO,NO,0.3325050980055901,1.0,1.0,1.0,1.0,0.07524296841546108,0.039046326358245696,0.07524296841546108,0.039046326358245696,1.0,0.12749458089249566,1.0,1.0,0.42857142857142855
3539,mul8_104,0.7146999835968018,resnet34,mnist,resnet34mnist,2,NO,NO,0.09131838888956638,0.029553097330140374,0.1353488764212604,0.13531669865642995,0.019242935497350563,0.012316000773307169,0.007113219772327802,0.012316000773307169,0.007113219772327802,0.1351733473616938,0.04858834488812454,0.9451280725082419,0.22255192878338279,0.2857142857142857
3540,mul8_229,0.1102000027894973,resnet18,mnist,resnet18mnist,2,NO,NO,0.6236840177388694,1.0,1.0,1.0,1.0,0.07748339106035228,0.04103051256973185,0.07748339106035228,0.04103051256973185,1.0,0.13083561741996738,1.0,1.0,0.42857142857142855
3541,mul8_486,0.0099999997764825,resnet34,cifar100,resnet34cifar100,2,NO,NO,1.0,0.9417784026189081,0.9451026588798812,0.9450575815738963,0.8813551571200237,0.05154327177591437,0.03874957638502344,0.05154327177591437,0.03874957638502344,0.9306070952311885,0.11878220860727444,1.0,1.0,0.17857142857142858
3542,ReFAM_sta4_j1_k4_const0,0.125900000333786,resnet18,cifar,resnet18cifar,2,YES,NO,0.10919209489997973,0.0013016521030239727,0.058115149260809254,0.058061420345489445,0.0017127782728980415,0.007424110199885449,0.004256342811188001,0.007424110199885449,0.004256342811188001,0.05066024519022623,0.037260469476839655,0.9067857353758687,0.030415430267062313,0.14285714285714285
3543,ReFAM_sta3_j4_k4_const1,0.1000000014901161,resnet18,cifar,resnet18cifar,2,NO,YES,0.034664157111104675,0.18370570402262248,0.36001628729638413,0.3598848368522073,0.08258586799906932,1.0,1.0,1.0,1.0,0.32536217219322366,1.0,0.9901810058869166,0.32047477744807124,1.0
3544,ReFAM_new2_sta3_j1_k3,0.9872000217437744,vgg16,mnist,vgg16mnist,0,YES,NO,0.07972756135554075,0.0011814383613991287,0.04243328358725755,0.04246641074856046,0.0015545950807221366,0.006312029443489855,0.006430168058816196,0.006312029443489855,0.006430168058816196,0.04060406186414293,0.045468999122194154,0.8272431270095645,0.02225519287833828,0.2857142857142857
3545,ReFAM_sta1_j3_k1_const1,0.6966000199317932,vgg16,cifar,vgg16cifar,0,NO,YES,0.020798494266662807,0.0008279621939724352,0.025828955227026332,0.025911708253358926,0.0004190283236447808,1.0,1.0,1.0,1.0,0.023285955765030886,1.0,0.8033808535723667,0.017804154302670624,1.0
3546,mul8_495,0.1134999990463256,resnet18,mnist,resnet18mnist,2,NO,NO,1.0,0.9572565038086261,0.9465782412630459,0.9464971209213051,0.7401164075121125,0.05540619404589613,0.0711058589682583,0.05540619404589613,0.0711058589682583,0.8976558974615771,0.15702946322471234,0.9989278929073956,1.0,1.0
3547,mul8_273,0.0099999997764825,resnet34,cifar100,resnet34cifar100,2,NO,NO,0.9965945169442595,0.41751506254299037,0.6734105982667915,0.673464491362764,0.33746831805559396,0.04656646195708145,0.03506917435026681,0.04656646195708145,0.03506917435026681,0.625774038953355,0.1122852510703857,0.9956189203993574,0.7470326409495549,0.14732142857142858
3548,ReFAM_sta3_j1_k2_const0,0.9858999848365784,resnet34,mnist,resnet34mnist,0,YES,NO,0.020798494266662807,8.598068937406058e-05,0.011069552240154143,0.011036468330134358,0.0001131376473840908,0.0016387607571905821,0.0006479333734853022,0.0016387607571905821,0.0006479333734853022,0.01074282508158053,0.014400195864161039,0.6999749536234776,0.0066765578635014835,0.14285714285714285
3549,mul8_017,0.1134999990463256,resnet18,mnist,resnet18mnist,2,NO,NO,0.9651259652832505,1.0,1.0,1.0,1.0,0.08996561673957074,0.058724888191984945,0.08996561673957074,0.058724888191984945,1.0,0.1554335883150308,1.0,1.0,1.0
3550,mul8_074,0.0997999981045723,resnet18,cifar,resnet18cifar,2,NO,NO,1.0,0.7749833653733473,1.0,1.0,0.8819180904636108,0.05361475932621095,0.03803140633148552,0.05361475932621095,0.03803140633148552,0.97302942593417,0.1184485528146516,0.9988810582195896,1.0,0.14285714285714285
3551,mul8_228,0.1240999996662139,resnet34,mnist,resnet34mnist,2,NO,NO,0.14114811473677935,0.018774387944870456,0.11635056182700627,0.11636276391554704,0.014986159857599959,0.011213857375417143,0.006131662168592615,0.011213857375417143,0.006131662168592615,0.11763212464957576,0.04507040361154404,0.9293743089338186,0.19881305637982197,0.21428571428571427
3552,ReFAM_new2_sta1_j3_k4,0.0895000025629997,resnet34,mnist,resnet34mnist,2,NO,NO,0.16118833056663676,0.07073901994751994,0.16754228546816635,0.16746641074856047,0.06758545479247378,0.012428925301779508,0.015474896532590697,0.012428925301779508,0.015474896532590697,0.211314571418077,0.07082310719382788,0.5428781748318533,0.18397626112759644,0.2857142857142857
3553,mul8_479,0.9496999979019164,vgg16,mnist,vgg16mnist,1,NO,NO,0.4688327249276908,0.08306610322777877,0.281680375888933,0.28166986564299423,0.08827501360490309,0.019830450595970488,0.010437170655817441,0.019830450595970488,0.010437170655817441,0.2851206856529654,0.05983635191057129,0.9677787529348041,0.39243323442136496,0.2857142857142857
3554,mul8_409,0.0110999997705221,resnet34,cifar100,resnet34cifar100,2,NO,NO,1.0,1.0,1.0,1.0,1.0,0.09031794126840442,0.05873015594298889,0.09031794126840442,0.05873015594298889,1.0,0.1555769035548151,1.0,1.0,1.0
3555,mul8_072,0.6035000085830688,vgg16,cifar,vgg16cifar,2,NO,NO,0.09803456932984292,0.019945277749471378,0.10869204783144668,0.10868522072936661,0.015052579484063506,0.010013243788699236,0.0053678382730205105,0.010013243788699236,0.0053678382730205105,0.11374876029370151,0.04209064091769525,0.9290332302291437,0.19881305637982197,0.1932772857142857
3556,mul8_083,0.0577000007033348,resnet34,cifar100,resnet34cifar100,2,NO,NO,0.06759510636665413,0.002183750286602298,0.043701669781441875,0.043666026871401156,0.0021156838281064043,0.004583832459749181,0.0018542483533888323,0.004583832459749181,0.0018542483533888323,0.044190288402232845,0.024554677749711876,0.7556552885525841,0.037091988130563795,0.14285714285714285
3557,mul8_005,0.100500002503395,resnet34,mnist,resnet34mnist,2,NO,NO,0.5560889113722153,1.0,1.0,1.0,1.0,0.07588618652963952,0.03906564144526017,0.07588618652963952,0.03906564144526017,1.0,0.12777822563790212,1.0,1.0,0.42857142857142855
3558,ReFAM_sta3_j1_k9_const1,0.1009000018239021,resnet34,mnist,resnet34mnist,2,NO,YES,0.4805318779526886,1.0,1.0,1.0,1.0,1.0,1.0,1.0,1.0,1.0,1.0,1.0,1.0,1.0
3559,ReFAM_new_sta1_j2_k1,0.9923999905586244,resnet34,mnist,resnet34mnist,0,NO,NO,0.002166509819444042,3.06007693679464e-05,0.00230615671669878,0.002399232245681382,3.5355514807528376e-05,0.0002104913210724397,1.4047336010521454e-05,0.0002104913210724397,1.4047336010521454e-05,0.004280044384787273,0.0021019568501698884,0.1749937384058694,0.004451038575667656,0.040816285714285715
3560,ReFAM_sta1_j1_k2_const0,0.9753999710083008,resnet34,mnist,resnet34mnist,0,YES,NO,0.029464533544438978,0.00020619443099890455,0.015681865673551704,0.015595009596928982,0.00027132083955999555,0.002041675474779887,0.0007269496385444853,0.002041675474779887,0.0007269496385444853,0.015841945430041124,0.015288451777407546,0.6999749536234776,0.012611275964391691,0.14285714285714285
3561,ReFAM_sta2_j2_k8_const0,0.101000003516674,vgg16,mnist,vgg16mnist,2,YES,NO,1.0,1.0,1.0,1.0,1.0,0.17630319422838217,0.12217846086851168,0.17630319422838217,0.12217846086851168,1.0,0.24492425192430564,1.0,1.0,0.14285714285714285
3562,ReFAM_new2_sta3_j4_k1,0.1370999962091446,resnet18,mnist,resnet18mnist,2,NO,NO,0.12132454988886637,0.004506025017196138,0.06503361941090559,0.06501919385796545,0.005855658930233533,0.009257101146048453,0.009611889665199306,0.009257101146048453,0.009611889665199306,0.06954248201190658,0.05575261401025898,0.5647530284734539,0.03560830860534125,0.2857142857142857
3563,mul8_212,0.0111999996006488,resnet34,cifar100,resnet34cifar100,2,NO,NO,0.8767865239290039,0.35858981667643236,0.5890226047341258,0.5890115163147793,0.3128137805972316,0.039414274021757394,0.028672368714475604,0.039414274021757394,0.028672368714475604,0.5687519547641299,0.10078942811247858,0.9957736784981948,0.7574183976261127,0.15178571428571427
3564,mul8_380,0.1130999997258186,resnet18,cifar,resnet18cifar,2,NO,NO,0.49437046115759525,0.09541282180979797,0.3031647938411019,0.30326295585412666,0.09763079128254246,0.022522571354751046,0.013281756197948037,0.022522571354751046,0.013281756197948037,0.3035561478611422,0.06753357458065364,0.9680892872778661,0.4043026706231454,0.14285714285714285
3565,mul8_258,0.1009000018239021,resnet34,cifar,resnet34cifar,2,NO,NO,1.0,0.5559526799735053,0.8750272495477646,0.875,0.6313619492716398,0.04934982573486766,0.03473906195401956,0.04934982573486766,0.03473906195401956,0.8295147211772262,0.11262935693257614,0.9949968335678462,1.0,0.14732142857142858
3566,ReFAM_sta3_j6_k2_const1,0.1009000018239021,resnet34,mnist,resnet34mnist,2,NO,YES,0.013865662844441871,0.1712990089929432,0.3445830548356985,0.34452975047984646,0.07929559183112483,1.0,1.0,1.0,1.0,0.31395806936012377,1.0,0.9010993933889784,0.3086053412462908,1.0
3567,mul8_433,0.9919000267982484,resnet34,mnist,resnet34mnist,0,NO,NO,0.0,0.0,0.0,0.0,0.0,0.0,0.0,0.0,0.0,0.0,0.0,0.0,0.0,0.0
3568,mul8_357,0.7003999948501587,resnet34,cifar100,resnet34cifar100,0,NO,NO,0.0,0.0,0.0,0.0,0.0,0.0,0.0,0.0,0.0,0.0,0.0,0.0,0.0,0.0
3569,mul8_111,0.6057000160217285,vgg16,cifar,vgg16cifar,2,NO,NO,0.060838306467074804,0.0046889372404656975,0.05735709156400051,0.05734165067178503,0.003410621990835325,0.005756440763405948,0.0028656565461463767,0.005756440763405948,0.0028656565461463767,0.05711042780009177,0.030531371108841954,0.8991425179549939,0.07270029673590504,0.7142857142857143
3570,mul8_081,0.1121999993920326,resnet34,cifar,resnet34cifar,2,NO,NO,0.03396004488620107,1.0,1.0,1.0,1.0,0.08111414049979493,0.0463913271747471,0.08111414049979493,0.0463913271747471,1.0,0.13860897631118516,1.0,1.0,0.42857142857142855
3571,ReFAM_new2_sta2_j6_k2,0.0094999996945261,resnet34,cifar100,resnet34cifar100,2,NO,NO,0.3275762846999392,0.2888879512393957,0.37918981814319686,0.3790786948176584,0.240542812251136,0.034992149486780595,0.05243519349327396,0.034992149486780595,0.05243519349327396,0.42725043999847223,0.13218815499543182,0.5709667697708563,0.3323442136498516,0.2857142857142857
3572,mul8_464,0.1000000014901161,vgg16,cifar,vgg16cifar,2,NO,NO,1.0,0.858193392759789,1.0,1.0,0.9842105560074308,0.05507826121521247,0.03834747139172226,0.05507826121521247,0.03834747139172226,1.0,0.11932710509187104,0.9988963304003958,1.0,0.14285714285714285
3573,mul8_384,0.1081999987363815,resnet34,cifar,resnet34cifar,2,NO,NO,0.0915892060834126,1.0,1.0,1.0,1.0,0.055548027253657394,0.03179263322581268,0.055548027253657394,0.03179263322581268,1.0,0.11042961728859509,0.9835783330516465,0.9903560830860534,0.2857142857142857
3574,ReFAM_sta1_j2_k8_const0,0.1134999990463256,resnet18,mnist,resnet18mnist,2,YES,NO,1.0,1.0,1.0,1.0,1.0,0.09825698731812374,0.05903392958421641,0.09825698731812374,0.05903392958421641,1.0,0.15913216650842274,0.9545113003956514,1.0,0.14285714285714285
3575,mul8_114,0.6535999774932861,vgg16,cifar,vgg16cifar,1,YES,NO,0.07821100448192993,0.002011577433571956,0.04162612873641298,0.04150671785028791,0.0026469331662967365,0.003847564534109531,0.0012168504819114211,0.003847564534109531,0.0012168504819114211,0.045713392780693626,0.01991036826045156,0.6920212018595407,0.04896142433234421,0.14285714285714285
3576,ReFAM_sta3_j5_k4_const1,0.1009000018239021,resnet34,mnist,resnet34mnist,2,NO,YES,0.27947976670828145,0.7866265297429496,0.7498144263363953,0.7497600767754319,0.37018155127996294,1.0,1.0,1.0,1.0,0.6814819212485357,1.0,0.9921857341540943,0.6765578635014837,1.0
3577,mul8_257,0.1134999990463256,resnet18,mnist,resnet18mnist,2,NO,NO,0.6547192674359896,0.49437179762056405,0.6166866887807786,0.6166026871401151,0.3318198439422539,0.041970885346371146,0.029360688178991155,0.041970885346371146,0.029360688178991155,0.5913874307511597,0.10256146133772832,1.0,0.81973293768546,0.42857142857142855
3578,mul8_438,0.1559000015258789,vgg16,mnist,vgg16mnist,2,NO,NO,0.6370622124075207,0.15419506836420147,0.38351048208372307,0.3833973128598849,0.1633592212405697,0.027374712494150508,0.019150030816343377,0.027374712494150508,0.019150030816343377,0.3880385641895903,0.08116569033159564,0.9804251367878328,0.4317507418397626,0.7142857142857143
3579,mul8_077,0.1052000001072883,vgg16,mnist,vgg16mnist,2,NO,NO,1.0,0.8620182993783915,1.0,1.0,0.9749229196263088,0.05588409065039107,0.040684596920472764,0.05588409065039107,0.040684596920472764,1.0,0.12264500217958595,0.9988505138579769,1.0,0.1462052857142857
3580,ReFAM_new1_sta3_j6_k3,0.0979999974370002,vgg16,mnist,vgg16mnist,2,NO,YES,1.0,1.0,0.8908034794643129,0.8908349328214972,1.0,1.0,1.0,1.0,1.0,0.9430559865939896,1.0,0.7445463042340593,0.712166172106825,1.0
3581,ReFAM_sta1_j4_k2_const1,0.4237000048160553,vgg16,cifar,vgg16cifar,2,NO,YES,0.09705963991109309,0.01635543780093241,0.11807522389497753,0.11804222648752401,0.0076430766232808015,1.0,1.0,1.0,1.0,0.104137962922206,1.0,0.9107626112578372,0.0830860534124629,1.0
3582,mul8_137,0.1093000024557113,resnet18,cifar,resnet18cifar,2,NO,NO,0.5234287723776806,0.08513202812523883,0.2974077374221918,0.29750479846449135,0.09867300960822062,0.019893688331915,0.009775189946321617,0.019893688331915,0.009775189946321617,0.30123270223315224,0.058070290153645884,0.9670640148730678,0.3961424332344214,0.17857142857142858
3583,ReFAM_sta4_j2_k4_const0,0.1134999990463256,resnet34,mnist,resnet34mnist,2,YES,NO,0.24611551548884322,0.005480472830102158,0.13098970150849068,0.13099808061420348,0.0072114774499266775,0.014907844550804293,0.009827867456361074,0.014907844550804293,0.009827867456361074,0.11129760135646151,0.05718725927518318,0.9535165723524657,0.0712166172106825,0.14285714285714285
3584,ReFAM_new2_sta1_j1_k7,0.7031000256538391,vgg16,cifar,vgg16cifar,0,NO,NO,0.33624232397771536,0.29053511833490436,0.3434660078698908,0.3435700575815739,0.27649788175134143,0.020334545691071012,0.030447600802805255,0.020334545691071012,0.030447600802805255,0.42938035583986794,0.09971680311471787,0.6005469477019441,0.37833827893175076,0.2857142857142857
3585,mul8_020,0.1102000027894973,resnet18,mnist,resnet18mnist,2,NO,NO,0.2868459000943912,1.0,1.0,1.0,1.0,0.07396827633806533,0.0371604714988332,0.07396827633806533,0.0371604714988332,1.0,0.12460588309059314,1.0,1.0,0.4330357142857143
3586,ReFAM_new2_sta1_j2_k2,0.892300009727478,resnet34,cifar,resnet34cifar,1,NO,NO,0.020798494266662807,0.0009553409930451175,0.01914110074859987,0.019193857965451058,0.0009568904651384818,0.0024454935885969715,0.0018840989424111902,0.0024454935885969715,0.0018840989424111902,0.024809490546547425,0.024535270477657755,0.43748485508736706,0.020771513353115726,0.2857142857142857
3587,mul8_378,0.989400029182434,vgg16,mnist,vgg16mnist,0,NO,NO,0.0656994137410563,0.002239969085165465,0.035269785208474645,0.035268714011516315,0.002921290083956267,0.003021860381919789,0.0008955176706707429,0.003021860381919789,0.0008955176706707429,0.04412027887876668,0.01703958486352209,0.5973153542433246,0.04747774480712166,0.14285714285714285
3588,mul8_400,0.9925000071525574,resnet34,mnist,resnet34mnist,0,YES,NO,0.001733207855555234,0.0008144281965709627,0.000922462686679512,0.0009596928982725527,0.001071664937721527,5.691396235005881e-05,3.1606506023673276e-05,5.691396235005881e-05,3.1606506023673276e-05,0.021655499660876227,0.0031544281423359186,0.0009947280431856548,0.18991097922848665,0.07128928571428571
3589,ReFAM_sta1_j5_k1_const0,0.1023000031709671,resnet34,cifar,resnet34cifar,2,YES,NO,0.24958193119995367,0.013247395103558964,0.13283462688184972,0.13291746641074856,0.01743157826362288,0.009927421147060259,0.0038050721418499992,0.009927421147060259,0.0038050721418499992,0.13083219927767592,0.03569967694356365,0.7477005186432601,0.10682492581602374,0.14285714285714285
3590,ReFAM_sta1_j1_k4_const1,0.1446000039577484,resnet18,mnist,resnet18mnist,2,NO,YES,0.06066227494443319,0.004396956920490153,0.06408233161019271,0.0640595009596929,0.0020135282761619914,1.0,1.0,1.0,1.0,0.05559116456588334,1.0,1.0,0.04302670623145401,1.0
3591,ReFAM_new1_sta3_j4_k4,0.1009000018239021,resnet34,mnist,resnet34mnist,2,NO,YES,0.9030012927442769,0.26292178304842945,0.5238867395590286,0.5237523992322457,0.2924406463638077,1.0,1.0,1.0,1.0,0.5249365257679642,1.0,0.8952888376648632,0.36795252225519287,1.0
3592,mul8_437,0.0111999996006488,resnet34,cifar100,resnet34cifar100,2,NO,NO,1.0,1.0,1.0,1.0,1.0,0.09031794126840442,0.05873015594298889,0.09031794126840442,0.05873015594298889,1.0,0.1555769035548151,1.0,1.0,1.0
3593,ReFAM_sta2_j1_k4_const0,0.3080999851226806,vgg16,cifar,vgg16cifar,2,YES,NO,0.14732266772219488,0.0024416923547244795,0.07840932836775852,0.07845489443378119,0.0032128996715463567,0.008617496616781127,0.004400328005295846,0.008617496616781127,0.004400328005295846,0.06865436019450201,0.0380389996596263,0.9067857353758687,0.04080118694362018,0.14285714285714285
3594,ReFAM_new2_sta4_j2_k3,0.0089999996125698,resnet34,cifar100,resnet34cifar100,2,NO,NO,1.0,1.0,1.0,1.0,1.0,1.0,1.0,1.0,1.0,1.0,1.0,1.0,1.0,0.2857142857142857
3595,ReFAM_new2_sta1_j1_k2,0.8942000269889832,resnet34,cifar,resnet34cifar,1,NO,NO,0.013865662844441871,0.00021654395842355997,0.009916473881804753,0.009836852207293667,0.00023092389442389913,0.001492410568290431,0.0010763771218062065,0.001492410568290431,0.0010763771218062065,0.012404746626742444,0.018522748308581596,0.4772556501978257,0.010385756676557863,0.2857142857142857
3596,ReFAM_sta4_j7_k3_const0,0.1134999990463256,resnet34,mnist,resnet34mnist,2,YES,NO,1.0,1.0,1.0,1.0,1.0,0.14936843569715988,0.11064559800387355,0.14936843569715988,0.11064559800387355,1.0,0.224365232917122,1.0,1.0,0.14285714285714285
3597,ReFAM_new_sta3_j1_k8,0.1097000017762184,resnet34,cifar,resnet34cifar,2,NO,NO,0.5801913296471145,0.2780475676254044,0.43344215490353566,0.43354126679462573,0.25197166655466635,0.018510588707185794,0.0044881238553616054,0.018510588707185794,0.0044881238553616054,0.4596376608834779,0.040715710336014524,0.6890685802369835,0.5133531157270029,0.06800742857142857
3598,ReFAM_new1_sta4_j2_k3,0.1000000014901161,vgg16,cifar,vgg16cifar,2,NO,YES,1.0,1.0,1.0,1.0,1.0,1.0,1.0,1.0,1.0,1.0,1.0,1.0,1.0,1.0
3599,mul8_476,0.1684000045061111,vgg16,mnist,vgg16mnist,2,NO,NO,0.6443200203026582,0.16065247998879068,0.3871287165172981,0.38699616122840697,0.17166666594685984,0.027172351739128076,0.01913247164633022,0.027172351739128076,0.01913247164633022,0.39459649103108113,0.08108656837629805,0.9803783021000267,0.4406528189910979,0.7142857142857143
3600,ReFAM_sta1_j4_k3_const0,0.09740000218153,resnet34,cifar,resnet34cifar,2,YES,NO,0.6239548279998842,0.0709754668432986,0.3320865672046243,0.33205374280230326,0.09339303277394874,0.021915489089683753,0.011896337683910357,0.021915489089683753,0.011896337683910357,0.31651496398139545,0.06405146211401921,0.8550832944741178,0.26706231454005935,0.14285714285714285
3601,mul8_304,0.1024999991059303,resnet34,cifar,resnet34cifar,2,NO,NO,1.0,0.47547480494484495,0.7190157476630922,0.7190499040307102,0.46094612985231526,0.042805623460838674,0.02913944263682544,0.042805623460838674,0.02913944263682544,0.6926402910061713,0.10245472134143063,0.9959294547424195,0.836053412462908,0.30357142857142855
3602,ReFAM_sta4_j2_k1_const0,0.912999987602234,resnet34,cifar,resnet34cifar,0,YES,NO,0.017332078555552338,6.687386951315823e-05,0.00922462686679512,0.009117082533589253,8.799594796540397e-05,0.0013803894360458707,0.0004951685943708813,0.0013803894360458707,0.0004951685943708813,0.009179671563434416,0.012580390892316513,0.6363408669304342,0.004451038575667656,0.14285714285714285
3603,mul8_434,0.1134999990463256,resnet18,mnist,resnet18mnist,2,NO,NO,0.7652654344395375,0.15538653516928644,0.42726834460218677,0.42730326295585414,0.18394552741785877,0.028217581174668042,0.01619657842013124,0.028217581174668042,0.01619657842013124,0.42269104237499716,0.07538381612654735,0.975205105388229,0.594213649851632,0.14285714285714285
3604,mul8_101,0.7336999773979187,vgg16,mnist,vgg16mnist,2,NO,NO,0.2859792961666136,0.09001143224721678,0.2763640573823154,0.2763915547024952,0.05293541334225654,0.022225353995811853,0.012386238527277294,0.022225353995811853,0.012386238527277294,0.25347112417372053,0.06532487773418606,0.9205816053709205,0.26112759643916916,0.2857142857142857
3605,ReFAM_new1_sta1_j2_k4,0.4666999876499176,vgg16,mnist,vgg16mnist,2,NO,YES,0.3535744025332677,0.031195067892899907,0.20161575095739082,0.2015355086372361,0.0346017180516706,1.0,1.0,1.0,1.0,0.19236404939209098,1.0,0.8650254841790388,0.09198813056379822,1.0
3606,ReFAM_sta3_j1_k2_const1,0.7706999778747559,resnet34,cifar,resnet34cifar,2,NO,YES,0.027731325688883743,8.598068937406058e-05,0.015220634330211947,0.015115163147792706,9.611462173602159e-05,1.0,1.0,1.0,1.0,0.012911268763810336,1.0,0.9545113003956514,0.0051928783382789315,1.0
3607,ReFAM_new2_sta3_j2_k6,0.100500002503395,resnet18,mnist,resnet18mnist,2,NO,NO,0.9012680848887216,0.31426897307212187,0.5264343195202343,0.5263915547024953,0.35562120475319103,0.07091660388062883,0.1489228327155432,0.07091660388062883,0.1489228327155432,0.5519232385949165,0.22513853806512485,0.9618134391118514,0.3768545994065282,0.2857142857142857
3608,ReFAM_new_sta2_j5_k2,0.1722999960184097,resnet34,cifar,resnet34cifar,2,NO,NO,0.05156293370276821,0.016364145339209744,0.08371348881616571,0.08373320537428024,0.013832583279933483,0.0037644520811538893,0.00029850589022358096,0.0037644520811538893,0.00029850589022358096,0.09909017964262896,0.010217928736497017,0.4859557025304986,0.0830860534124629,0.040816285714285715
3609,ReFAM_sta1_j2_k2_const0,0.3203999996185303,resnet34,cifar,resnet34cifar,2,YES,NO,0.06932831422220935,0.0009744478129060199,0.03689850746718048,0.03694817658349329,0.0012822266703530292,0.004141168308137612,0.001582081218184979,0.004141168308137612,0.001582081218184979,0.0359625574137036,0.02266620089213737,0.7874723318991058,0.02967359050445104,0.14285714285714285
3610,mul8_386,0.1000000014901161,vgg16,cifar,vgg16cifar,2,NO,NO,0.7879596213317982,0.4949865371563957,0.6505785213669959,0.6506717850287909,0.34678682514165876,0.04540650120061358,0.03392431646540932,0.04540650120061358,0.03392431646540932,0.6159526364337826,0.11032660946000011,1.0,0.7618694362017804,0.2857142857142857
3611,ReFAM_new2_sta3_j3_k4,0.101000003516674,resnet34,cifar,resnet34cifar,2,NO,NO,0.5199623566665702,0.07654192036277482,0.2840320284653388,0.2840690978886756,0.09568275146810319,0.03945312005955188,0.06985915789732451,0.03945312005955188,0.06985915789732451,0.2919730406678454,0.15241127890937103,0.8554559356857923,0.18397626112759644,0.2857142857142857
3612,mul8_001,0.1134999990463256,resnet34,mnist,resnet34mnist,2,NO,NO,1.0,0.7456328477313836,0.8853999993033562,0.88531669865643,0.8603522927910576,0.048425651393850036,0.03330798959794769,0.048425651393850036,0.03330798959794769,0.8933256312661388,0.11031765225751361,0.9995021269057137,1.0,0.14285714285714285
3613,mul8_178,0.1123000010848045,resnet18,mnist,resnet18mnist,2,NO,NO,0.38710114545557994,1.0,1.0,1.0,1.0,0.07326543407285349,0.03611043313204672,0.07326543407285349,0.03611043313204672,1.0,0.12297343293742499,1.0,1.0,0.42857142857142855
3614,mul8_346,0.6807000041007996,resnet18,mnist,resnet18mnist,2,NO,NO,0.06353290392161226,0.0026027623111609306,0.035432836023121375,0.03550863723608445,0.0032868423313990266,0.0028538286835529487,0.0006409097054800414,0.0028538286835529487,0.0006409097054800414,0.045963167313782166,0.014453939079080155,0.7042939263555078,0.05637982195845697,0.14285714285714285
3615,mul8_033,0.1058000028133392,resnet34,cifar,resnet34cifar,2,NO,NO,0.9366905204366317,0.23620721155070948,0.5079001623209621,0.5079174664107485,0.29920776852986847,0.027831830985406533,0.012742689678544276,0.027831830985406533,0.012742689678544276,0.519268128351356,0.06761717513719448,0.975950387811578,0.6060830860534124,0.14285714285714285
3616,mul8_427,0.0105999996885657,resnet34,cifar100,resnet34cifar100,2,NO,NO,0.6603521929665441,0.4890661223345986,0.6181097941066236,0.618042226487524,0.32525830982699544,0.04243071402631051,0.029624075729188435,0.04243071402631051,0.029624075729188435,0.5897595354098399,0.10309665418629786,1.0,0.8115727002967359,0.2857142857142857
3617,mul8_063,0.1134999990463256,resnet18,mnist,resnet18mnist,2,NO,NO,0.8234903823706805,0.21463440841464346,0.5082670294213053,0.5081573896353168,0.2008780145546615,0.03209947476543317,0.02183482791135429,0.03209947476543317,0.02183482791135429,0.4762908132100031,0.08735810298394273,0.9898236368560486,0.5356083086053413,0.14285714285714285
3618,mul8_295,0.0099999997764825,resnet34,cifar100,resnet34cifar100,2,NO,NO,0.7751772133970783,0.13492554510483276,0.4318307712534887,0.43186180422264875,0.15752114090049688,0.02867108608101296,0.016823440789600755,0.02867108608101296,0.016823440789600755,0.4113698936402857,0.0768072648883634,0.981232526079794,0.5222551928783383,0.14285714285714285
3619,mul8_260,0.1000000014901161,vgg16,cifar,vgg16cifar,2,NO,NO,1.0,1.0,1.0,1.0,1.0,0.06340938122778775,0.04257571953088922,0.06340938122778775,0.04257571953088922,1.0,0.12749234159187403,1.0,1.0,0.2857142857142857
3620,ReFAM_sta4_j7_k2_const0,0.1005999967455864,resnet34,cifar,resnet34cifar,2,YES,NO,1.0,0.4185378620487606,1.0,1.0,0.5507328377812426,0.08241503106779627,0.05973629638474249,0.08241503106779627,0.05973629638474249,1.0,0.15359586893821323,0.985225692287956,0.8071216617210683,0.14285714285714285
3621,ReFAM_new2_sta1_j3_k3,0.7057999968528748,vgg16,cifar,vgg16cifar,0,NO,NO,0.07799435349998553,0.01711254553792067,0.08140733209946693,0.08133397312859886,0.016480318499963943,0.007392491331913193,0.007680380963752606,0.007392491331913193,0.007680380963752606,0.10378554944153727,0.04974083827472337,0.49714104775305495,0.08902077151335312,0.2857142857142857
3622,ReFAM_sta3_j8_k1_const0,0.1134999990463256,resnet18,mnist,resnet18mnist,2,YES,NO,1.0,0.6546441812600311,1.0,1.0,0.8614132205805364,0.08231114050160171,0.047348301940463876,0.08231114050160171,0.047348301940463876,1.0,0.1401757403127855,0.9695187634013387,0.8545994065281899,0.14285714285714285
3623,mul8_200,0.1006999984383583,resnet18,cifar,resnet18cifar,2,NO,NO,1.0,1.0,1.0,1.0,1.0,0.07928837672345415,0.04395235845992032,0.07928837672345415,0.04395235845992032,1.0,0.13504923475633424,1.0,1.0,0.36160714285714285
3624,ReFAM_sta3_j2_k6_const0,0.1000000014901161,resnet18,cifar,resnet18cifar,2,YES,NO,1.0,0.1860805225078338,0.9067808210059602,0.9066698656429942,0.2448539630677821,0.06628579481703516,0.053093662368767156,0.06628579481703516,0.053093662368767156,0.7413327659087127,0.14087813427443674,0.9982284270264657,0.5103857566765578,0.14285714285714285
3625,ReFAM_sta4_j2_k3_const0,0.1544999927282333,resnet34,cifar,resnet34cifar,2,YES,NO,0.1074588870444245,0.0012769724607036405,0.057192686574129736,0.05710172744721689,0.001680303577815571,0.007264209067568616,0.004031585435019657,0.007264209067568616,0.004031585435019657,0.049950147821658804,0.03626547356729547,0.9028088594939003,0.02967359050445104,0.14285714285714285
3626,ReFAM_sta1_j3_k2_const0,0.1224000006914138,resnet34,cifar,resnet34cifar,2,YES,NO,0.14558945986663965,0.004088859450233103,0.077486865681079,0.07749520153550864,0.005380323675598985,0.007375326803585398,0.0030149094912581675,0.007375326803585398,0.0030149094912581675,0.07472324088715121,0.03152487415130507,0.8192893752456275,0.06231454005934718,0.14285714285714285
3627,mul8_112,0.1134999990463256,resnet18,mnist,resnet18mnist,2,NO,NO,0.948064696988713,0.4155279532774565,0.654752572777952,0.6547504798464492,0.332450332127078,0.043877954783212006,0.0324651494373164,0.043877954783212006,0.0324651494373164,0.6132393403800852,0.10777604605196371,0.9955252510237451,0.7470326409495549,0.14732142857142858
3628,ReFAM_new2_sta1_j6_k2,0.0214000009000301,resnet34,cifar100,resnet34cifar100,2,NO,NO,0.2911789197332793,0.25633709525386594,0.30625761197759793,0.30614203454894434,0.2514002330539227,0.015768781155877404,0.02073035611752704,0.015768781155877404,0.02073035611752704,0.40048039585950196,0.08214202540262626,0.4295300851780431,0.3323442136498516,0.2857142857142857
3629,mul8_134,0.0102000003680586,resnet34,cifar100,resnet34cifar100,2,NO,NO,0.47316574456657884,0.097892995439839,0.3037672320826678,0.30374280230326295,0.09328965540245711,0.022825209091056918,0.014064895180534607,0.022825209091056918,0.014064895180534607,0.300741238789161,0.06941757283698488,0.9564997383366355,0.4043026706231454,0.14285714285714285
3630,ReFAM_sta1_j1_k5_const0,0.1142999976873397,resnet18,cifar,resnet18cifar,2,YES,NO,0.32064345327771826,0.018306721779227066,0.1706555970357097,0.17058541266794627,0.024088890755529335,0.014228490587514702,0.007431040749565849,0.014228490587514702,0.007431040749565849,0.16187961334722537,0.049958796868562014,0.8670149402654102,0.13724035608308605,0.14285714285714285
3631,ReFAM_new1_sta3_j4_k4,0.1027999967336654,resnet18,mnist,resnet18mnist,2,NO,YES,0.9030012927442769,0.26292178304842945,0.5238867395590286,0.5237523992322457,0.2924406463638077,1.0,1.0,1.0,1.0,0.5249365257679642,1.0,0.8952888376648632,0.36795252225519287,1.0
3632,mul8_083,0.656499981880188,vgg16,cifar,vgg16cifar,1,NO,NO,0.06759510636665413,0.002183750286602298,0.043701669781441875,0.043666026871401156,0.0021156838281064043,0.004583832459749181,0.0018542483533888323,0.004583832459749181,0.0018542483533888323,0.044190288402232845,0.024554677749711876,0.7556552885525841,0.037091988130563795,0.14285714285714285
3633,mul8_316,0.9836000204086304,resnet34,mnist,resnet34mnist,0,NO,NO,0.027551910944508085,0.0008266599750337553,0.01660793334441076,0.016554702495201537,0.0010129191110379502,0.0015420973608182601,0.0003213328112406783,0.0015420973608182601,0.0003213328112406783,0.024315986071713175,0.010173889157604964,0.4664429461869437,0.02967359050445104,0.14285714285714285
3634,mul8_123,0.7321000099182129,resnet18,mnist,resnet18mnist,2,NO,NO,0.07114953437266969,0.0027676195577408095,0.03914520961879739,0.03910748560460653,0.0035206622143733,0.003293782646481181,0.0009710221017272956,0.003293782646481181,0.0009710221017272956,0.04861931450387457,0.017759893230146363,0.6002985202274944,0.05934718100890208,0.14285714285714285
3635,ReFAM_sta4_j8_k1_const1,0.1000000014901161,vgg16,cifar,vgg16cifar,2,NO,YES,0.5596094863623962,0.4011984230249917,0.5698513246962685,0.5698176583493282,0.23735538574717346,1.0,1.0,1.0,1.0,0.5277625657667712,1.0,0.7660485166639855,0.47477744807121663,1.0
3636,mul8_296,0.1005999967455864,vgg16,cifar,vgg16cifar,2,NO,NO,0.15040994768131835,1.0,1.0,1.0,1.0,0.055591390272590774,0.029611784310179228,0.055591390272590774,0.029611784310179228,1.0,0.10726473907669157,0.9886741507140253,0.9903560830860534,0.5714285714285714
3637,ReFAM_sta4_j1_k9_const0,0.101000003516674,vgg16,mnist,vgg16mnist,2,YES,NO,1.0,1.0,1.0,1.0,1.0,0.16443618138028102,0.13661209861932247,0.16443618138028102,0.13661209861932247,1.0,0.24861088718104896,1.0,1.0,0.14285714285714285
3638,ReFAM_new2_sta1_j3_k3,0.1143999993801117,resnet34,mnist,resnet34mnist,2,NO,NO,0.07799435349998553,0.01711254553792067,0.08140733209946693,0.08133397312859886,0.016480318499963943,0.007392491331913193,0.007680380963752606,0.007392491331913193,0.007680380963752606,0.10378554944153727,0.04974083827472337,0.49714104775305495,0.08902077151335312,0.2857142857142857
3639,mul8_089,0.1000000014901161,vgg16,cifar,vgg16cifar,2,NO,NO,0.29805759187642983,1.0,1.0,1.0,1.0,0.07508306728314425,0.0390586177772549,0.07508306728314425,0.0390586177772549,1.0,0.12744456984527924,1.0,1.0,0.42857142857142855
3640,ReFAM_sta4_j2_k1_const1,0.7056000232696533,vgg16,cifar,vgg16cifar,0,YES,YES,0.024264909977773273,6.687386951315823e-05,0.012914477613513166,0.012955854126679463,8.799594796540397e-05,1.0,1.0,1.0,1.0,0.01132393146641794,1.0,0.8272431270095645,0.004451038575667656,1.0
3641,ReFAM_sta3_j3_k2_const1,0.313400000333786,resnet18,cifar,resnet18cifar,2,NO,YES,0.06239548279998842,0.002012585025348381,0.04675732743106776,0.04678502879078695,0.001314468117509426,1.0,1.0,1.0,1.0,0.041848237993096706,1.0,0.9067857353758687,0.026706231454005934,1.0
3642,mul8_405,0.5479999780654907,vgg16,mnist,vgg16mnist,2,NO,NO,0.6543401316840026,0.12678621321937178,0.3780705203684337,0.3781190019193858,0.14017460974843687,0.026076532114832497,0.015239603654414463,0.026076532114832497,0.015239603654414463,0.3717640718093228,0.07279817034210542,0.9767272327419265,0.4992581602373887,0.2380952857142857
3643,mul8_366,0.1010999977588653,vgg16,mnist,vgg16mnist,2,NO,NO,1.0,0.2698001367284029,0.5671039799054862,0.5671785028790788,0.31127273818310336,0.03703472835778826,0.026310660347706686,0.03703472835778826,0.026310660347706686,0.5560277597410774,0.0963593450493542,0.9915636473225831,0.5593471810089021,1.0
3644,ReFAM_new_sta2_j1_k6,0.5073999762535095,resnet34,mnist,resnet34mnist,2,NO,NO,0.05762916119721153,0.01669811662802843,0.08601964553286448,0.08613243761996162,0.014021146025573633,0.003941517741798517,0.0003230887282419935,0.003941517741798517,0.0003230887282419935,0.10055826281032638,0.010635931519201256,0.5241117190570345,0.08902077151335312,0.04444442857142857
3645,ReFAM_new_sta1_j5_k4,0.1020999997854232,resnet34,cifar,resnet34cifar,2,NO,NO,0.3691732732332648,0.25017753420120753,0.2666493703682964,0.2665547024952015,0.2891912149481882,0.006723074727129168,0.0012010472288995844,0.006723074727129168,0.0012010472288995844,0.40582400679913394,0.020294781533831355,0.38926141697329814,0.5459940652818991,0.05960485714285714
3646,mul8_095,0.1521999984979629,vgg16,mnist,vgg16mnist,2,NO,NO,0.31398143904934356,1.0,1.0,1.0,1.0,0.07454102954647703,0.037655640093204074,0.07454102954647703,0.037655640093204074,1.0,0.12546428166221793,1.0,1.0,0.42857142857142855
3647,ReFAM_sta2_j3_k1_const0,0.8068000078201294,resnet34,mnist,resnet34mnist,2,YES,NO,0.050263027811101785,0.0004386607393065498,0.026751417913705847,0.02663147792706334,0.0005772115158206855,0.0032856520804311726,0.001215094564910106,0.0032856520804311726,0.001215094564910106,0.025248631596420507,0.019822289102667454,0.7477005186432601,0.01483679525222552,0.14285714285714285
3648,ReFAM_new2_sta2_j2_k6,0.61080002784729,vgg16,cifar,vgg16cifar,2,NO,NO,0.459300081722137,0.3006259075739434,0.4337592532970071,0.43378119001919385,0.23752026254807468,0.043921317802145386,0.07496185270314643,0.043921317802145386,0.07496185270314643,0.45287638077935916,0.15843872974925804,0.9011309558959781,0.3768545994065282,0.2857142857142857
3649,ReFAM_new_sta2_j2_k2,0.9919000267982484,resnet18,mnist,resnet18mnist,0,YES,NO,0.006066227494443318,7.94127200468754e-05,0.0032286194033782916,0.0031190019193857964,0.00010449518820891721,0.00023578641545024363,1.4047336010521454e-05,0.00023578641545024363,1.4047336010521454e-05,0.007161882485407868,0.0021303213247105333,0.11135965171282598,0.005934718100890208,0.031746
3650,ReFAM_new2_sta4_j3_k2,0.101000003516674,vgg16,mnist,vgg16mnist,2,NO,NO,1.0,1.0,1.0,1.0,1.0,1.0,1.0,1.0,1.0,1.0,1.0,1.0,1.0,0.2857142857142857
3651,ReFAM_sta4_j4_k4_const0,0.1134999990463256,resnet34,mnist,resnet34mnist,2,YES,NO,1.0,0.09997961939214838,0.6383441791822223,0.6384357005758158,0.13155813249151538,0.05404748611931696,0.04449844864732934,0.05404748611931696,0.04449844864732934,0.5261356178535616,0.12693923433833146,0.9963336584610937,0.3798219584569733,0.14285714285714285
3652,mul8_426,0.1134999990463256,resnet34,mnist,resnet34mnist,2,NO,NO,1.0,0.40626900008916517,0.648577976538394,0.6485124760076776,0.4821089328674773,0.03602473137513167,0.020110517416062776,0.03602473137513167,0.020110517416062776,0.6611792568930991,0.08524942823190795,0.9903988889997536,0.8308605341246291,0.14285714285714285
3653,ReFAM_new1_sta1_j1_k2,0.1506000012159347,resnet34,mnist,resnet34mnist,2,NO,YES,0.048529819955546546,0.0004076121570325835,0.026751417913705847,0.02663147792706334,0.00047664471814593814,1.0,1.0,1.0,1.0,0.024362437118485757,1.0,0.874968692029347,0.010385756676557863,1.0
3654,ReFAM_sta2_j1_k5_const1,0.917900025844574,vgg16,mnist,vgg16mnist,1,NO,YES,0.09532643205553787,0.010211799098158102,0.09573433254688346,0.09572936660268715,0.005323180933953743,1.0,1.0,1.0,1.0,0.08520405337139735,1.0,1.0,0.04673590504451038,1.0
3655,mul8_119,0.4250000119209289,resnet34,mnist,resnet34mnist,2,NO,NO,0.060838306467074804,0.004952054072300207,0.059004281525693654,0.059021113243762004,0.003520884115012369,0.005902790952306099,0.002895507135168735,0.005902790952306099,0.002895507135168735,0.058420542218575455,0.030701557956085822,0.9050457249093342,0.07270029673590504,0.7142857142857143
3656,ReFAM_sta3_j4_k4_const1,0.1009000018239021,resnet34,mnist,resnet34mnist,2,NO,YES,0.034664157111104675,0.18370570402262248,0.36001628729638413,0.3598848368522073,0.08258586799906932,1.0,1.0,1.0,1.0,0.32536217219322366,1.0,0.9901810058869166,0.32047477744807124,1.0
3657,ReFAM_new_sta3_j3_k2,0.7089999914169312,vgg16,cifar,vgg16cifar,0,NO,NO,0.0028164627652772552,0.00043417013986192136,0.009166972948877649,0.009117082533589253,0.00047061709627710564,0.0007651766049285684,0.00012115827309074755,0.0007651766049285684,0.00012115827309074755,0.015841945430041124,0.006243170133104029,0.21078765763435955,0.01483679525222552,0.063492
3658,ReFAM_sta1_j2_k8_const0,0.1000000014901161,vgg16,cifar,vgg16cifar,2,YES,NO,1.0,1.0,1.0,1.0,1.0,0.09825698731812374,0.05903392958421641,0.09825698731812374,0.05903392958421641,1.0,0.15913216650842274,0.9545113003956514,1.0,0.14285714285714285
3659,ReFAM_sta4_j6_k3_const1,0.0979999974370002,vgg16,mnist,vgg16mnist,2,NO,YES,0.7814600918734661,0.42896700122283643,0.6470643333447769,0.6470729366602688,0.26197180793666647,1.0,1.0,1.0,1.0,0.5829790631191468,1.0,0.9564529036488294,0.47477744807121663,1.0
3660,ReFAM_sta4_j3_k4_const1,0.1000000014901161,resnet18,cifar,resnet18cifar,2,NO,YES,0.3137106218554973,0.023328630932667568,0.18985435170222706,0.18977927063339733,0.020642607862044207,1.0,1.0,1.0,1.0,0.16859244468472784,1.0,0.9903052196241414,0.09198813056379822,1.0
3661,ReFAM_new2_sta2_j1_k5,0.1032000035047531,resnet18,mnist,resnet18mnist,2,YES,NO,0.24438230763328797,0.014450328637301607,0.13006723882181118,0.1300383877159309,0.01901445775619104,0.016469816628633685,0.021529298353125444,0.016469816628633685,0.021529298353125444,0.1319753470868368,0.08376477191976735,0.8670149402654102,0.09347181008902077,0.2857142857142857
3662,ReFAM_new1_sta1_j2_k6,0.1000000014901161,resnet18,cifar,resnet18cifar,2,NO,YES,1.0,0.5136040557409625,0.8195648557538455,0.8195777351247602,0.5671245032968297,1.0,1.0,1.0,1.0,0.7806593617270481,1.0,0.9207058191081454,0.3768545994065282,1.0
3663,ReFAM_new1_sta1_j3_k5,0.1000000014901161,vgg16,cifar,vgg16cifar,2,NO,YES,1.0,0.5103742070669758,0.8115365486063006,0.8114203454894434,0.5634673213361514,1.0,1.0,1.0,1.0,0.7751016563969564,1.0,0.8789455679113154,0.37388724035608306,1.0
3664,ReFAM_sta3_j3_k6_const0,0.101000003516674,vgg16,mnist,vgg16mnist,2,YES,NO,1.0,0.7973406789799506,1.0,1.0,1.0,0.11675492847812063,0.0932304131848296,0.11675492847812063,0.0932304131848296,1.0,0.19720251637675187,1.0,1.0,0.14285714285714285
3665,ReFAM_sta3_j1_k7_const0,0.1134999990463256,resnet18,mnist,resnet18mnist,2,YES,NO,1.0,0.18642205691284744,0.9077032836926398,0.9076295585412668,0.2453033709448911,0.066445695949352,0.053483475943059126,0.066445695949352,0.053483475943059126,0.7420724798800039,0.14136854111057368,0.9982599895334655,0.5111275964391692,0.14285714285714285
3666,mul8_129,0.1134999990463256,resnet18,mnist,resnet18mnist,2,NO,NO,0.8765292534877568,0.3585349743204341,0.5889343213651598,0.5890115163147793,0.3127123371084981,0.03941337062552961,0.028672368714475604,0.03941337062552961,0.028672368714475604,0.568663757327886,0.10078868167893804,0.9958357853668072,0.7574183976261127,0.15178571428571427
3667,ReFAM_new2_sta3_j2_k4,0.5949000120162964,vgg16,cifar,vgg16cifar,2,NO,NO,0.2920455236610569,0.019329533729905993,0.15710692632510437,0.15714971209213052,0.024791446565785673,0.02233285814691752,0.03362054282418179,0.02233285814691752,0.03362054282418179,0.1553131163417438,0.10492168419292619,0.9003225484586297,0.09198813056379822,0.2857142857142857
3668,mul8_452,0.1042999997735023,resnet18,cifar,resnet18cifar,2,NO,NO,0.20384149437014917,1.0,1.0,1.0,1.0,0.04618071176781994,0.025596002128171407,0.04618071176781994,0.025596002128171407,1.0,0.09786714080125163,0.8993593829224438,1.0,0.14285714285714285
3669,mul8_351,0.9318000078201294,resnet34,cifar,resnet34cifar,0,NO,NO,0.0,0.0,0.0,0.0,0.0,0.0,0.0,0.0,0.0,0.0,0.0,0.0,0.0,0.0
3670,ReFAM_sta2_j1_k6_const0,0.1134999990463256,resnet18,mnist,resnet18mnist,2,YES,NO,0.8406058099442885,0.05441224237637887,0.4473944030395633,0.44745681381957775,0.07159832209037457,0.03485573665638601,0.02259865180692639,0.03485573665638601,0.02259865180692639,0.37286282584417896,0.08944289186268012,0.9823514678602046,0.23071216617210683,0.14285714285714285
3671,mul8_116,0.4866999983787536,resnet34,cifar100,resnet34cifar100,2,NO,NO,0.011726232664533024,0.0041471562046213025,0.049867034014431565,0.04990403071017274,0.002443635373461281,0.005760054348317062,0.0032203517804120434,0.005760054348317062,0.0032203517804120434,0.04905740796895156,0.03231907943844312,0.7580163677052428,0.05341246290801187,0.2857142857142857
3672,mul8_028,0.1136000007390976,resnet18,mnist,resnet18mnist,2,NO,NO,0.4913644270499088,0.08701942367462359,0.294738089818583,0.2946257197696737,0.09175562675145459,0.02048179927619894,0.011225577389407958,0.02048179927619894,0.011225577389407958,0.2947308306525336,0.062034598687471264,0.9640187420202855,0.4043026706231454,0.2857142857142857
3673,ReFAM_new2_sta1_j3_k4,0.101000003516674,resnet34,cifar,resnet34cifar,2,NO,NO,0.16118833056663676,0.07073901994751994,0.16754228546816635,0.16746641074856047,0.06758545479247378,0.012428925301779508,0.015474896532590697,0.012428925301779508,0.015474896532590697,0.211314571418077,0.07082310719382788,0.5428781748318533,0.18397626112759644,0.2857142857142857
3674,ReFAM_new1_sta2_j1_k8,0.1000000014901161,vgg16,cifar,vgg16cifar,2,NO,YES,1.0,1.0,1.0,1.0,1.0,1.0,1.0,1.0,1.0,1.0,1.0,1.0,0.7581602373887241,1.0
3675,ReFAM_new1_sta4_j3_k3,0.1000000014901161,resnet18,cifar,resnet18cifar,2,NO,YES,1.0,1.0,1.0,1.0,1.0,1.0,1.0,1.0,1.0,1.0,1.0,1.0,1.0,1.0
3676,mul8_349,0.096000000834465,resnet34,cifar,resnet34cifar,2,NO,NO,0.3613467582437311,0.15880903241790437,0.3289795615920071,0.32893474088291746,0.12126560115709747,0.02428238720646398,0.01631246894221804,0.02428238720646398,0.01631246894221804,0.33355874091774096,0.07469037936738264,0.9848062163884754,0.3694362017804154,0.16071428571428573
3677,ReFAM_new2_sta4_j4_k3,0.1018999963998794,resnet34,mnist,resnet34mnist,2,NO,NO,1.0,1.0,1.0,1.0,1.0,1.0,1.0,1.0,1.0,1.0,1.0,1.0,1.0,0.2857142857142857
3678,ReFAM_new_sta2_j7_k2,0.0979000031948089,resnet34,mnist,resnet34mnist,2,NO,NO,0.5216955645221254,0.3522461658981479,0.4620240856335838,0.46209213051823417,0.2956201731279181,0.014018902662670042,0.001508332704129741,0.014018902662670042,0.001508332704129741,0.4940883883132317,0.02475994697336128,0.6462840747807425,0.47477744807121663,0.04444442857142857
3679,ReFAM_new_sta3_j1_k2,0.9890000224113464,vgg16,mnist,vgg16mnist,0,YES,NO,0.000866603927777617,6.1699105800830506e-06,0.000461231343339756,0.0004798464491362764,8.118673770617628e-06,4.8783396300050404e-05,7.023668005260727e-06,4.8783396300050404e-05,7.023668005260727e-06,0.001914094424837901,0.0015249637233299296,0.03181704334652171,0.002967359050445104,0.063492
3680,ReFAM_sta2_j2_k2_const0,0.6717000007629395,vgg16,cifar,vgg16cifar,1,YES,NO,0.055462651377767486,0.00047767049652255877,0.029518805973744382,0.029510556621881002,0.0006285424854671712,0.0037247026471316264,0.0015715457161770878,0.0037247026471316264,0.0015715457161770878,0.027271639649865325,0.022537814323163922,0.8113346053363036,0.016320474777448073,0.14285714285714285
3681,ReFAM_sta2_j6_k3_const1,0.0995000004768371,resnet18,cifar,resnet18cifar,2,NO,YES,0.47143253671102364,0.9494306167681451,0.8319820706314773,0.8320537428023034,0.474665881895136,1.0,1.0,1.0,1.0,0.7616073295464018,1.0,0.9680271804092537,0.6884272997032641,1.0
3682,ReFAM_sta1_j5_k3_const0,0.1000000014901161,resnet34,cifar,resnet34cifar,2,YES,NO,1.0,0.2839018673731944,0.6641731344092486,0.6641074856046065,0.37357213109579496,0.03431008533480767,0.020960381244699327,0.03431008533480767,0.020960381244699327,0.6330299279627909,0.08633922120110113,0.8550832944741178,0.5341246290801187,0.14285714285714285
3683,ReFAM_new_sta2_j1_k4,0.9610999822616576,resnet34,mnist,resnet34mnist,1,NO,NO,0.012132454988886637,0.0004959811988892569,0.01130016791182402,0.011276391554702494,0.0005467664933711526,0.0007272339633618626,4.389792503287955e-05,0.0007272339633618626,4.389792503287955e-05,0.017542960565965833,0.0037650107785003255,0.25055947089020525,0.011869436201780416,0.031746
3684,mul8_026,0.3382999897003174,vgg16,mnist,vgg16mnist,2,NO,NO,0.05949777418327416,1.0,0.6872720871440021,0.6871401151631478,1.0,0.033749979673584875,0.03855115776387481,0.033749979673584875,0.03855115776387481,0.955146246640782,0.11406101646333817,0.9494307549140787,1.0,1.0
3685,ReFAM_new1_sta1_j3_k1,0.98089998960495,vgg16,mnist,vgg16mnist,0,NO,YES,0.06759510636665413,0.0014640600718416428,0.0387434328405395,0.03862763915547025,0.0016719230113426754,1.0,1.0,1.0,1.0,0.03922725121364119,1.0,0.6124785934932364,0.017804154302670624,1.0
3686,ReFAM_new2_sta1_j4_k1,0.7663000226020813,resnet34,mnist,resnet34mnist,2,NO,NO,0.03119774139999421,0.0035124703844292156,0.03320865672046243,0.033109404990403074,0.0036036435833451145,0.0033705713258423715,0.002588221659938578,0.0033705713258423715,0.002588221659938578,0.046571914236999225,0.028790688092295014,0.3261252033745411,0.03560830860534125,0.2857142857142857
3687,mul8_010,0.0110999997705221,resnet34,cifar100,resnet34cifar100,2,NO,NO,0.30591118650549876,0.06765705009808168,0.21680350502759876,0.21689059500959693,0.06379536229376997,0.016201507948983406,0.010456485742831909,0.016201507948983406,0.010456485742831909,0.23062249310352867,0.059136197249541694,0.9520260075057678,0.3353115727002967,1.0
3688,mul8_154,0.9894999861717224,vgg16,mnist,vgg16mnist,0,NO,NO,0.03645153117856172,0.0009722079586273661,0.019805923296740545,0.01991362763915547,0.001259713233908173,0.0018628030216797026,0.00041966416331432846,0.0018628030216797026,0.00041966416331432846,0.02760130673507776,0.011635406029988714,0.5591593377167886,0.03412462908011869,0.14285714285714285
3689,mul8_132,0.9887999892234802,vgg16,mnist,vgg16mnist,0,NO,NO,0.0,1.9106819860902353e-05,0.0027673880600385357,0.0028790786948176585,1.571356213667928e-05,0.0002836664155225153,6.145709504603137e-05,0.0002836664155225153,6.145709504603137e-05,0.003315308116519982,0.004415154392313526,0.3818045201582605,0.001483679525222552,0.14285714285714285
3690,ReFAM_new1_sta3_j5_k2,0.1000000014901161,resnet18,cifar,resnet18cifar,2,NO,YES,0.4748989524221341,0.061215066364354316,0.2598173829400017,0.2598368522072937,0.07609319369657545,1.0,1.0,1.0,1.0,0.2638118526445354,1.0,0.7252045963155355,0.1661721068249258,1.0
3691,ReFAM_sta1_j2_k3_const1,0.1423999965190887,resnet18,mnist,resnet18mnist,2,NO,YES,0.055462651377767486,0.0043372481084248335,0.062381539186701994,0.06238003838771593,0.0019891896529061364,1.0,1.0,1.0,1.0,0.05444242693087249,1.0,0.9704198220689122,0.04302670623145401,1.0
3692,ReFAM_new_sta3_j1_k8,0.1134999990463256,resnet18,mnist,resnet18mnist,2,NO,NO,0.5801913296471145,0.2780475676254044,0.43344215490353566,0.43354126679462573,0.25197166655466635,0.018510588707185794,0.0044881238553616054,0.018510588707185794,0.0044881238553616054,0.4596376608834779,0.040715710336014524,0.6890685802369835,0.5133531157270029,0.06800742857142857
3693,mul8_075,0.1084999963641166,resnet34,mnist,resnet34mnist,2,NO,NO,1.0,1.0,1.0,1.0,1.0,0.09031794126840442,0.05873015594298889,0.09031794126840442,0.05873015594298889,1.0,0.1555769035548151,1.0,1.0,1.0
3694,ReFAM_new2_sta2_j4_k5,0.929099977016449,vgg16,mnist,vgg16mnist,1,NO,NO,0.8614043042109513,1.0,0.8360106386071918,0.8358925143953936,0.9505891087263785,0.0680022476498147,0.11636813151115973,0.0680022476498147,0.11636813151115973,0.889788088998224,0.20020243277619534,0.8281126231701382,0.7477744807121661,0.2857142857142857
3695,mul8_057,0.1115000024437904,resnet34,mnist,resnet34mnist,2,NO,NO,1.0,1.0,1.0,1.0,1.0,0.07353735633741487,0.0565686221143699,0.07353735633741487,0.0565686221143699,1.0,0.14710936147089207,1.0,1.0,1.0
3696,mul8_267,0.1000000014901161,resnet18,cifar,resnet18cifar,2,NO,NO,1.0,1.0,1.0,1.0,1.0,0.09031794126840442,0.05873015594298889,0.09031794126840442,0.05873015594298889,1.0,0.1555769035548151,1.0,1.0,1.0
3697,mul8_005,0.1102000027894973,resnet18,mnist,resnet18mnist,2,NO,NO,0.5560889113722153,1.0,1.0,1.0,1.0,0.07588618652963952,0.03906564144526017,0.07588618652963952,0.03906564144526017,1.0,0.12777822563790212,1.0,1.0,0.42857142857142855
3698,ReFAM_sta1_j1_k2_const0,0.9607999920845032,resnet18,mnist,resnet18mnist,1,YES,NO,0.029464533544438978,0.00020619443099890455,0.015681865673551704,0.015595009596928982,0.00027132083955999555,0.002041675474779887,0.0007269496385444853,0.002041675474779887,0.0007269496385444853,0.015841945430041124,0.015288451777407546,0.6999749536234776,0.012611275964391691,0.14285714285714285
3699,ReFAM_new_sta3_j1_k2,0.9225999712944032,resnet18,cifar,resnet18cifar,0,YES,NO,0.000866603927777617,6.1699105800830506e-06,0.000461231343339756,0.0004798464491362764,8.118673770617628e-06,4.8783396300050404e-05,7.023668005260727e-06,4.8783396300050404e-05,7.023668005260727e-06,0.001914094424837901,0.0015249637233299296,0.03181704334652171,0.002967359050445104,0.063492
3700,mul8_281,0.0099999997764825,resnet34,cifar100,resnet34cifar100,2,NO,NO,0.03238932180068843,1.0,1.0,1.0,1.0,0.08036161144205527,0.045090192676772556,0.08036161144205527,0.045090192676772556,1.0,0.13680708574431366,1.0,1.0,0.42857142857142855
3701,ReFAM_sta3_j4_k6_const1,0.0979999974370002,vgg16,mnist,vgg16mnist,2,NO,YES,0.5082632036415723,1.0,1.0,1.0,1.0,1.0,1.0,1.0,1.0,1.0,1.0,1.0,1.0,1.0
3702,mul8_361,0.0100999996066093,resnet34,cifar100,resnet34cifar100,2,NO,NO,0.5437668850409194,0.33173717768068683,0.5070815209647431,0.506957773512476,0.22307852844134657,0.03772401967958343,0.02863022670644404,0.03772401967958343,0.02863022670644404,0.4857062590259953,0.10027886757074696,0.9958357853668072,0.6535608308605341,0.15178571428571427
3703,ReFAM_sta4_j3_k2_const0,0.9872000217437744,vgg16,mnist,vgg16mnist,0,YES,NO,0.1022592634777588,0.0012411471734644485,0.054425298514091204,0.05446257197696737,0.001633162891405533,0.006825158500868163,0.0035346609236474613,0.006825158500868163,0.0035346609236474613,0.048043372955706286,0.03396496539534106,0.8789455679113154,0.02967359050445104,0.14285714285714285
3704,mul8_121,0.1094999983906745,resnet18,mnist,resnet18mnist,2,NO,NO,0.0075286250889837585,1.0,1.0,1.0,1.0,0.05697539329354776,0.03491992140515502,0.05697539329354776,0.03491992140515502,1.0,0.11531054621020763,0.9835009540022277,1.0,0.32034628571428575
3705,mul8_241,0.0100999996066093,resnet34,cifar100,resnet34cifar100,2,NO,NO,1.0,1.0,1.0,1.0,1.0,0.07716991256931306,0.052038356250976726,0.07716991256931306,0.052038356250976726,1.0,0.14344810495452726,1.0,1.0,0.42857142857142855
3706,mul8_464,0.1037999987602233,vgg16,mnist,vgg16mnist,2,NO,NO,1.0,0.858193392759789,1.0,1.0,0.9842105560074308,0.05507826121521247,0.03834747139172226,0.05507826121521247,0.03834747139172226,1.0,0.11932710509187104,0.9988963304003958,1.0,0.14285714285714285
3707,ReFAM_sta3_j1_k6_const0,0.1020999997854232,resnet34,cifar,resnet34cifar,2,YES,NO,0.7504790014554162,0.04157882836980613,0.39942634333222865,0.3994721689059501,0.054711480647489916,0.03504273967553621,0.025603025796176668,0.03504273967553621,0.025603025796176668,0.3313345641001964,0.09467016594710473,0.9823514678602046,0.22626112759643918,0.14285714285714285
3708,ReFAM_sta1_j3_k3_const0,0.1089000031352043,resnet34,mnist,resnet34mnist,2,YES,NO,0.3119774139999421,0.01774386671082465,0.16604328360231216,0.16602687140115163,0.023348258193487185,0.013533778888352872,0.006609271592950345,0.013533778888352872,0.006609271592950345,0.15825748199069772,0.04713877095238948,0.8550832944741178,0.13353115727002968,0.14285714285714285
3709,ReFAM_sta4_j3_k3_const0,0.9108999967575072,vgg16,mnist,vgg16mnist,2,YES,NO,0.24091589192217752,0.005393696023233893,0.12822231344845217,0.1281190019193858,0.007097292231733474,0.014468793984103837,0.009171154497869195,0.014468793984103837,0.009171154497869195,0.10932140437247113,0.05525175710455444,0.947551258529513,0.0712166172106825,0.14285714285714285
3710,ReFAM_sta3_j2_k4_const0,0.1134999990463256,resnet18,mnist,resnet18mnist,2,YES,NO,0.32670968077216156,0.009562764311008077,0.173884216439088,0.1739443378119002,0.01258315866635049,0.01762977738510155,0.011118466452327731,0.01762977738510155,0.011118466452327731,0.1475591318915457,0.06115753927733291,0.954014445446752,0.10682492581602374,0.14285714285714285
3711,ReFAM_new_sta3_j2_k6,0.984000027179718,vgg16,mnist,vgg16mnist,0,NO,NO,0.20798494266662806,0.059711996535296664,0.1783514929091843,0.1782629558541267,0.054497327791841375,0.009270652089465134,0.002043887389530872,0.009270652089465134,0.002043887389530872,0.2023469694558841,0.026588709147692326,0.5832710567738232,0.228486646884273,0.06762471428571429
3712,ReFAM_new2_sta3_j5_k3,0.2062000036239624,vgg16,cifar,vgg16cifar,2,NO,NO,0.8250069392442914,0.3146893231090617,0.4876080126319236,0.4875239923224568,0.35873501641153904,0.06495689896597266,0.1280239085658899,0.06495689896597266,0.1280239085658899,0.5336581483233842,0.20857517780046933,0.6952212328111604,0.3560830860534125,0.2857142857142857
3713,ReFAM_new2_sta2_j3_k6,0.0111999996006488,resnet34,cifar100,resnet34cifar100,2,NO,NO,0.8856692141887245,1.0,0.8444172993604545,0.8442898272552783,0.9482829405222618,0.06970695633163312,0.12091068879356212,0.06970695633163312,0.12091068879356212,0.8934862067961243,0.2041645020093991,0.8923840688754991,0.7537091988130564,0.2857142857142857
3714,mul8_100,0.101000003516674,vgg16,mnist,vgg16mnist,2,NO,NO,1.0,1.0,1.0,1.0,1.0,0.08890051258701963,0.05181886662581233,0.08890051258701963,0.05181886662581233,1.0,0.14777741948967832,1.0,1.0,0.8660714285714286
3715,mul8_075,0.1030000001192092,resnet34,cifar,resnet34cifar,2,NO,NO,1.0,1.0,1.0,1.0,1.0,0.09031794126840442,0.05873015594298889,0.09031794126840442,0.05873015594298889,1.0,0.1555769035548151,1.0,1.0,1.0
3716,ReFAM_sta1_j4_k1_const1,0.1032000035047531,resnet34,mnist,resnet34mnist,2,NO,YES,0.041596988533325614,0.003311848775889741,0.051657910454052665,0.051583493282149714,0.0016761132945791232,1.0,1.0,1.0,1.0,0.046571914236999225,1.0,0.8033808535723667,0.03560830860534125,1.0
3717,mul8_023,0.0995000004768371,resnet18,cifar,resnet18cifar,2,NO,NO,1.0,1.0,1.0,1.0,1.0,0.09031794126840442,0.05873015594298889,0.09031794126840442,0.05873015594298889,1.0,0.1555769035548151,1.0,1.0,1.0
3718,mul8_488,0.0957999974489212,resnet18,cifar,resnet18cifar,2,NO,NO,0.5976858999055409,1.0,1.0,1.0,1.0,0.08769176843425172,0.05915333194030585,0.08769176843425172,0.05915333194030585,1.0,0.1549819960230021,1.0,1.0,1.0
3719,ReFAM_new2_sta1_j5_k3,0.1035000011324882,resnet34,cifar,resnet34cifar,2,NO,NO,0.3119774139999421,0.2738007286067307,0.32562932839786773,0.32557581573896355,0.26368509593237854,0.017755349460762793,0.024591617603419123,0.017755349460762793,0.024591617603419123,0.4151421977661491,0.08954589969127509,0.49714104775305495,0.3560830860534125,0.2857142857142857
3720,ReFAM_sta2_j2_k1_const1,0.8555999994277954,resnet18,cifar,resnet18cifar,1,YES,YES,0.024264909977773273,6.687386951315823e-05,0.012914477613513166,0.012955854126679463,8.799594796540397e-05,1.0,1.0,1.0,1.0,0.01132393146641794,1.0,0.8272431270095645,0.004451038575667656,1.0
3721,ReFAM_sta2_j8_k2_const1,0.1009000018239021,resnet34,mnist,resnet34mnist,2,NO,YES,0.0,1.0,1.0,1.0,1.0,1.0,1.0,1.0,1.0,1.0,1.0,0.9034299281800244,0.9495548961424333,1.0
3722,mul8_081,0.1057000011205673,resnet34,mnist,resnet34mnist,2,NO,NO,0.03396004488620107,1.0,1.0,1.0,1.0,0.08111414049979493,0.0463913271747471,0.08111414049979493,0.0463913271747471,1.0,0.13860897631118516,1.0,1.0,0.42857142857142855
3723,ReFAM_new2_sta3_j5_k2,0.1032000035047531,resnet18,mnist,resnet18mnist,2,NO,NO,0.4541004581554713,0.07494650090438948,0.24920906204318727,0.2492802303262956,0.09407144025009156,0.034345317787691045,0.055569505340621564,0.034345317787691045,0.055569505340621564,0.2730386249197322,0.13578596466085044,0.617822838630065,0.1661721068249258,0.2857142857142857
3724,ReFAM_new_sta3_j4_k2,0.9889000058174132,vgg16,mnist,vgg16mnist,0,NO,NO,0.016032172663885912,0.002352079382467582,0.02629018657036609,0.026391554702495202,0.002333725869999151,0.0019106830217519744,0.00033538014725119976,0.0019106830217519744,0.00033538014725119976,0.03731255855562516,0.010435887330335656,0.32463362038245613,0.03560830860534125,0.063492
3725,mul8_462,0.1134999990463256,resnet34,mnist,resnet34mnist,2,NO,NO,0.6913332833845939,0.13546873357450387,0.39517245093081504,0.3951535508637236,0.15267951745656114,0.024594058905047636,0.011129001954335622,0.024594058905047636,0.011129001954335622,0.3883199422174965,0.06280417166777139,0.9666139946119746,0.5044510385756676,0.14285714285714285
3726,ReFAM_new1_sta1_j3_k5,0.0979999974370002,vgg16,mnist,vgg16mnist,2,NO,YES,1.0,0.5103742070669758,0.8115365486063006,0.8114203454894434,0.5634673213361514,1.0,1.0,1.0,1.0,0.7751016563969564,1.0,0.8789455679113154,0.37388724035608306,1.0
3727,mul8_375,0.0251000002026557,resnet34,cifar100,resnet34cifar100,2,YES,NO,0.09705963991109309,0.003209945736631595,0.051657910454052665,0.051583493282149714,0.00422380550233939,0.004404056610421217,0.0015416951271547297,0.004404056610421217,0.0015416951271547297,0.057295065297137855,0.02241913139021754,0.44543860685130393,0.02373887240356083,0.14285714285714285
3728,ReFAM_new2_sta4_j1_k6,0.101000003516674,vgg16,mnist,vgg16mnist,2,NO,NO,1.0,1.0,1.0,1.0,1.0,1.0,1.0,1.0,1.0,1.0,1.0,1.0,1.0,0.2857142857142857
3729,ReFAM_new_sta2_j2_k6,0.1168000027537345,resnet34,mnist,resnet34mnist,2,NO,NO,0.28511269223883595,0.08703454990701348,0.23268400643639853,0.23272552783109407,0.07621903001406873,0.008627433975286692,0.0008112336546076141,0.008627433975286692,0.0008112336546076141,0.24991938401884056,0.017562088341902392,0.653352040057912,0.2314540059347181,0.046083
3730,ReFAM_new_sta2_j3_k6,0.0952000021934509,resnet34,mnist,resnet34mnist,2,NO,NO,0.5884240669610019,0.3612874732504522,0.4859783863597848,0.4858445297504798,0.30539324319542427,0.015570033985766087,0.0017260664122928236,0.015570033985766087,0.0017260664122928236,0.5105071631669272,0.02670963138126034,0.7302230349284956,0.516320474777448,0.04686314285714286
3731,ReFAM_new2_sta4_j2_k7,0.101000003516674,vgg16,mnist,vgg16mnist,2,NO,NO,1.0,1.0,1.0,1.0,1.0,1.0,1.0,1.0,1.0,1.0,1.0,1.0,1.0,0.2857142857142857
3732,mul8_227,0.1035000011324882,vgg16,mnist,vgg16mnist,2,NO,NO,1.0,0.8730022626805595,1.0,1.0,1.0,0.058348555559771406,0.042767114484032566,0.058348555559771406,0.042767114484032566,1.0,0.12607337143130123,0.9989126207265893,1.0,0.14285714285714285
3733,ReFAM_new1_sta1_j3_k3,0.1000000014901161,resnet18,cifar,resnet18cifar,2,NO,YES,0.3379755318332706,0.030334464881665097,0.19348654853102762,0.1933781190019194,0.033661527340209066,1.0,1.0,1.0,1.0,0.18671982763391665,1.0,0.7894607698400902,0.08902077151335312,1.0
3734,mul8_404,0.101000003516674,vgg16,mnist,vgg16mnist,2,NO,NO,1.0,1.0,1.0,1.0,1.0,0.09031794126840442,0.05873015594298889,0.09031794126840442,0.05873015594298889,1.0,0.1555769035548151,1.0,1.0,1.0
3735,ReFAM_new_sta3_j5_k3,0.9850999712944032,vgg16,mnist,vgg16mnist,0,NO,NO,0.20278531909996236,0.05917939393167401,0.1763020760074422,0.17634357005758158,0.05394646851474412,0.009059257372164916,0.001968382958474319,0.009059257372164916,0.001968382958474319,0.2007792276787473,0.026093077276771588,0.560496162610036,0.22551928783382788,0.06762471428571429
3736,ReFAM_new2_sta2_j2_k4,0.1032000035047531,resnet18,mnist,resnet18mnist,2,YES,NO,0.24091589192217752,0.014450328637301607,0.12822231344845217,0.1281190019193858,0.01901445775619104,0.016150014364000022,0.02073562386853098,0.016150014364000022,0.02073562386853098,0.1310001133151089,0.08220621868711298,0.8401684826986554,0.09198813056379822,0.2857142857142857
3737,ReFAM_new_sta1_j4_k3,0.0170000009238719,resnet34,cifar100,resnet34cifar100,2,NO,NO,0.08752699670553932,0.014439780080503402,0.06076722948501285,0.06070057581573897,0.017126194997139858,0.0028664762307418507,0.0004003490762998615,0.0028664762307418507,0.0004003490762998615,0.09733689354439783,0.011509258761636899,0.3281136413155253,0.13056379821958458,0.05793285714285714
3738,mul8_287,0.123099997639656,vgg16,mnist,vgg16mnist,2,NO,NO,0.5209643657248552,0.5224626865844648,0.617017860264998,0.6170825335892515,0.3134421630976848,0.04430616459517911,0.03182775156583899,0.04430616459517911,0.03182775156583899,0.5847433312626434,0.1069549691573661,1.0,0.8100890207715133,0.2857142857142857
3739,ReFAM_sta1_j8_k1_const0,0.1134999990463256,resnet18,mnist,resnet18mnist,2,YES,NO,1.0,0.795658930527603,1.0,1.0,1.0,0.03694167854632706,0.01820007971863186,0.03694167854632706,0.01820007971863186,1.0,0.08189570233424696,0.7675859161984895,0.8545994065281899,0.14285714285714285
3740,ReFAM_new2_sta3_j2_k5,0.7835000157356262,vgg16,mnist,vgg16mnist,2,NO,NO,0.5303616037999016,0.07604195857641455,0.2894190629615173,0.2893474088291747,0.0950307930932711,0.04032760760804167,0.07277924787051165,0.04032760760804167,0.07277924787051165,0.29432265967411303,0.15557466425419347,0.9379817100362663,0.18694362017804153,0.2857142857142857
3741,ReFAM_sta1_j2_k3_const0,0.1077999994158744,resnet34,cifar,resnet34cifar,2,YES,NO,0.15252229128886058,0.0043372481084248335,0.08117671642779704,0.08109404990403071,0.005707165768041914,0.007909233974202618,0.0035171017536343094,0.007909233974202618,0.0035171017536343094,0.07772729450704542,0.034042594483557564,0.839174772800857,0.06528189910979229,0.14285714285714285
3742,mul8_175,0.1000000014901161,resnet18,cifar,resnet18cifar,2,NO,NO,1.0,0.7083547739026317,0.966057044531687,0.9659309021113245,0.7868625690004595,0.05090637743533037,0.03518682078935493,0.05090637743533037,0.03518682078935493,0.9199310475897496,0.11372959997133696,1.0,1.0,0.15178571428571427
3743,mul8_287,0.1134999990463256,resnet18,mnist,resnet18mnist,2,NO,NO,0.5209643657248552,0.5224626865844648,0.617017860264998,0.6170825335892515,0.3134421630976848,0.04430616459517911,0.03182775156583899,0.04430616459517911,0.03182775156583899,0.5847433312626434,0.1069549691573661,1.0,0.8100890207715133,0.2857142857142857
3744,ReFAM_sta2_j2_k1_const0,0.9876999855041504,resnet34,mnist,resnet34mnist,0,YES,NO,0.017332078555552338,6.687386951315823e-05,0.00922462686679512,0.009117082533589253,8.799594796540397e-05,0.0013840030209569855,0.0004986804283735117,0.0013840030209569855,0.0004986804283735117,0.009179671563434416,0.012630401939532911,0.6363408669304342,0.004451038575667656,0.14285714285714285
3745,mul8_013,0.1000000014901161,vgg16,cifar,vgg16cifar,2,NO,NO,1.0,1.0,0.8185640206373057,0.8186180422264876,1.0,0.035075261939736244,0.01928172459144201,0.035075261939736244,0.01928172459144201,1.0,0.08341693388987419,0.8912651270950886,1.0,0.2857142857142857
3746,mul8_371,0.1000000014901161,resnet18,cifar,resnet18cifar,2,NO,NO,0.9735110307691469,0.28423002343769904,0.5862362988093088,0.5861324376199616,0.2814096751922819,1.0,1.0,1.0,1.0,0.5549661069910155,1.0,0.996441581872125,0.7655786350148368,1.0
3747,mul8_242,0.8497999906539917,vgg16,mnist,vgg16mnist,2,NO,NO,1.0,0.8283234322854304,0.8914029879643858,0.8913147792706334,0.8802246447496306,0.04646347478711468,0.032407204176273,0.04646347478711468,0.032407204176273,0.9013649539937436,0.10842842896639855,0.9977936789461788,1.0,0.15178571428571427
3748,ReFAM_sta3_j5_k4_const1,0.1027999967336654,resnet18,mnist,resnet18mnist,2,NO,YES,0.27947976670828145,0.7866265297429496,0.7498144263363953,0.7497600767754319,0.37018155127996294,1.0,1.0,1.0,1.0,0.6814819212485357,1.0,0.9921857341540943,0.6765578635014837,1.0
3749,ReFAM_new_sta3_j5_k2,0.6909000277519226,vgg16,cifar,vgg16cifar,0,NO,NO,0.04278856893401984,0.011526608908873207,0.06651820871974311,0.06645873320537428,0.010358629515873815,0.004161043025148744,0.0008147454886102444,0.004161043025148744,0.0008147454886102444,0.08312546106419796,0.016446170198790182,0.4267953466683228,0.0830860534124629,0.06762471428571429
3750,ReFAM_new2_sta1_j2_k2,0.8766000270843506,resnet18,cifar,resnet18cifar,1,NO,NO,0.020798494266662807,0.0009553409930451175,0.01914110074859987,0.019193857965451058,0.0009568904651384818,0.0024454935885969715,0.0018840989424111902,0.0024454935885969715,0.0018840989424111902,0.024809490546547425,0.024535270477657755,0.43748485508736706,0.020771513353115726,0.2857142857142857
3751,mul8_375,0.536300003528595,vgg16,cifar,vgg16cifar,2,YES,NO,0.09705963991109309,0.003209945736631595,0.051657910454052665,0.051583493282149714,0.00422380550233939,0.004404056610421217,0.0015416951271547297,0.004404056610421217,0.0015416951271547297,0.057295065297137855,0.02241913139021754,0.44543860685130393,0.02373887240356083,0.14285714285714285
3752,ReFAM_new2_sta2_j7_k1,0.1079000011086463,resnet34,cifar,resnet34cifar,2,NO,NO,0.21838418979995947,0.2690208391715283,0.3323171828762942,0.3322936660268714,0.2346683666218013,0.028827373628418675,0.03863368586293663,0.028827373628418675,0.03863368586293663,0.4025244205753677,0.11325262893892979,0.43549539900099576,0.28486646884273,0.2857142857142857
3753,mul8_128,0.0110999997705221,resnet34,cifar100,resnet34cifar100,2,NO,NO,0.25494404646949337,1.0,1.0,1.0,1.0,0.08226145370907388,0.04579255947729863,0.08226145370907388,0.04579255947729863,1.0,0.13838429981548164,1.0,1.0,0.42857142857142855
3754,ReFAM_new2_sta2_j5_k2,0.1004000008106231,resnet18,mnist,resnet18mnist,2,NO,NO,0.27904646474439265,0.06638903395918783,0.19925194032277457,0.1991362763915547,0.06563659661571847,0.021593880032594534,0.02897614235570313,0.021593880032594534,0.02897614235570313,0.22374438699261437,0.09753199214154769,0.5781752391114442,0.1661721068249258,0.2857142857142857
3755,mul8_432,0.90829998254776,resnet18,mnist,resnet18mnist,2,NO,NO,0.04316771161883825,0.0009236385626576312,0.0240272712145681,0.023992322456813823,0.001154486204351444,0.0025665486831193186,0.0008235250736168203,0.0025665486831193186,0.0008235250736168203,0.028555464291760712,0.016299122791303154,0.6768579626096288,0.03115727002967359,0.14285714285714285
3756,mul8_115,0.0110999997705221,resnet34,cifar100,resnet34cifar100,2,NO,NO,1.0,1.0,1.0,1.0,1.0,0.09031794126840442,0.05873015594298889,0.09031794126840442,0.05873015594298889,1.0,0.1555769035548151,1.0,1.0,1.0
3757,mul8_274,0.8930000066757202,vgg16,mnist,vgg16mnist,2,NO,NO,0.76469672041231,0.34451610585178205,0.5506354528121371,0.5506238003838773,0.28398939904809745,0.037852301943928,0.02804023859400214,0.037852301943928,0.02804023859400214,0.5360340652270525,0.09937642942023014,0.9965820859355433,0.7136498516320475,0.15178571428571427
3758,ReFAM_sta3_j3_k7_const0,0.1134999990463256,resnet34,mnist,resnet34mnist,2,YES,NO,1.0,1.0,1.0,1.0,1.0,0.1906238312311303,0.14598167173834029,0.1906238312311303,0.14598167173834029,1.0,0.26669921116903433,1.0,1.0,0.14285714285714285
3759,mul8_032,0.0160000007599592,resnet34,cifar100,resnet34cifar100,2,NO,NO,0.10399247133331403,0.0052876133671311745,0.0694315340666651,0.06933781190019193,0.004794251470652172,0.006889299633040451,0.0036926934537658274,0.006889299633040451,0.0036926934537658274,0.06848655443456733,0.03469870956569511,0.8935498453437157,0.07566765578635015,0.8571427142857143
3760,ReFAM_new2_sta4_j3_k4,0.100100003182888,resnet34,cifar,resnet34cifar,2,NO,NO,1.0,1.0,1.0,1.0,1.0,1.0,1.0,1.0,1.0,1.0,1.0,1.0,1.0,0.2857142857142857
3761,ReFAM_new2_sta2_j5_k2,0.101000003516674,resnet18,cifar,resnet18cifar,2,NO,NO,0.27904646474439265,0.06638903395918783,0.19925194032277457,0.1991362763915547,0.06563659661571847,0.021593880032594534,0.02897614235570313,0.021593880032594534,0.02897614235570313,0.22374438699261437,0.09753199214154769,0.5781752391114442,0.1661721068249258,0.2857142857142857
3762,ReFAM_sta1_j3_k4_const0,0.1098999977111816,resnet34,mnist,resnet34mnist,2,YES,NO,0.644753322266547,0.07358673222428859,0.3431561194447784,0.34309021113243765,0.09682906502783595,0.023263356261529592,0.013292291699955928,0.023263356261529592,0.013292291699955928,0.3251256129288032,0.06773063303535706,0.8729802540883628,0.27596439169139464,0.14285714285714285
3763,ReFAM_sta3_j6_k2_const1,0.1233000010251998,vgg16,mnist,vgg16mnist,2,NO,YES,0.013865662844441871,0.1712990089929432,0.3445830548356985,0.34452975047984646,0.07929559183112483,1.0,1.0,1.0,1.0,0.31395806936012377,1.0,0.9010993933889784,0.3086053412462908,1.0
3764,ReFAM_new2_sta1_j2_k7,0.1027000024914741,resnet34,mnist,resnet34mnist,2,NO,NO,0.6655518165332098,1.0,0.6820962966030734,0.682101727447217,0.8975542037125588,0.033801473258568256,0.041871596813361826,0.033801473258568256,0.041871596813361826,0.8017380292573325,0.11860157169046297,0.6639326069205378,0.7566765578635015,0.2857142857142857
3765,mul8_157,0.9828000068664552,resnet18,mnist,resnet18mnist,0,NO,NO,0.019986056550787,0.0007698697169643084,0.015480078805765931,0.015595009596928982,0.0008573211057242055,0.0014427237757626016,0.00031255322623410233,0.0014427237757626016,0.00031255322623410233,0.02244473975989178,0.010031320351361195,0.4658218775008196,0.02967359050445104,0.14285714285714285
3766,mul8_428,0.100100003182888,vgg16,cifar,vgg16cifar,2,NO,NO,0.6372247041103947,0.12415641944564745,0.37359378312102276,0.3735604606525912,0.13314799304623887,0.026042203058176908,0.015250139156422355,0.026042203058176908,0.015250139156422355,0.36513785705658897,0.07281608474707846,0.9756398534685159,0.4992581602373887,0.2380952857142857
3767,ReFAM_sta1_j1_k7_const0,0.1000000014901161,resnet18,cifar,resnet18cifar,2,YES,NO,1.0,0.30149526787761444,0.7019941045631086,0.7020153550863725,0.39672239840636,0.03861025137903434,0.025954209196439704,0.03861025137903434,0.025954209196439704,0.662311040978813,0.09619438323689411,0.8849118998796552,0.564540059347181,0.14285714285714285
3768,mul8_394,0.3416999876499176,vgg16,mnist,vgg16mnist,2,NO,NO,0.4530713694576511,0.09726547370901586,0.29013253250190274,0.2900671785028791,0.09594225911144641,0.019245953236597665,0.008242274404173465,0.019245953236597665,0.008242274404173465,0.29537575038099667,0.05355809940106172,0.7781033580471157,0.4035608308605341,0.5079365714285714
3769,ReFAM_new2_sta2_j1_k2,0.3483999967575073,resnet18,mnist,resnet18mnist,2,YES,NO,0.038130572822215145,0.0002897867678903523,0.02029417910694926,0.02039347408829175,0.0003813157745167505,0.003087808306547635,0.002470575220850461,0.003087808306547635,0.002470575220850461,0.019706802454517704,0.028115912171643883,0.6999749536234776,0.010385756676557863,0.2857142857142857
3770,ReFAM_sta2_j5_k4_const0,0.101000003516674,vgg16,mnist,vgg16mnist,2,YES,NO,1.0,0.9680151835528494,1.0,1.0,1.0,0.10925131941019066,0.07207512515298427,0.10925131941019066,0.07207512515298427,1.0,0.17612024745764734,1.0,1.0,0.14285714285714285
3771,ReFAM_new1_sta4_j3_k5,0.1000000014901161,resnet34,cifar,resnet34cifar,2,NO,YES,1.0,1.0,1.0,1.0,1.0,1.0,1.0,1.0,1.0,1.0,1.0,1.0,1.0,1.0
3772,ReFAM_new1_sta3_j3_k2,0.3968999981880188,vgg16,cifar,vgg16cifar,2,NO,YES,0.16465474627774723,0.004304607291162459,0.08809518657789339,0.08805182341650672,0.005564434245300411,1.0,1.0,1.0,1.0,0.08129830534968611,1.0,0.8650254841790388,0.04154302670623145,1.0
3773,mul8_455,0.9911999702453612,resnet18,mnist,resnet18mnist,0,NO,NO,0.0016519620041182267,2.436361551983288e-06,0.0009152564081711715,0.0009596928982725527,3.1262865170489803e-06,0.0001599011323168319,4.0386091030249185e-05,0.0001599011323168319,4.0386091030249185e-05,0.0013481712522002225,0.0035910917635537404,0.25254790883118944,0.000741839762611276,0.14285714285714285
3774,ReFAM_new_sta2_j4_k3,0.9884999990463256,vgg16,mnist,vgg16mnist,0,NO,NO,0.05762916119721153,0.01669811662802843,0.08601964553286448,0.08613243761996162,0.014021146025573633,0.003941517741798517,0.0003230887282419935,0.003941517741798517,0.0003230887282419935,0.10055826281032638,0.010635931519201256,0.5241117190570345,0.08902077151335312,0.04444442857142857
3775,ReFAM_new2_sta1_j5_k2,0.0141000002622604,resnet34,cifar100,resnet34cifar100,2,NO,NO,0.14558945986663965,0.06408427381346649,0.15312880598879897,0.15307101727447217,0.06285005826348067,0.010522759261166428,0.011906873185918248,0.010522759261166428,0.011906873185918248,0.20024019792975098,0.06207789183282277,0.4295300851780431,0.1661721068249258,0.2857142857142857
3776,ReFAM_new_sta1_j4_k1,0.6302000284194946,resnet34,cifar100,resnet34cifar100,2,NO,NO,0.014732266772219489,0.0006685396657580313,0.011992014926833655,0.011996161228406911,0.0007783451111701803,0.0007904716993063723,6.84807630512921e-05,0.0007904716993063723,6.84807630512921e-05,0.020436928453333975,0.004688349068152368,0.23067407333497592,0.02373887240356083,0.04664728571428572
3777,mul8_049,0.101000003516674,vgg16,mnist,vgg16mnist,2,NO,NO,1.0,1.0,1.0,1.0,1.0,0.06299743254792065,0.04661608455091545,0.06299743254792065,0.04661608455091545,1.0,0.13229041639048625,1.0,1.0,0.14285714285714285
3778,mul8_093,0.1946000009775161,resnet34,cifar100,resnet34cifar100,2,NO,NO,0.04499569821276667,0.0028759981147937737,0.033296940089428406,0.033349328214971205,0.003125532483961148,0.00297940075921419,0.0010096522757562295,0.00297940075921419,0.0010096522757562295,0.04430672461003446,0.018069663149471824,0.5943942951277671,0.05341246290801187,0.2689075714285714
3779,mul8_470,0.989199995994568,resnet18,mnist,resnet18mnist,0,NO,NO,0.010399247133331404,7.324280946679234e-05,0.006457238806756583,0.0064779270633397315,8.27580939198442e-05,0.0008338347182397504,0.00021597779116176738,0.0008338347182397504,0.00021597779116176738,0.007656374992414146,0.008298848103760232,0.41362156350478224,0.005934718100890208,0.14285714285714285
3780,mul8_338,0.1158000007271766,resnet18,cifar,resnet18cifar,2,NO,NO,0.6993493697165368,0.23688018272488726,0.4105936360288126,0.4105086372360845,0.2747120221732128,0.027505704947178418,0.018256269062673944,0.027505704947178418,0.018256269062673944,0.45916139960024865,0.07943097878337303,0.9774419708036629,0.7670623145400594,0.42857142857142855
3781,mul8_295,0.1040999963879585,resnet34,cifar,resnet34cifar,2,NO,NO,0.7751772133970783,0.13492554510483276,0.4318307712534887,0.43186180422264875,0.15752114090049688,0.02867108608101296,0.016823440789600755,0.02867108608101296,0.016823440789600755,0.4113698936402857,0.0768072648883634,0.981232526079794,0.5222551928783383,0.14285714285714285
3782,mul8_495,0.0097000002861022,resnet34,cifar100,resnet34cifar100,2,NO,NO,1.0,0.9572565038086261,0.9465782412630459,0.9464971209213051,0.7401164075121125,0.05540619404589613,0.0711058589682583,0.05540619404589613,0.0711058589682583,0.8976558974615771,0.15702946322471234,0.9989278929073956,1.0,1.0
3783,ReFAM_sta1_j3_k1_const0,0.6353999972343445,resnet18,mnist,resnet18mnist,2,YES,NO,0.06239548279998842,0.0008279621939724352,0.03320865672046243,0.033109404990403074,0.00108947364147643,0.003606357741292615,0.0011817321418851174,0.003606357741292615,0.0011817321418851174,0.03270804981941898,0.01959835904050447,0.7477005186432601,0.026706231454005934,0.14285714285714285
3784,mul8_090,0.1006999984383583,resnet34,mnist,resnet34mnist,2,NO,NO,0.3029322389701789,1.0,1.0,1.0,1.0,0.07443533218782691,0.03762227767017909,0.07443533218782691,0.03762227767017909,1.0,0.12538068110567707,1.0,1.0,0.42857142857142855
3785,ReFAM_sta2_j6_k1_const1,0.2314999997615814,vgg16,cifar,vgg16cifar,2,NO,YES,0.027731325688883743,0.0457544646269075,0.17469137128993256,0.17466410748560462,0.022905250320337647,1.0,1.0,1.0,1.0,0.16259661069937223,1.0,0.7914492077810743,0.11869436201780416,1.0
3786,ReFAM_new2_sta3_j4_k5,0.1000000014901161,vgg16,cifar,vgg16cifar,2,NO,NO,1.0,1.0,0.9387481159991073,0.9388195777351247,1.0,0.11177360167814883,0.24096800192448503,0.11177360167814883,0.24096800192448503,1.0,0.29153006932874725,0.8450311450673911,0.7477744807121661,0.2857142857142857
3787,ReFAM_new_sta3_j3_k6,0.100100003182888,vgg16,cifar,vgg16cifar,2,NO,NO,0.5801913296471145,0.2780475676254044,0.43344215490353566,0.43354126679462573,0.25197166655466635,0.018510588707185794,0.0044881238553616054,0.018510588707185794,0.0044881238553616054,0.4596376608834779,0.040715710336014524,0.6890685802369835,0.5133531157270029,0.06800742857142857
3788,ReFAM_new_sta3_j5_k1,0.9764999747276306,resnet18,mnist,resnet18mnist,0,NO,NO,0.011699153024997829,0.002294758922884875,0.02490649254034682,0.02495201535508637,0.0023036082092371822,0.001758009059257372,0.0003037736412275265,0.001758009059257372,0.0003037736412275265,0.03661877048523984,0.009932791124009481,0.280884931244642,0.03560830860534125,0.063492
3789,ReFAM_new_sta2_j3_k1,0.7085000276565552,vgg16,cifar,vgg16cifar,0,YES,NO,0.006066227494443318,7.94127200468754e-05,0.0032286194033782916,0.0031190019193857964,0.00010449518820891721,0.00023578641545024363,1.4047336010521454e-05,0.00023578641545024363,1.4047336010521454e-05,0.007161882485407868,0.0021303213247105333,0.11135965171282598,0.005934718100890208,0.031746
3790,ReFAM_sta3_j6_k2_const0,0.1134999990463256,resnet18,mnist,resnet18mnist,2,YES,NO,1.0,0.1712990089929432,0.8339062687582788,0.8339731285988484,0.22540371585500046,0.057842653672215326,0.03942384851352846,0.057842653672215326,0.03942384851352846,0.6876047430839026,0.12162761326382544,0.9855209544502116,0.47477744807121663,0.14285714285714285
3791,ReFAM_sta4_j3_k2_const0,0.515500009059906,vgg16,cifar,vgg16cifar,2,YES,NO,0.1022592634777588,0.0012411471734644485,0.054425298514091204,0.05446257197696737,0.001633162891405533,0.006825158500868163,0.0035346609236474613,0.006825158500868163,0.0035346609236474613,0.048043372955706286,0.03396496539534106,0.8789455679113154,0.02967359050445104,0.14285714285714285
3792,mul8_410,0.1134999990463256,resnet18,mnist,resnet18mnist,2,NO,NO,1.0,0.3074685916617838,0.68961697991384,0.6895393474088292,0.3343298682525443,0.04122287326977037,0.027113114417307724,0.04122287326977037,0.027113114417307724,0.6341211783670144,0.09880913992941724,0.9961931543976753,0.6824925816023739,0.14285714285714285
3793,ReFAM_new2_sta4_j1_k8,0.0091000003740191,resnet34,cifar100,resnet34cifar100,2,NO,NO,1.0,1.0,1.0,1.0,1.0,1.0,1.0,1.0,1.0,1.0,1.0,1.0,1.0,0.2857142857142857
3794,ReFAM_sta2_j7_k2_const1,0.0979999974370002,resnet34,cifar,resnet34cifar,2,NO,YES,0.49916386239990734,0.9118283952818893,0.8144480733060582,0.814299424184261,0.47011264663284386,1.0,1.0,1.0,1.0,0.7500122116716056,1.0,0.9163552838691155,0.6646884272997032,1.0
3795,mul8_362,0.6306999921798706,vgg16,cifar,vgg16cifar,2,NO,NO,0.04458948282124448,0.004386647377270527,0.05364877311429513,0.053742802303262956,0.0029222298471582716,0.005379724536422226,0.0026970885140201193,0.005379724536422226,0.0026970885140201193,0.053165253234310456,0.029587879113595242,0.8962835657080489,0.06676557863501484,0.7142857142857143
3796,ReFAM_sta2_j5_k2_const0,0.1000000014901161,vgg16,cifar,vgg16cifar,2,YES,NO,0.7834099507109658,0.05048021807250401,0.4169531343791394,0.4169865642994242,0.06642436986417065,0.03097113287693756,0.017044686331766472,0.03097113287693756,0.017044686331766472,0.35014840202619785,0.07786869338301594,0.9666913736613933,0.21364985163204747,0.14285714285714285
3797,mul8_461,0.1118000000715255,resnet34,mnist,resnet34mnist,2,NO,NO,1.0,1.0,1.0,1.0,1.0,0.07353735633741487,0.0565686221143699,0.07353735633741487,0.0565686221143699,1.0,0.14710936147089207,1.0,1.0,1.0
3798,mul8_433,0.6998000144958496,resnet34,cifar100,resnet34cifar100,0,NO,NO,0.0,0.0,0.0,0.0,0.0,0.0,0.0,0.0,0.0,0.0,0.0,0.0,0.0,0.0
3799,mul8_376,0.095499999821186,resnet18,cifar,resnet18cifar,2,NO,NO,0.3793017101055814,1.0,1.0,1.0,1.0,0.07309559558203108,0.03666705882146363,0.07309559558203108,0.03666705882146363,1.0,0.12362208368415709,1.0,1.0,0.44642857142857145
3800,ReFAM_sta1_j6_k3_const0,0.101000003516674,vgg16,mnist,vgg16mnist,2,YES,NO,1.0,1.0,1.0,1.0,1.0,0.05282970800427125,0.03194539800492711,0.05282970800427125,0.03194539800492711,1.0,0.1097346876623493,0.8839171718364696,1.0,0.14285714285714285
3801,ReFAM_new2_sta3_j1_k3,0.1115000024437904,resnet18,mnist,resnet18mnist,2,YES,NO,0.07972756135554075,0.0011814383613991287,0.04243328358725755,0.04246641074856046,0.0015545950807221366,0.006312029443489855,0.006430168058816196,0.006312029443489855,0.006430168058816196,0.04060406186414293,0.045468999122194154,0.8272431270095645,0.02225519287833828,0.2857142857142857
3802,mul8_322,0.9240999817848206,resnet18,cifar,resnet18cifar,0,NO,NO,0.0,0.0,0.0,0.0,0.0,0.0,0.0,0.0,0.0,0.0,0.0,0.0,0.0,0.0
3803,mul8_331,0.134100005030632,vgg16,mnist,vgg16mnist,2,NO,NO,0.20175623040214213,1.0,1.0,1.0,1.0,0.07842472992969769,0.04366614398870595,0.07842472992969769,0.04366614398870595,1.0,0.13436624806673714,1.0,1.0,0.42857142857142855
3804,mul8_054,0.1058000028133392,resnet34,cifar,resnet34cifar,2,NO,NO,0.6893834245470942,0.4138723771940998,0.5683863284948961,0.5683781190019194,0.31260880633911775,0.04025443251359159,0.032703954149495264,0.04025443251359159,0.032703954149495264,0.5572563357894631,0.10716098481455605,0.9960221059726445,0.7989614243323442,0.29017857142857145
3805,ReFAM_new2_sta4_j4_k3,0.1000000014901161,vgg16,cifar,vgg16cifar,2,NO,NO,1.0,1.0,1.0,1.0,1.0,1.0,1.0,1.0,1.0,1.0,1.0,1.0,1.0,0.2857142857142857
3806,ReFAM_sta1_j6_k1_const1,0.1000000014901161,resnet34,cifar,resnet34cifar,2,NO,YES,0.16638795413330246,0.052989580414235855,0.20663164181621066,0.206573896353167,0.02681781271326597,1.0,1.0,1.0,1.0,0.186287651534122,1.0,0.8033808535723667,0.142433234421365,1.0
3807,mul8_475,0.1000000014901161,vgg16,cifar,vgg16cifar,2,NO,NO,1.0,0.8529573717040736,0.8825691015322651,0.8824376199616123,0.6531510093079862,0.058063082351793326,0.051074357817254695,0.058063082351793326,0.051074357817254695,0.8394964583093504,0.1360434842323379,1.0,0.9577151335311572,0.2857142857142857
3808,mul8_021,0.9921000003814696,resnet34,mnist,resnet34mnist,0,NO,NO,0.0,0.0,0.0,0.0,0.0,0.0,0.0,0.0,0.0,0.0,0.0,0.0,0.0,0.0
3809,mul8_420,0.1004000008106231,resnet34,cifar,resnet34cifar,2,NO,NO,1.0,1.0,1.0,1.0,1.0,0.061211418205602136,0.046199932221603755,0.061211418205602136,0.046199932221603755,1.0,0.13121555209210392,1.0,1.0,0.14285714285714285
3810,mul8_072,0.2449000030755996,resnet34,mnist,resnet34mnist,2,NO,NO,0.09803456932984292,0.019945277749471378,0.10869204783144668,0.10868522072936661,0.015052579484063506,0.010013243788699236,0.0053678382730205105,0.010013243788699236,0.0053678382730205105,0.11374876029370151,0.04209064091769525,0.9290332302291437,0.19881305637982197,0.1932772857142857
3811,ReFAM_sta3_j1_k4_const0,0.9851999878883362,vgg16,mnist,vgg16mnist,0,YES,NO,0.1386566284444187,0.0021431482943978803,0.07379701493436096,0.07389635316698658,0.0028200606181293746,0.008603042277136668,0.004760290990565458,0.008603042277136668,0.004760290990565458,0.06452796157980865,0.039506488000334405,0.9067857353758687,0.04821958456973294,0.14285714285714285
3812,ReFAM_new2_sta2_j5_k3,0.1020999997854232,resnet18,cifar,resnet18cifar,2,NO,NO,0.38823855964437237,0.29735306855526966,0.4054223507956455,0.4054702495201536,0.24148576102378488,0.0388875940209624,0.062052350909477215,0.0388875940209624,0.062052350909477215,0.4404911755341232,0.14395194759439398,0.6802137698054731,0.3560830860534125,0.2857142857142857
3813,ReFAM_new2_sta3_j1_k2,0.3693000078201294,resnet18,mnist,resnet18mnist,2,YES,NO,0.03639736496665991,0.000285806180419331,0.01937171642026975,0.019433781190019195,0.00037607792047119075,0.002989338117719755,0.0024284332128188964,0.002989338117719755,0.0024284332128188964,0.019140938834504094,0.027867349802642973,0.6999749536234776,0.010385756676557863,0.2857142857142857
3814,ReFAM_new1_sta1_j3_k1,0.1533000022172927,resnet18,mnist,resnet18mnist,2,NO,YES,0.06759510636665413,0.0014640600718416428,0.0387434328405395,0.03862763915547025,0.0016719230113426754,1.0,1.0,1.0,1.0,0.03922725121364119,1.0,0.6124785934932364,0.017804154302670624,1.0
3815,mul8_013,0.100500002503395,resnet34,cifar,resnet34cifar,2,NO,NO,1.0,1.0,0.8185640206373057,0.8186180422264876,1.0,0.035075261939736244,0.01928172459144201,0.035075261939736244,0.01928172459144201,1.0,0.08341693388987419,0.8912651270950886,1.0,0.2857142857142857
3816,mul8_467,0.8852999806404114,vgg16,mnist,vgg16mnist,2,NO,NO,0.5474770313735094,0.11427509073191858,0.33234465750495423,0.3322936660268714,0.11891602324448124,0.020799794748377048,0.010819960562104151,0.020799794748377048,0.010819960562104151,0.33381427310680184,0.061063488651224455,0.9642050626261227,0.49851632047477745,0.2857142857142857
3817,mul8_363,0.8712000250816345,vgg16,mnist,vgg16mnist,2,NO,NO,0.2035435975367678,1.0,1.0,1.0,1.0,0.046160837050808805,0.02557317520715431,0.046160837050808805,0.02557317520715431,1.0,0.09782160835527848,0.8983962173862579,1.0,0.14285714285714285
3818,mul8_113,0.1000000014901161,vgg16,cifar,vgg16cifar,2,NO,NO,0.3884010513472464,1.0,1.0,1.0,1.0,0.07342714199762587,0.03736240195398444,0.07342714199762587,0.03736240195398444,1.0,0.12464395120116085,1.0,1.0,0.44642857142857145
3819,mul8_067,0.1089999973773956,vgg16,cifar,vgg16cifar,2,NO,NO,0.4817776245652846,0.08054121581789928,0.282968580271478,0.28286948176583493,0.08834841947271203,0.019472705689770123,0.009761142610311095,0.019472705689770123,0.009761142610311095,0.2858625002077236,0.05793145351510483,0.9679029666720289,0.39243323442136496,0.2857142857142857
3820,ReFAM_new2_sta2_j7_k1,0.0905999988317489,resnet18,mnist,resnet18mnist,2,NO,NO,0.21838418979995947,0.2690208391715283,0.3323171828762942,0.3322936660268714,0.2346683666218013,0.028827373628418675,0.03863368586293663,0.028827373628418675,0.03863368586293663,0.4025244205753677,0.11325262893892979,0.43549539900099576,0.28486646884273,0.2857142857142857
3821,mul8_331,0.1085999980568885,resnet34,mnist,resnet34mnist,2,NO,NO,0.20175623040214213,1.0,1.0,1.0,1.0,0.07842472992969769,0.04366614398870595,0.07842472992969769,0.04366614398870595,1.0,0.13436624806673714,1.0,1.0,0.42857142857142855
3822,mul8_407,0.9890000224113464,vgg16,mnist,vgg16mnist,0,NO,NO,0.0,0.0,0.0,0.0,0.0,0.0,0.0,0.0,0.0,0.0,0.0,0.0,0.0,0.0
3823,ReFAM_sta2_j6_k4_const1,0.0979999974370002,vgg16,mnist,vgg16mnist,2,NO,YES,0.027731325688883743,1.0,1.0,1.0,1.0,1.0,1.0,1.0,1.0,1.0,1.0,0.9905536470985911,1.0,1.0
3824,ReFAM_sta4_j2_k7_const1,0.1000000014901161,resnet18,cifar,resnet18cifar,2,NO,YES,0.8819861474956696,0.43703684620283795,0.6769581167108056,0.676823416506718,0.28217792564295735,1.0,1.0,1.0,1.0,0.6082761624307458,1.0,1.0,0.4762611275964392,1.0
3825,mul8_156,0.9876999855041504,vgg16,mnist,vgg16mnist,0,NO,NO,0.10437161401813246,0.005406395804142358,0.07005942120883113,0.07005758157389635,0.004870276650989958,0.006959764538807191,0.0034222822355632894,0.006959764538807191,0.0034222822355632894,0.06907084688479236,0.03344917981882565,0.8983341105176454,0.07640949554896143,0.7142857142857143
3826,ReFAM_new2_sta4_j5_k1,0.101000003516674,vgg16,mnist,vgg16mnist,2,NO,NO,1.0,1.0,1.0,1.0,1.0,1.0,1.0,1.0,1.0,1.0,1.0,1.0,1.0,0.2857142857142857
3827,mul8_089,0.1506000012159347,vgg16,mnist,vgg16mnist,2,NO,NO,0.29805759187642983,1.0,1.0,1.0,1.0,0.07508306728314425,0.0390586177772549,0.07508306728314425,0.0390586177772549,1.0,0.12744456984527924,1.0,1.0,0.42857142857142855
3828,ReFAM_new_sta3_j3_k4,0.6852999925613403,vgg16,cifar,vgg16cifar,1,NO,NO,0.04798819250068554,0.011692897944106183,0.06816854981397397,0.06813819577735125,0.010468397019017629,0.004348046044298936,0.0008639111646470695,0.004348046044298936,0.0008639111646470695,0.08412763698444146,0.01693732346846766,0.463335566465549,0.08605341246290801,0.06762471428571429
3829,mul8_301,0.0102000003680586,resnet34,cifar100,resnet34cifar100,2,NO,NO,0.6400411668756719,1.0,0.5890050373547207,0.5890115163147793,1.0,0.034138440051529724,0.020270305863182462,0.034138440051529724,0.020270305863182462,0.8379130217088343,0.0850157945337179,0.9642681876401222,1.0,0.32722828571428575
3830,mul8_458,0.1041999980807304,vgg16,cifar,vgg16cifar,2,NO,NO,0.47143253671102364,0.0978571701525998,0.30339360886560734,0.30326295585412666,0.09295085893477459,0.022821595506145802,0.014066651097535923,0.022821595506145802,0.014066651097535923,0.3002916760300761,0.06941682640344433,0.9689282390768271,0.4043026706231454,0.14285714285714285
3831,mul8_037,0.1023000031709671,vgg16,mnist,vgg16mnist,2,NO,NO,1.0,1.0,1.0,1.0,1.0,0.04669022724028713,0.02454947559538756,0.04669022724028713,0.02454947559538756,1.0,0.09632276980586756,0.9053715314332026,1.0,0.5714285714285714
3832,mul8_069,0.1019999980926513,resnet34,cifar,resnet34cifar,2,NO,NO,1.0,1.0,0.9993272959306645,0.9992802303262956,0.9731112683855482,0.05683446348201428,0.06664582978491773,0.05683446348201428,0.06664582978491773,0.981268496283709,0.1528158458883455,1.0,1.0,0.8571428571428571
3833,ReFAM_new2_sta4_j3_k1,0.101000003516674,vgg16,mnist,vgg16mnist,2,NO,NO,1.0,1.0,1.0,1.0,1.0,1.0,1.0,1.0,1.0,1.0,1.0,1.0,1.0,0.2857142857142857
3834,ReFAM_sta1_j6_k4_const0,0.1134999990463256,resnet18,mnist,resnet18mnist,2,YES,NO,1.0,1.0,1.0,1.0,1.0,0.09034684994769335,0.049815365327311706,0.09034684994769335,0.049815365327311706,1.0,0.14621588052286177,0.9336311747972363,1.0,0.14285714285714285
3835,mul8_435,0.1134999990463256,resnet18,mnist,resnet18mnist,2,NO,NO,1.0,0.8369445621481161,1.0,1.0,0.9509719710171097,0.05502044385663463,0.038358006893730145,0.05502044385663463,0.038358006893730145,1.0,0.11932262649062778,1.0,1.0,0.14285714285714285
3836,mul8_221,0.0097000002861022,resnet34,cifar100,resnet34cifar100,2,NO,NO,0.6978328128429261,0.5571394299289226,0.6579656542198359,0.6578694817658349,0.369973028120126,0.043747865726411865,0.0310077383262248,0.043747865726411865,0.0310077383262248,0.6282805276922286,0.10557332067382048,1.0,0.7908011869436202,0.42857142857142855
3837,ReFAM_sta2_j3_k4_const0,0.1000000014901161,vgg16,cifar,vgg16cifar,2,YES,NO,0.8336729785220675,0.05384222225052862,0.4437045522928452,0.44361804222648754,0.07084826139105042,0.03425678495736873,0.02148013267708862,0.03425678495736873,0.02148013267708862,0.3700394386440805,0.08727375599386133,0.9811083123425692,0.228486646884273,0.14285714285714285
3838,ReFAM_new_sta1_j3_k6,0.6366000175476074,vgg16,cifar,vgg16cifar,2,NO,NO,0.38347223804159547,0.25464012106081063,0.2728759935033831,0.2727927063339731,0.29468058420817383,0.007293117746857536,0.001330985086996908,0.007293117746857536,0.001330985086996908,0.41097560383714776,0.021415178278186824,0.4404670029261498,0.5637982195845698,0.06082428571428571
3839,ReFAM_new1_sta2_j2_k3,0.1001999974250793,resnet34,mnist,resnet34mnist,2,YES,YES,0.17332078555552338,0.004853132244669198,0.09224626866795119,0.09213051823416507,0.006385991652346459,1.0,1.0,1.0,1.0,0.0858572969325426,1.0,0.9226942570491296,0.04451038575667656,1.0
3840,mul8_147,0.1028999984264373,resnet18,cifar,resnet18cifar,2,NO,NO,0.389267655275024,1.0,1.0,1.0,1.0,0.07343075558253698,0.03736240195398444,0.07343075558253698,0.03736240195398444,1.0,0.12464619050178248,1.0,1.0,0.44642857142857145
3841,mul8_240,0.930400013923645,resnet34,cifar,resnet34cifar,0,NO,NO,0.0,0.0,0.0,0.0,0.0,0.0,0.0,0.0,0.0,0.0,0.0,0.0,0.0,0.0
3842,mul8_251,0.1363999992609024,vgg16,mnist,vgg16mnist,2,NO,NO,0.3442584103096583,1.0,1.0,1.0,1.0,1.0,1.0,1.0,1.0,1.0,1.0,1.0,1.0,1.0
3843,mul8_454,0.1005999967455864,resnet34,cifar,resnet34cifar,2,NO,NO,1.0,0.2568716601533641,0.5823487126509249,0.5822936660268714,0.303317276782602,0.03778545062307238,0.02653892955787766,0.03778545062307238,0.02653892955787766,0.5613553104207734,0.0969303667078698,0.9925115406779627,0.5593471810089021,1.0
3844,ReFAM_sta3_j1_k2_const0,0.989400029182434,vgg16,mnist,vgg16mnist,0,YES,NO,0.020798494266662807,8.598068937406058e-05,0.011069552240154143,0.011036468330134358,0.0001131376473840908,0.0016387607571905821,0.0006479333734853022,0.0016387607571905821,0.0006479333734853022,0.01074282508158053,0.014400195864161039,0.6999749536234776,0.0066765578635014835,0.14285714285714285
3845,ReFAM_new_sta2_j3_k1,0.6840000152587891,resnet34,cifar100,resnet34cifar100,0,YES,NO,0.006066227494443318,7.94127200468754e-05,0.0032286194033782916,0.0031190019193857964,0.00010449518820891721,0.00023578641545024363,1.4047336010521454e-05,0.00023578641545024363,1.4047336010521454e-05,0.007161882485407868,0.0021303213247105333,0.11135965171282598,0.005934718100890208,0.031746
3846,ReFAM_new1_sta3_j3_k2,0.0996999964118003,resnet34,cifar,resnet34cifar,2,NO,YES,0.16465474627774723,0.004304607291162459,0.08809518657789339,0.08805182341650672,0.005564434245300411,1.0,1.0,1.0,1.0,0.08129830534968611,1.0,0.8650254841790388,0.04154302670623145,1.0
3847,ReFAM_sta1_j4_k4_const0,0.1134999990463256,resnet18,mnist,resnet18mnist,2,YES,NO,1.0,0.29434692889715436,0.6863122388895568,0.6861804222648753,0.3873162601113438,0.03656947930048223,0.023376523038509015,0.03656947930048223,0.023376523038509015,0.6502512285645439,0.09127090760347062,0.8729802540883628,0.5519287833827893,0.14285714285714285
3848,mul8_471,0.1062000021338462,vgg16,mnist,vgg16mnist,2,NO,NO,0.8863191671345577,0.4824689827656485,0.6747967681866619,0.6746641074856046,0.348228472210455,0.04864427328097248,0.044654725260446386,0.04864427328097248,0.044654725260446386,0.6303197557149195,0.12563596137654287,1.0,0.7255192878338279,1.0
3849,ReFAM_new1_sta3_j5_k3,0.1000000014901161,resnet18,cifar,resnet18cifar,2,NO,YES,0.8527382649331751,0.25757266960487096,0.49817309216783723,0.49808061420345495,0.2869813661198078,1.0,1.0,1.0,1.0,0.5089474366316024,1.0,0.7967934529179028,0.3560830860534125,1.0
3850,ReFAM_sta3_j2_k7_const0,0.1000000014901161,vgg16,cifar,vgg16cifar,2,YES,NO,1.0,0.7987605545308639,1.0,1.0,1.0,0.1171939790448211,0.09424708912859107,0.1171939790448211,0.09424708912859107,1.0,0.19819601941921497,1.0,1.0,0.14285714285714285
3851,ReFAM_sta3_j4_k4_const0,0.0998999997973442,resnet18,cifar,resnet18cifar,2,YES,NO,1.0,0.18370570402262248,0.8966337314524856,0.8965930902111324,0.24172905934420114,0.06480693519216141,0.05006646145849978,0.06480693519216141,0.05006646145849978,0.7337298664657735,0.1369436830822331,0.9972652614902798,0.5044510385756676,0.14285714285714285
3852,ReFAM_sta2_j6_k2_const0,0.1005999967455864,resnet34,cifar,resnet34cifar,2,YES,NO,1.0,0.22714187450640716,0.9593611941466924,0.9592130518234165,0.29888452268934923,0.057324104237470336,0.03339754136501476,0.057324104237470336,0.03339754136501476,0.7912040633491688,0.11331756865695707,0.9857693819246613,0.47477744807121663,0.14285714285714285
3853,mul8_100,0.1000000014901161,vgg16,cifar,vgg16cifar,2,NO,NO,1.0,1.0,1.0,1.0,1.0,0.08890051258701963,0.05181886662581233,0.08890051258701963,0.05181886662581233,1.0,0.14777741948967832,1.0,1.0,0.8660714285714286
3854,mul8_418,0.9868999719619752,vgg16,mnist,vgg16mnist,0,NO,NO,0.045930008172213696,0.08887995025857896,0.2498090207050514,0.24976007677543188,0.04086339425820502,0.02248733890186768,0.016214137590144388,0.02248733890186768,0.016214137590144388,0.22682617573547875,0.07409397896848857,0.9577428938542708,0.18397626112759644,0.2857142857142857
3855,mul8_136,0.0995000004768371,resnet18,cifar,resnet18cifar,2,NO,NO,0.2741718176506436,0.2557517218811301,0.2908207745327328,0.2907869481765835,0.2586238473407822,0.013441632473119445,0.013899838982410978,0.013441632473119445,0.013899838982410978,0.3982235300652194,0.06733576969240966,0.31436460600827953,0.47477744807121663,0.5626374285714285
3856,mul8_319,0.1049000024795532,resnet34,cifar,resnet34cifar,2,NO,NO,0.7114818247054235,0.2360446574147199,0.4052196599144268,0.4052303262955854,0.2849789015993252,0.024581411357858733,0.014040312342516193,0.024581411357858733,0.014040312342516193,0.4614737928025992,0.06976839660104023,0.9653861112751457,0.701780415430267,0.2857142857142857
3857,ReFAM_new1_sta1_j5_k2,0.1134999990463256,resnet34,mnist,resnet34mnist,2,NO,YES,0.6308876594221051,0.11259012050034392,0.36160537317836866,0.3615642994241843,0.12597667522056688,1.0,1.0,1.0,1.0,0.35418494926586086,1.0,0.7198603511787068,0.1661721068249258,1.0
3858,ReFAM_new1_sta2_j1_k1,0.7050999999046326,vgg16,cifar,vgg16cifar,0,YES,YES,0.027731325688883743,6.368939953634117e-05,0.014759402986872191,0.01487523992322457,8.380566472895615e-05,1.0,1.0,1.0,1.0,0.012404746626742444,1.0,0.8908772137026079,0.004451038575667656,1.0
3859,ReFAM_sta2_j5_k1_const1,0.1173999980092048,resnet18,mnist,resnet18mnist,2,NO,YES,0.048529819955546546,0.008699971976664203,0.07933179105443802,0.07941458733205375,0.004521315612127185,1.0,1.0,1.0,1.0,0.07323754367741714,1.0,0.771563810225845,0.03560830860534125,1.0
3860,mul8_441,0.1134999990463256,resnet18,mnist,resnet18mnist,2,NO,NO,0.9142671438053859,0.46781794544366034,0.6658943058784135,0.6657869481765836,0.3611921511176692,0.04494486572821866,0.03382774103033698,0.04494486572821866,0.03382774103033698,0.6297195979042555,0.11005863981894508,0.9946862992247841,0.7796735905044511,0.14732142857142858
3861,mul8_420,0.0099999997764825,resnet34,cifar100,resnet34cifar100,2,NO,NO,1.0,1.0,1.0,1.0,1.0,0.061211418205602136,0.046199932221603755,0.061211418205602136,0.046199932221603755,1.0,0.13121555209210392,1.0,1.0,0.14285714285714285
3862,mul8_097,0.1052000001072883,resnet34,cifar,resnet34cifar,2,NO,NO,0.2619310371707847,1.0,1.0,1.0,1.0,0.08522097975127695,0.050851356358087664,0.08522097975127695,0.050851356358087664,1.0,0.14523655971766897,1.0,1.0,0.42857142857142855
3863,mul8_285,0.1228000000119209,resnet18,mnist,resnet18mnist,2,NO,NO,0.43156875603325323,0.15723599151657197,0.3197893905514848,0.31981765834932824,0.1459527747872971,0.021655310976083485,0.013877012061393882,0.021655310976083485,0.013877012061393882,0.34473920469890557,0.06872861467906344,0.9726882499913457,0.4473293768545994,0.3452381428571428
3864,ReFAM_new_sta1_j6_k2,0.1422999948263168,resnet18,cifar,resnet18cifar,2,NO,NO,0.15598870699997106,0.05367424145925152,0.11346291046157997,0.11348368522072937,0.06326384873307989,0.0038032981189483742,0.0005917440294432163,0.0038032981189483742,0.0005917440294432163,0.18597271018867897,0.014061315036754387,0.2863533901186954,0.23738872403560832,0.05442171428571429
3865,mul8_410,0.1057000011205673,vgg16,mnist,vgg16mnist,2,NO,NO,1.0,0.3074685916617838,0.68961697991384,0.6895393474088292,0.3343298682525443,0.04122287326977037,0.027113114417307724,0.04122287326977037,0.027113114417307724,0.6341211783670144,0.09880913992941724,0.9961931543976753,0.6824925816023739,0.14285714285714285
3866,ReFAM_new2_sta2_j1_k6,0.5903000235557556,vgg16,cifar,vgg16cifar,2,NO,NO,0.3535744025332677,0.06863169694036125,0.23470909984201832,0.23464491362763915,0.06608658965750089,0.027171448342900296,0.0411165525027963,0.027171448342900296,0.0411165525027963,0.24194933452771356,0.11640705708126571,0.8928656516435921,0.1884272997032641,0.2857142857142857
3867,ReFAM_new2_sta1_j2_k1,0.6442000269889832,resnet34,cifar100,resnet34cifar100,2,NO,NO,0.010399247133331404,0.0002006216085394747,0.008302164180115607,0.008397312859884836,0.00021684715748617405,0.001195193209351235,0.0007673357295747345,0.001195193209351235,0.0007673357295747345,0.011484563842089948,0.015635543373760174,0.33407895513847796,0.008902077151335312,0.2857142857142857
3868,ReFAM_sta1_j3_k5_const1,0.0979999974370002,vgg16,mnist,vgg16mnist,2,NO,YES,0.43676837959991893,0.29940386722033985,0.5138693703984056,0.513915547024952,0.1354146293808129,1.0,1.0,1.0,1.0,0.4486825388179094,1.0,1.0,0.37388724035608306,1.0
3869,mul8_207,0.0104999998584389,resnet34,cifar100,resnet34cifar100,2,NO,NO,0.24367819540838437,1.0,1.0,1.0,1.0,0.07358794652617048,0.0380981311775355,0.07358794652617048,0.0380981311775355,1.0,0.12564118641132668,1.0,1.0,1.0
3870,mul8_088,0.1066000014543533,resnet34,cifar,resnet34cifar,2,NO,NO,0.38190152188891424,1.0,1.0,1.0,1.0,0.07328169520495349,0.03648093161932422,0.07328169520495349,0.03648093161932422,1.0,0.12345786830523757,1.0,1.0,0.44642857142857145
3871,mul8_496,0.989300012588501,vgg16,mnist,vgg16mnist,0,NO,NO,0.05653913291118999,0.0029411308944539273,0.039104669228643196,0.03910748560460653,0.0031023082916737258,0.0037174754773093965,0.001515356372135002,0.0037174754773093965,0.001515356372135002,0.04668230314652055,0.02214220454667598,0.6963086120845713,0.045252225519287835,0.2857142857142857
3872,ReFAM_sta3_j2_k6_const0,0.1134999990463256,resnet34,mnist,resnet34mnist,2,YES,NO,1.0,0.1860805225078338,0.9067808210059602,0.9066698656429942,0.2448539630677821,0.06628579481703516,0.053093662368767156,0.06628579481703516,0.053093662368767156,0.7413327659087127,0.14087813427443674,0.9982284270264657,0.5103857566765578,0.14285714285714285
3873,ReFAM_sta1_j5_k1_const0,0.1134999990463256,resnet18,mnist,resnet18mnist,2,YES,NO,0.24958193119995367,0.013247395103558964,0.13283462688184972,0.13291746641074856,0.01743157826362288,0.009927421147060259,0.0038050721418499992,0.009927421147060259,0.0038050721418499992,0.13083219927767592,0.03569967694356365,0.7477005186432601,0.10682492581602374,0.14285714285714285
3874,ReFAM_new2_sta3_j3_k2,0.0098999999463558,resnet34,cifar100,resnet34cifar100,2,NO,NO,0.1438562520110844,0.004858705067128627,0.07702563433773925,0.07701535508637236,0.006306114378151673,0.011048535865733638,0.01270054767051271,0.011048535865733638,0.01270054767051271,0.07713584491418249,0.06413506267056006,0.7238382452060624,0.04154302670623145,0.2857142857142857
3875,ReFAM_new2_sta4_j7_k1,0.1027999967336654,resnet18,mnist,resnet18mnist,2,NO,NO,1.0,1.0,1.0,1.0,1.0,1.0,1.0,1.0,1.0,1.0,1.0,1.0,1.0,0.2857142857142857
3876,ReFAM_sta2_j2_k2_const0,0.7210000157356262,resnet34,mnist,resnet34mnist,2,YES,NO,0.055462651377767486,0.00047767049652255877,0.029518805973744382,0.029510556621881002,0.0006285424854671712,0.0037247026471316264,0.0015715457161770878,0.0037247026471316264,0.0015715457161770878,0.027271639649865325,0.022537814323163922,0.8113346053363036,0.016320474777448073,0.14285714285714285
3877,mul8_281,0.1010999977588653,resnet34,cifar,resnet34cifar,2,NO,NO,0.03238932180068843,1.0,1.0,1.0,1.0,0.08036161144205527,0.045090192676772556,0.08036161144205527,0.045090192676772556,1.0,0.13680708574431366,1.0,1.0,0.42857142857142855
3878,mul8_374,0.0109000001102685,resnet34,cifar100,resnet34cifar100,2,NO,NO,0.6681516283165426,0.3820263339744733,0.5545015308305185,0.5544625719769675,0.2798467936756095,0.03879093062459008,0.028593352449416423,0.03879093062459008,0.028593352449416423,0.536489464143296,0.1004983190316667,0.9939715611630479,0.841246290801187,0.15178571428571427
3879,mul8_391,0.9722999930381776,vgg16,mnist,vgg16mnist,0,NO,NO,0.4246359246110323,0.1064168264209105,0.2956655079748154,0.2955854126679463,0.09529042666300613,0.019918080030065028,0.010686510870004197,0.019918080030065028,0.010686510870004197,0.29783597485178226,0.060514113565384595,0.9715387638493226,0.4035608308605341,0.2857142857142857
3880,ReFAM_sta1_j4_k5_const1,0.1000000014901161,resnet18,cifar,resnet18cifar,2,NO,YES,0.8735367591998379,1.0,0.9947030458301012,0.9947216890595011,0.49518478590834825,1.0,1.0,1.0,1.0,0.8654413927210544,1.0,1.0,0.7477744807121661,1.0
3881,ReFAM_new2_sta4_j2_k7,0.1000000014901161,resnet34,cifar,resnet34cifar,2,NO,NO,1.0,1.0,1.0,1.0,1.0,1.0,1.0,1.0,1.0,1.0,1.0,1.0,1.0,0.2857142857142857
3882,mul8_241,0.097800001502037,resnet18,cifar,resnet18cifar,2,NO,NO,1.0,1.0,1.0,1.0,1.0,0.07716991256931306,0.052038356250976726,0.07716991256931306,0.052038356250976726,1.0,0.14344810495452726,1.0,1.0,0.42857142857142855
3883,ReFAM_new2_sta2_j1_k5,0.1058999970555305,resnet18,cifar,resnet18cifar,2,YES,NO,0.24438230763328797,0.014450328637301607,0.13006723882181118,0.1300383877159309,0.01901445775619104,0.016469816628633685,0.021529298353125444,0.016469816628633685,0.021529298353125444,0.1319753470868368,0.08376477191976735,0.8670149402654102,0.09347181008902077,0.2857142857142857
3884,ReFAM_sta3_j3_k2_const1,0.9783999919891356,vgg16,mnist,vgg16mnist,0,NO,YES,0.06239548279998842,0.002012585025348381,0.04675732743106776,0.04678502879078695,0.001314468117509426,1.0,1.0,1.0,1.0,0.041848237993096706,1.0,0.9067857353758687,0.026706231454005934,1.0
3885,mul8_008,0.0094999996945261,resnet34,cifar100,resnet34cifar100,2,NO,NO,1.0,1.0,1.0,1.0,1.0,0.08837112239754132,0.04508141309176598,0.08837112239754132,0.04508141309176598,1.0,0.14013020786681238,1.0,1.0,0.36160714285714285
3886,ReFAM_new1_sta1_j3_k2,0.093199998140335,resnet18,cifar,resnet18cifar,2,NO,YES,0.15772191485552628,0.007036882531271495,0.09040134329459217,0.0904510556621881,0.00787354220128543,1.0,1.0,1.0,1.0,0.08854623596299646,1.0,0.7198603511787068,0.04154302670623145,1.0
3887,mul8_348,0.9912999868392944,resnet18,mnist,resnet18mnist,0,YES,NO,0.001733207855555234,0.0002030099610220875,0.000922462686679512,0.0009596928982725527,0.00026713055632354775,7.407849067785432e-05,2.2826921017097364e-05,7.407849067785432e-05,2.2826921017097364e-05,0.010827749830438113,0.00268417501179365,0.003976875881968441,0.04747774480712166,0.07087485714285714
3888,ReFAM_sta3_j7_k1_const0,0.1134999990463256,resnet18,mnist,resnet18mnist,2,YES,NO,1.0,0.15305975817134995,0.7328966045668722,0.7329654510556622,0.2014036067255434,0.0486560174319336,0.029007748861726804,0.0486560174319336,0.029007748861726804,0.6141109877761228,0.1040229782101121,0.9538902317095272,0.42729970326409494,0.14285714285714285
3889,ReFAM_new1_sta4_j5_k2,0.101000003516674,vgg16,mnist,vgg16mnist,2,NO,YES,1.0,1.0,1.0,1.0,1.0,1.0,1.0,1.0,1.0,1.0,1.0,1.0,1.0,1.0
3890,ReFAM_sta1_j5_k2_const0,0.1052000001072883,resnet34,cifar,resnet34cifar,2,YES,NO,0.5823578394665586,0.06542175120372964,0.309947462724316,0.30998080614203455,0.08608517880958376,0.019656095124009197,0.00983664704136765,0.019656095124009197,0.00983664704136765,0.29889296896247974,0.058182255184727374,0.8192893752456275,0.24925816023738873,0.14285714285714285
3891,ReFAM_sta4_j3_k4_const0,0.1000000014901161,vgg16,cifar,vgg16cifar,2,YES,NO,0.5459604744998987,0.023328630932667568,0.29057574630404626,0.2905470249520154,0.030696967419407528,0.02885266872279648,0.02150471551510703,0.02885266872279648,0.02150471551510703,0.2426146970478565,0.08597496163331601,0.98061145739367,0.1661721068249258,0.14285714285714285
3892,ReFAM_sta4_j3_k7_const0,0.1134999990463256,resnet34,mnist,resnet34mnist,2,YES,NO,1.0,1.0,1.0,1.0,1.0,0.1638372296812637,0.13522492418828347,0.1638372296812637,0.13522492418828347,1.0,0.24745242232612577,1.0,1.0,0.14285714285714285
3893,mul8_290,0.1000000014901161,resnet18,cifar,resnet18cifar,2,NO,NO,1.0,0.5467002024558633,0.8585186359159032,0.8584452975047985,0.6172612925043266,0.04791161894024395,0.03250729144534797,0.04791161894024395,0.03250729144534797,0.816411646945982,0.10900318279261688,0.9946557548631715,1.0,0.14732142857142858
3894,ReFAM_new1_sta2_j3_k6,0.1009000018239021,resnet34,mnist,resnet34mnist,2,NO,YES,1.0,1.0,1.0,1.0,1.0,1.0,1.0,1.0,1.0,1.0,1.0,0.9519170659493493,0.7537091988130564,1.0
3895,ReFAM_new2_sta4_j2_k4,0.100100003182888,resnet34,cifar,resnet34cifar,2,NO,NO,1.0,1.0,1.0,1.0,1.0,1.0,1.0,1.0,1.0,1.0,1.0,1.0,1.0,0.2857142857142857
3896,ReFAM_new2_sta3_j5_k2,0.099200002849102,resnet18,cifar,resnet18cifar,2,NO,NO,0.4541004581554713,0.07494650090438948,0.24920906204318727,0.2492802303262956,0.09407144025009156,0.034345317787691045,0.055569505340621564,0.034345317787691045,0.055569505340621564,0.2730386249197322,0.13578596466085044,0.617822838630065,0.1661721068249258,0.2857142857142857
3897,mul8_483,0.1134999990463256,resnet34,mnist,resnet34mnist,2,NO,NO,1.0,0.5131080745420732,0.5665010915021291,0.5664587332053742,0.6312796628695232,0.03234158495447786,0.020946333908688806,0.03234158495447786,0.020946333908688806,0.6698487519538979,0.08579432471650454,0.978498805715461,0.973293768545994,0.42857142857142855
3898,mul8_213,0.7085999846458435,vgg16,cifar,vgg16cifar,0,NO,NO,0.0,0.0,0.0,0.0,0.0,0.0,0.0,0.0,0.0,0.0,0.0,0.0,0.0,0.0
3899,ReFAM_sta3_j5_k5_const0,0.101000003516674,vgg16,mnist,vgg16mnist,2,YES,NO,1.0,1.0,1.0,1.0,1.0,0.18731288405632132,0.13950760575449123,0.18731288405632132,0.13950760575449123,1.0,0.26118903877274385,1.0,1.0,0.14285714285714285
3900,ReFAM_new2_sta2_j2_k2,0.3133000135421753,resnet18,cifar,resnet18cifar,2,YES,NO,0.07106152207776459,0.0010309721549945227,0.03782097015385999,0.03790786948176583,0.0013566041977999778,0.005466450574288981,0.0048902288486627815,0.005466450574288981,0.0048902288486627815,0.03691770570949603,0.03964756393949708,0.7477005186432601,0.020771513353115726,0.2857142857142857
3901,mul8_102,0.1134999990463256,resnet18,mnist,resnet18mnist,2,NO,NO,0.6997826716804256,0.5100153073523043,0.6525385294952943,0.652591170825336,0.3176708655326256,0.04887012233791716,0.04090057471163453,0.04887012233791716,0.04090057471163453,0.6066659379771493,0.12086475818539022,1.0,0.7129080118694362,0.42857142857142855
3902,ReFAM_new1_sta3_j1_k6,0.0979999974370002,vgg16,mnist,vgg16mnist,2,NO,YES,0.5823578394665586,0.06647899523603291,0.3163254287776301,0.31621880998080615,0.0825589986291111,1.0,1.0,1.0,1.0,0.299908636259012,1.0,1.0,0.1884272997032641,1.0
3903,ReFAM_new2_sta2_j1_k7,0.0958999991416931,resnet34,cifar,resnet34cifar,2,NO,NO,0.46276649743324744,0.30037751891575165,0.4348979154084891,0.43498080614203455,0.23709036439505868,0.04420950119880679,0.07591004788385662,0.04420950119880679,0.07591004788385662,0.45325644833309486,0.15943969712712658,0.9162310701318905,0.37833827893175076,0.2857142857142857
3904,ReFAM_new2_sta2_j2_k5,0.097300000488758,resnet34,cifar,resnet34cifar,2,NO,NO,0.35010798682215727,0.06878136702927165,0.23326775189408158,0.23320537428023033,0.0662632894766428,0.026871520795277767,0.040236838085137394,0.026871520795277767,0.040236838085137394,0.2413580500580355,0.11515454160023407,0.8727318266139131,0.18694362017804153,0.2857142857142857
3905,mul8_033,0.1134999990463256,resnet34,mnist,resnet34mnist,2,NO,NO,0.9366905204366317,0.23620721155070948,0.5079001623209621,0.5079174664107485,0.29920776852986847,0.027831830985406533,0.012742689678544276,0.027831830985406533,0.012742689678544276,0.519268128351356,0.06761717513719448,0.975950387811578,0.6060830860534124,0.14285714285714285
3906,mul8_216,0.6891999840736389,vgg16,mnist,vgg16mnist,2,NO,NO,0.6094392122096091,0.1060136799862431,0.3546032356625905,0.35460652591170827,0.11421977621330473,0.026478543436194026,0.016517911231371918,0.026478543436194026,0.016517911231371918,0.3429404393444491,0.07562864632784555,0.9798651568249339,0.4280415430267062,0.14285714285714285
3907,mul8_110,0.009800000116229,resnet34,cifar100,resnet34cifar100,2,NO,NO,1.0,0.3549409738618704,0.6995351437472866,0.6996161228406911,0.42401948808989537,1.0,1.0,1.0,1.0,0.6698766117542115,1.0,0.9988657860387833,0.6862017804154302,1.0
3908,ReFAM_sta3_j7_k2_const0,0.1134999990463256,resnet18,mnist,resnet18mnist,2,YES,NO,1.0,0.730200508164981,1.0,1.0,0.9608339757901153,0.09956420165971955,0.06617348811156394,0.09956420165971955,0.06617348811156394,1.0,0.16662859855609896,0.9944073273887218,0.9970326409495549,0.14285714285714285
3909,mul8_205,0.1142000034451484,vgg16,mnist,vgg16mnist,2,NO,NO,0.5543557035166601,1.0,1.0,1.0,1.0,0.07577055181248385,0.038951506840174684,0.07577055181248385,0.038951506840174684,1.0,0.12758937795214464,1.0,1.0,0.42857142857142855
3910,mul8_077,0.0099999997764825,resnet34,cifar100,resnet34cifar100,2,NO,NO,1.0,0.8620182993783915,1.0,1.0,0.9749229196263088,0.05588409065039107,0.040684596920472764,0.05588409065039107,0.040684596920472764,1.0,0.12264500217958595,0.9988505138579769,1.0,0.1462052857142857
3911,ReFAM_new_sta3_j1_k2,0.9918000102043152,resnet18,mnist,resnet18mnist,0,YES,NO,0.000866603927777617,6.1699105800830506e-06,0.000461231343339756,0.0004798464491362764,8.118673770617628e-06,4.8783396300050404e-05,7.023668005260727e-06,4.8783396300050404e-05,7.023668005260727e-06,0.001914094424837901,0.0015249637233299296,0.03181704334652171,0.002967359050445104,0.063492
3912,mul8_137,0.1010999977588653,vgg16,cifar,vgg16cifar,2,NO,NO,0.5234287723776806,0.08513202812523883,0.2974077374221918,0.29750479846449135,0.09867300960822062,0.019893688331915,0.009775189946321617,0.019893688331915,0.009775189946321617,0.30123270223315224,0.058070290153645884,0.9670640148730678,0.3961424332344214,0.17857142857142858
3913,ReFAM_new_sta2_j1_k8,0.1134999990463256,resnet18,mnist,resnet18mnist,2,NO,NO,0.5884240669610019,0.3612874732504522,0.4859783863597848,0.4858445297504798,0.30539324319542427,0.015570033985766087,0.0017260664122928236,0.015570033985766087,0.0017260664122928236,0.5105071631669272,0.02670963138126034,0.7302230349284956,0.516320474777448,0.04686314285714286
3914,ReFAM_new_sta3_j4_k2,0.9836000204086304,resnet34,mnist,resnet34mnist,0,NO,NO,0.016032172663885912,0.002352079382467582,0.02629018657036609,0.026391554702495202,0.002333725869999151,0.0019106830217519744,0.00033538014725119976,0.0019106830217519744,0.00033538014725119976,0.03731255855562516,0.010435887330335656,0.32463362038245613,0.03560830860534125,0.063492
3915,mul8_095,0.1086999997496604,resnet18,mnist,resnet18mnist,2,NO,NO,0.31398143904934356,1.0,1.0,1.0,1.0,0.07454102954647703,0.037655640093204074,0.07454102954647703,0.037655640093204074,1.0,0.12546428166221793,1.0,1.0,0.42857142857142855
3916,ReFAM_new2_sta1_j3_k1,0.5759999752044678,resnet34,cifar100,resnet34cifar100,2,NO,NO,0.015598870699997104,0.0008781175961073039,0.016604328360231214,0.016554702495201537,0.0009009108958362786,0.0020263177389076496,0.0013889303480403088,0.0020263177389076496,0.0013889303480403088,0.023285955765030886,0.021064354514131477,0.3261252033745411,0.017804154302670624,0.2857142857142857
3917,ReFAM_sta4_j3_k6_const0,0.101000003516674,vgg16,mnist,vgg16mnist,2,YES,NO,1.0,0.4362357529742949,1.0,1.0,0.5740205987605036,0.09688382505190012,0.08315847326528569,0.09688382505190012,0.08315847326528569,1.0,0.18109298770474672,1.0,0.8545994065281899,0.14285714285714285
3918,mul8_450,0.4174000024795532,resnet18,mnist,resnet18mnist,2,NO,NO,0.07409463582498625,0.005389989096374799,0.06418637802154867,0.06429942418426104,0.003935006086298992,0.00661015019865683,0.005093915220815343,0.00661015019865683,0.005093915220815343,0.06275012355883698,0.04057164866268967,0.8982720036490331,0.07270029673590504,1.0
3919,ReFAM_sta2_j4_k2_const0,0.1134999990463256,resnet18,mnist,resnet18mnist,2,YES,NO,0.3223766611332735,0.009626652739917968,0.1715780597223892,0.17154510556621883,0.012667226223781722,0.015880802288121967,0.008131651633090606,0.015880802288121967,0.008131651633090606,0.1462247416579422,0.052464574264165814,0.9376080506792048,0.0830860534124629,0.14285714285714285
3920,mul8_115,0.1000000014901161,vgg16,cifar,vgg16cifar,2,NO,NO,1.0,1.0,1.0,1.0,1.0,0.09031794126840442,0.05873015594298889,0.09031794126840442,0.05873015594298889,1.0,0.1555769035548151,1.0,1.0,1.0
3921,mul8_190,0.1000000014901161,vgg16,cifar,vgg16cifar,2,NO,NO,0.8803341854915514,0.22663414572134613,0.495089731118805,0.49496161228406915,0.2667191965366872,0.030118326837914454,0.017973566425462204,0.030118326837914454,0.017973566425462204,0.4985189654900366,0.07951383290637334,0.9844641195384136,0.5756676557863502,0.14285714285714285
3922,ReFAM_new_sta2_j1_k3,0.708299994468689,vgg16,cifar,vgg16cifar,0,YES,NO,0.006066227494443318,7.94127200468754e-05,0.0032286194033782916,0.0031190019193857964,0.00010449518820891721,0.00023578641545024363,1.4047336010521454e-05,0.00023578641545024363,1.4047336010521454e-05,0.007161882485407868,0.0021303213247105333,0.11135965171282598,0.005934718100890208,0.031746
3923,ReFAM_new2_sta3_j4_k4,0.1019999980926513,resnet34,cifar,resnet34cifar,2,NO,NO,0.8683371356331722,0.31651641275826053,0.510049799258836,0.5100767754318618,0.35916321379563393,0.06826874953700943,0.13908267384017292,0.06826874953700943,0.13908267384017292,0.545002717480979,0.21751670518263735,0.8032871841967545,0.36795252225519287,0.2857142857142857
3924,mul8_255,0.1134999990463256,resnet34,mnist,resnet34mnist,2,NO,NO,0.7685422788082388,0.2262242820421369,0.4716799896353569,0.4716890595009597,0.22976074296523172,0.030305329857064647,0.020071887242033844,0.030305329857064647,0.020071887242033844,0.46923727048246117,0.08364235681911826,0.9844641195384136,0.5756676557863502,0.36153842857142854
3925,ReFAM_new2_sta2_j3_k1,0.1517000049352646,resnet18,mnist,resnet18mnist,2,YES,NO,0.06066227494443319,0.0009609138155045474,0.03228619403378292,0.03238963531669866,0.001264417966598126,0.004587446044660296,0.003641771860727687,0.004587446044660296,0.003641771860727687,0.033373366321625166,0.03420606342893654,0.6204323452571734,0.017804154302670624,0.2857142857142857
3926,ReFAM_new2_sta3_j1_k1,0.7089999914169312,vgg16,cifar,vgg16cifar,0,YES,NO,0.013865662844441871,6.368939953634117e-05,0.007379701493436096,0.007437619961612285,8.380566472895615e-05,0.0011988067942623499,0.0007743593975799951,0.0011988067942623499,0.0007743593975799951,0.008120812372828586,0.01571242602843613,0.5090726935443474,0.004451038575667656,0.2857142857142857
3927,ReFAM_new_sta3_j1_k7,0.1134999990463256,resnet18,mnist,resnet18mnist,2,NO,NO,0.20798494266662806,0.059711996535296664,0.1783514929091843,0.1782629558541267,0.054497327791841375,0.009270652089465134,0.002043887389530872,0.009270652089465134,0.002043887389530872,0.2023469694558841,0.026588709147692326,0.5832710567738232,0.228486646884273,0.06762471428571429
3928,mul8_130,0.4882000088691711,resnet34,mnist,resnet34mnist,2,NO,NO,0.06105495744901921,0.004830115927445036,0.05803992796348666,0.058061420345489445,0.003508595137275775,0.005801610574794883,0.002877947965155583,0.005801610574794883,0.002877947965155583,0.057851882332168134,0.030596310826869217,0.8947919827159639,0.07344213649851632,0.7142857142857143
3929,ReFAM_new1_sta2_j5_k3,0.0979999974370002,vgg16,mnist,vgg16mnist,2,NO,YES,0.6100891651554423,0.32710875601864825,0.4742034748711866,0.4740882917466411,0.283392779581783,1.0,1.0,1.0,1.0,0.49488858068120073,1.0,0.7560279297642587,0.3560830860534125,1.0
3930,ReFAM_new2_sta4_j3_k4,0.0089999996125698,resnet34,cifar100,resnet34cifar100,2,NO,NO,1.0,1.0,1.0,1.0,1.0,1.0,1.0,1.0,1.0,1.0,1.0,1.0,1.0,0.2857142857142857
3931,mul8_433,0.9914000034332277,resnet18,mnist,resnet18mnist,0,NO,NO,0.0,0.0,0.0,0.0,0.0,0.0,0.0,0.0,0.0,0.0,0.0,0.0,0.0,0.0
3932,ReFAM_new1_sta1_j4_k4,0.1000000014901161,resnet34,cifar,resnet34cifar,2,NO,YES,1.0,0.5021495172343515,0.7990833023361272,0.7989443378119002,0.5552072255063037,1.0,1.0,1.0,1.0,0.7657523708393656,1.0,0.8411632107418411,0.36795252225519287,1.0
3933,ReFAM_new2_sta3_j2_k1,0.9879999756813048,vgg16,mnist,vgg16mnist,0,YES,NO,0.032930949255549444,0.0002730683005120628,0.017526791046910725,0.01751439539347409,0.00035931678752539953,0.002669535853086092,0.0019666270414730037,0.002669535853086092,0.0019666270414730037,0.017955792890688407,0.025075688361011088,0.6045238235839125,0.008902077151335312,0.2857142857142857
3934,ReFAM_sta2_j3_k5_const1,0.1013000011444091,resnet18,mnist,resnet18mnist,2,NO,YES,0.19585248767774144,0.24491042085955214,0.42289328857180314,0.42298464491362764,0.11547715356544218,1.0,1.0,1.0,1.0,0.38305795356302386,1.0,1.0,0.3264094955489614,1.0
3935,ReFAM_new_sta1_j4_k2,0.9679999947547911,resnet34,mnist,resnet34mnist,0,NO,NO,0.038997176749992764,0.00335464009120322,0.028365727615394992,0.02831094049904031,0.003953990550007776,0.0016107554741294423,0.0001826153681367789,0.0016107554741294423,0.0001826153681367789,0.046493177547169744,0.007712151340893212,0.2863533901186954,0.05934718100890208,0.05442171428571429
3936,mul8_014,0.1134999990463256,resnet34,mnist,resnet34mnist,2,NO,NO,1.0,0.2805346180291952,0.6076711694456507,0.6077255278310941,0.2918012078345574,0.03565704911042573,0.023970022984953546,0.03565704911042573,0.023970022984953546,0.571229668757829,0.09205316995395998,0.9961157753482566,0.6364985163204748,0.14285714285714285
3937,ReFAM_new_sta2_j5_k3,0.8946999907493591,vgg16,mnist,vgg16mnist,2,NO,NO,0.27904646474439265,0.08626012661452628,0.23014002776952155,0.23008637236084453,0.07545605043687074,0.008428686805175375,0.0007796271485839408,0.008428686805175375,0.0007796271485839408,0.24797674764544964,0.01719782877411727,0.6335134771904889,0.22551928783382788,0.04444442857142857
3938,ReFAM_sta1_j4_k5_const0,0.1011999994516372,resnet34,cifar,resnet34cifar,2,YES,NO,1.0,1.0,1.0,1.0,1.0,0.05885807103223859,0.03851077167284457,0.05885807103223859,0.03851077167284457,1.0,0.12076772182511958,0.9117573393010228,1.0,0.14285714285714285
3939,mul8_477,0.8758999705314636,vgg16,mnist,vgg16mnist,2,NO,NO,0.2001313480375591,1.0,1.0,1.0,1.0,0.04596208988069749,0.025327346826970184,0.04596208988069749,0.025327346826970184,1.0,0.09736031242722272,0.8972620034250411,1.0,0.14285714285714285
3940,ReFAM_sta3_j4_k4_const0,0.100500002503395,resnet34,cifar,resnet34cifar,2,YES,NO,1.0,0.18370570402262248,0.8966337314524856,0.8965930902111324,0.24172905934420114,0.06480693519216141,0.05006646145849978,0.06480693519216141,0.05006646145849978,0.7337298664657735,0.1369436830822331,0.9972652614902798,0.5044510385756676,0.14285714285714285
3941,ReFAM_new2_sta2_j3_k1,0.2055000066757202,resnet34,cifar,resnet34cifar,2,YES,NO,0.06066227494443319,0.0009609138155045474,0.03228619403378292,0.03238963531669866,0.001264417966598126,0.004587446044660296,0.003641771860727687,0.004587446044660296,0.003641771860727687,0.033373366321625166,0.03420606342893654,0.6204323452571734,0.017804154302670624,0.2857142857142857
3942,ReFAM_sta1_j1_k7_const1,0.0979999974370002,vgg16,mnist,vgg16mnist,2,NO,YES,0.4489008345888056,0.30149526787761444,0.5182330506189371,0.5182341650671786,0.1363692693118696,1.0,1.0,1.0,1.0,0.4518376503756881,1.0,1.0,0.37537091988130566,1.0
3943,mul8_124,0.1134999990463256,resnet34,mnist,resnet34mnist,2,NO,NO,0.8246819627713747,0.3560250091075841,0.5707351620253314,0.5707773512476008,0.30463293658314167,0.03870601137917888,0.028379130575255967,0.03870601137917888,0.028379130575255967,0.5554167687667081,0.10013704519804374,0.996488416559931,0.8167655786350149,0.15178571428571427
3944,ReFAM_new2_sta3_j1_k7,0.494700014591217,vgg16,mnist,vgg16mnist,2,NO,NO,0.9047345005998321,0.31366710824650346,0.5280292611953541,0.5280710172744721,0.3549419412189441,0.0712318891641236,0.15026084147054536,0.0712318891641236,0.15026084147054536,0.5524739325374177,0.22614771621193935,0.9982599895334655,0.37833827893175076,0.2857142857142857
3945,mul8_073,0.0093999998643994,resnet34,cifar100,resnet34cifar100,2,NO,NO,0.3459374588861432,1.0,1.0,1.0,1.0,0.08505475484536566,0.04964152954418151,0.08505475484536566,0.04964152954418151,1.0,0.14384072899685302,1.0,1.0,0.42857142857142855
3946,mul8_200,0.1000000014901161,vgg16,cifar,vgg16cifar,2,NO,NO,1.0,1.0,1.0,1.0,1.0,0.07928837672345415,0.04395235845992032,0.07928837672345415,0.04395235845992032,1.0,0.13504923475633424,1.0,1.0,0.36160714285714285
3947,ReFAM_sta1_j2_k3_const1,0.1018000021576881,resnet34,mnist,resnet34mnist,2,NO,YES,0.055462651377767486,0.0043372481084248335,0.062381539186701994,0.06238003838771593,0.0019891896529061364,1.0,1.0,1.0,1.0,0.05444242693087249,1.0,0.9704198220689122,0.04302670623145401,1.0
3948,ReFAM_new1_sta3_j3_k6,0.1000000014901161,resnet34,cifar,resnet34cifar,2,NO,YES,1.0,1.0,0.972558535718449,0.9724088291746642,1.0,1.0,1.0,1.0,1.0,0.9922209005840702,1.0,0.974148270476431,0.7537091988130564,1.0
3949,ReFAM_new_sta2_j1_k6,0.227400004863739,resnet18,cifar,resnet18cifar,2,NO,NO,0.05762916119721153,0.01669811662802843,0.08601964553286448,0.08613243761996162,0.014021146025573633,0.003941517741798517,0.0003230887282419935,0.003941517741798517,0.0003230887282419935,0.10055826281032638,0.010635931519201256,0.5241117190570345,0.08902077151335312,0.04444442857142857
3950,mul8_091,0.972000002861023,resnet18,mnist,resnet18mnist,0,NO,NO,0.03141439238193861,0.000900794499783456,0.017325004179124956,0.01727447216890595,0.0011599381315869873,0.0015339667947682518,0.00031782097723804793,0.0015339667947682518,0.00031782097723804793,0.02585798487362807,0.010108203006037155,0.4528955036663415,0.02967359050445104,0.14285714285714285
3951,ReFAM_sta1_j5_k4_const0,0.101000003516674,vgg16,mnist,vgg16mnist,2,YES,NO,1.0,1.0,1.0,1.0,1.0,0.05659867706656403,0.035873384336869166,0.05659867706656403,0.035873384336869166,1.0,0.11649065763780657,0.9033057144427995,1.0,0.14285714285714285
3952,mul8_129,0.1134999990463256,resnet34,mnist,resnet34mnist,2,NO,NO,0.8765292534877568,0.3585349743204341,0.5889343213651598,0.5890115163147793,0.3127123371084981,0.03941337062552961,0.028672368714475604,0.03941337062552961,0.028672368714475604,0.568663757327886,0.10078868167893804,0.9958357853668072,0.7574183976261127,0.15178571428571427
3953,mul8_199,0.1134999990463256,resnet34,mnist,resnet34mnist,2,NO,NO,0.9919026678166201,0.2406092655720582,0.5756971183357865,0.5755758157389635,0.2516922927449769,0.03575461590302583,0.024020944577991688,0.03575461590302583,0.024020944577991688,0.5370336316595868,0.0921673742856631,0.9951373376312644,0.6454005934718101,0.14285714285714285
3954,ReFAM_new_sta1_j1_k8,0.1057000011205673,resnet34,cifar,resnet34cifar,2,NO,NO,0.3843388419693731,0.25477904356354925,0.27317507435565835,0.2732725527831094,0.2948943713694238,0.007339190954474249,0.001343276506006114,0.007339190954474249,0.001343276506006114,0.41119618404975594,0.021522664708025056,0.4459354618002032,0.5652818991097923,0.06098442857142857
3955,ReFAM_new2_sta4_j2_k1,0.100100003182888,resnet34,cifar,resnet34cifar,2,NO,NO,1.0,1.0,1.0,1.0,1.0,1.0,1.0,1.0,1.0,1.0,1.0,1.0,1.0,0.2857142857142857
3956,ReFAM_sta4_j1_k8_const0,0.101000003516674,vgg16,mnist,vgg16mnist,2,YES,NO,1.0,0.4374426670955086,1.0,1.0,0.5756087161071173,0.09748368014714517,0.08457198645134442,0.09748368014714517,0.08457198645134442,1.0,0.18254554737464396,1.0,0.8553412462908012,0.14285714285714285
3957,ReFAM_new_sta2_j4_k3,0.5491999983787537,resnet18,mnist,resnet18mnist,2,NO,NO,0.05762916119721153,0.01669811662802843,0.08601964553286448,0.08613243761996162,0.014021146025573633,0.003941517741798517,0.0003230887282419935,0.003941517741798517,0.0003230887282419935,0.10055826281032638,0.010635931519201256,0.5241117190570345,0.08902077151335312,0.04444442857142857
3958,mul8_169,0.5519000291824341,vgg16,mnist,vgg16mnist,2,NO,NO,0.662410377295016,0.12450259761037373,0.3804544886576792,0.3805182341650672,0.13864927699110133,0.025980772114687956,0.015215020816396052,0.025980772114687956,0.015215020816396052,0.372175907981061,0.07272128768742946,0.9755777465999035,0.4755192878338279,0.2380952857142857
3959,mul8_129,0.6783000230789185,vgg16,mnist,vgg16mnist,2,NO,NO,0.8765292534877568,0.3585349743204341,0.5889343213651598,0.5890115163147793,0.3127123371084981,0.03941337062552961,0.028672368714475604,0.03941337062552961,0.028672368714475604,0.568663757327886,0.10078868167893804,0.9958357853668072,0.7574183976261127,0.15178571428571427
3960,ReFAM_new2_sta3_j4_k2,0.0104000000283122,resnet34,cifar100,resnet34cifar100,2,NO,NO,0.25911457440550745,0.019273805505311697,0.1396377891961111,0.13963531669865645,0.02477045014596148,0.019665129086286984,0.02696210555519462,0.019665129086286984,0.02696210555519462,0.14602416029927076,0.09391178946991276,0.6726326592532108,0.0830860534124629,0.2857142857142857
3961,ReFAM_sta4_j4_k2_const0,0.1134999990463256,resnet18,mnist,resnet18mnist,2,YES,NO,0.22878343693329087,0.005311695921330854,0.12176507464169557,0.12164107485604606,0.006989392438394943,0.01352745511475842,0.007998201940990653,0.01352745511475842,0.007998201940990653,0.1050487066159438,0.05160169709129778,0.9236889850923152,0.0712166172106825,0.14285714285714285
3962,ReFAM_sta3_j6_k3_const1,0.1009000018239021,resnet34,mnist,resnet34mnist,2,NO,YES,0.3072110923971652,0.7691692653300385,0.7425572389573025,0.7425623800383878,0.36621716021230644,1.0,1.0,1.0,1.0,0.6759109546318391,1.0,0.9644229457389598,0.6646884272997032,1.0
3963,mul8_404,0.1000000014901161,vgg16,cifar,vgg16cifar,2,NO,NO,1.0,1.0,1.0,1.0,1.0,0.09031794126840442,0.05873015594298889,0.09031794126840442,0.05873015594298889,1.0,0.1555769035548151,1.0,1.0,1.0
3964,ReFAM_sta2_j6_k3_const1,0.1018000021576881,resnet34,cifar,resnet34cifar,2,NO,YES,0.47143253671102364,0.9494306167681451,0.8319820706314773,0.8320537428023034,0.474665881895136,1.0,1.0,1.0,1.0,0.7616073295464018,1.0,0.9680271804092537,0.6884272997032641,1.0
3965,ReFAM_new1_sta2_j5_k4,0.0979999974370002,vgg16,mnist,vgg16mnist,2,NO,YES,1.0,1.0,0.9715117582702619,0.9714491362763915,1.0,1.0,1.0,1.0,1.0,1.0,1.0,0.8216972890860924,0.7359050445103857,1.0
3966,ReFAM_new2_sta1_j2_k7,0.1000000014901161,resnet18,cifar,resnet18cifar,2,NO,NO,0.6655518165332098,1.0,0.6820962966030734,0.682101727447217,0.8975542037125588,0.033801473258568256,0.041871596813361826,0.033801473258568256,0.041871596813361826,0.8017380292573325,0.11860157169046297,0.6639326069205378,0.7566765578635015,0.2857142857142857
3967,ReFAM_new_sta3_j5_k2,0.9305999875068665,resnet34,mnist,resnet34mnist,1,NO,NO,0.04278856893401984,0.011526608908873207,0.06651820871974311,0.06645873320537428,0.010358629515873815,0.004161043025148744,0.0008147454886102444,0.004161043025148744,0.0008147454886102444,0.08312546106419796,0.016446170198790182,0.4267953466683228,0.0830860534124629,0.06762471428571429
3968,ReFAM_sta2_j4_k3_const0,0.1134999990463256,resnet34,mnist,resnet34mnist,2,YES,NO,0.8215405235331809,0.05313925050314626,0.43724731348608864,0.4371401151631478,0.06992325636660457,0.0333118325031122,0.019973555889960193,0.0333118325031122,0.019973555889960193,0.3653262571967011,0.08423427861676908,0.9781251463583994,0.22551928783382788,0.14285714285714285
3969,ReFAM_sta1_j3_k5_const1,0.1000000014901161,resnet34,cifar,resnet34cifar,2,NO,YES,0.43676837959991893,0.29940386722033985,0.5138693703984056,0.513915547024952,0.1354146293808129,1.0,1.0,1.0,1.0,0.4486825388179094,1.0,1.0,0.37388724035608306,1.0
3970,ReFAM_sta2_j8_k2_const0,0.1134999990463256,resnet18,mnist,resnet18mnist,2,YES,NO,1.0,1.0,1.0,1.0,1.0,0.14160735870431299,0.0781400624755269,0.14160735870431299,0.0781400624755269,1.0,0.19617318452434268,0.9865146643480103,1.0,0.14285714285714285
3971,ReFAM_new_sta3_j2_k5,0.5687999725341797,resnet18,cifar,resnet18cifar,2,NO,NO,0.04798819250068554,0.011692897944106183,0.06816854981397397,0.06813819577735125,0.010468397019017629,0.004348046044298936,0.0008639111646470695,0.004348046044298936,0.0008639111646470695,0.08412763698444146,0.01693732346846766,0.463335566465549,0.08605341246290801,0.06762471428571429
3972,ReFAM_new2_sta1_j5_k3,0.1361999958753585,resnet34,mnist,resnet34mnist,2,NO,NO,0.3119774139999421,0.2738007286067307,0.32562932839786773,0.32557581573896355,0.26368509593237854,0.017755349460762793,0.024591617603419123,0.017755349460762793,0.024591617603419123,0.4151421977661491,0.08954589969127509,0.49714104775305495,0.3560830860534125,0.2857142857142857
3973,mul8_406,0.0108000002801418,resnet34,cifar100,resnet34cifar100,2,NO,NO,0.553814076061799,0.10864468582019209,0.33999168499513927,0.33997120921305185,0.10761154338595087,0.024879532113025706,0.014992019357229023,0.024879532113025706,0.014992019357229023,0.3305404894108816,0.07196888267856183,0.9769451158547636,0.39243323442136496,0.14285714285714285
3974,ReFAM_new1_sta4_j1_k7,0.1009000018239021,resnet34,mnist,resnet34mnist,2,NO,YES,1.0,1.0,1.0,1.0,1.0,1.0,1.0,1.0,1.0,1.0,1.0,1.0,1.0,1.0
3975,ReFAM_sta2_j8_k1_const1,0.1000000014901161,vgg16,cifar,vgg16cifar,2,NO,YES,0.4437012110221399,0.8005502764119939,0.748463162404589,0.7483205374280231,0.43241063152488624,1.0,1.0,1.0,1.0,0.70038050797246,1.0,0.8081030118776841,0.56973293768546,1.0
3976,ReFAM_new1_sta1_j1_k1,0.5098000168800354,resnet18,mnist,resnet18mnist,2,YES,YES,0.025998117833328508,7.563116194940513e-05,0.013836940300192679,0.013915547024952016,9.951922686563543e-05,1.0,1.0,1.0,1.0,0.012105792453924047,1.0,0.8272431270095645,0.004451038575667656,1.0
3977,mul8_334,0.0099999997764825,resnet34,cifar100,resnet34cifar100,2,NO,NO,1.0,0.74585919388327,0.8851968619501972,0.8850767754318618,0.8606227605057118,0.048418424224027805,0.03330798959794769,0.048418424224027805,0.03330798959794769,0.8932834653013617,0.11031466652335142,0.9995021269057137,1.0,0.14285714285714285
3978,ReFAM_sta1_j6_k2_const0,0.1000000014901161,resnet18,cifar,resnet18cifar,2,YES,NO,1.0,0.2616870048149186,0.619894925448632,0.6199616122840691,0.34434071523833504,0.030541116272514886,0.017334412636983477,0.030541116272514886,0.017334412636983477,0.5977859379249595,0.07834118581417986,0.8192893752456275,0.49851632047477745,0.14285714285714285
3979,mul8_083,0.6166999936103821,resnet18,mnist,resnet18mnist,2,NO,NO,0.06759510636665413,0.002183750286602298,0.043701669781441875,0.043666026871401156,0.0021156838281064043,0.004583832459749181,0.0018542483533888323,0.004583832459749181,0.0018542483533888323,0.044190288402232845,0.024554677749711876,0.7556552885525841,0.037091988130563795,0.14285714285714285
3980,ReFAM_new2_sta2_j1_k6,0.0986000001430511,resnet34,mnist,resnet34mnist,2,NO,NO,0.3535744025332677,0.06863169694036125,0.23470909984201832,0.23464491362763915,0.06608658965750089,0.027171448342900296,0.0411165525027963,0.027171448342900296,0.0411165525027963,0.24194933452771356,0.11640705708126571,0.8928656516435921,0.1884272997032641,0.2857142857142857
3981,mul8_085,0.100100003182888,vgg16,cifar,vgg16cifar,2,NO,NO,0.49673330876291655,0.2918734246809161,0.4898530211420478,0.4899232245681382,0.17470242881976722,0.03512585212849185,0.02863900629145062,0.03512585212849185,0.02863900629145062,0.4533409399719592,0.0996481312289879,0.9966289206233494,0.49554896142433236,0.4017857142857143
3982,mul8_394,0.1134999990463256,resnet18,mnist,resnet18mnist,2,NO,NO,0.4530713694576511,0.09726547370901586,0.29013253250190274,0.2900671785028791,0.09594225911144641,0.019245953236597665,0.008242274404173465,0.019245953236597665,0.008242274404173465,0.29537575038099667,0.05355809940106172,0.7781033580471157,0.4035608308605341,0.5079365714285714
3983,mul8_112,0.0102000003680586,resnet34,cifar100,resnet34cifar100,2,NO,NO,0.948064696988713,0.4155279532774565,0.654752572777952,0.6547504798464492,0.332450332127078,0.043877954783212006,0.0324651494373164,0.043877954783212006,0.0324651494373164,0.6132393403800852,0.10777604605196371,0.9955252510237451,0.7470326409495549,0.14732142857142858
3984,ReFAM_new2_sta3_j2_k2,0.1528999954462051,resnet34,cifar,resnet34cifar,2,YES,NO,0.07626114564443029,0.0011846228313759457,0.04058835821389852,0.040547024952015356,0.0015587853639585844,0.005991323782628412,0.0057945261043401,0.005991323782628412,0.0057945261043401,0.03959908155669335,0.04316774451669921,0.7477005186432601,0.020771513353115726,0.2857142857142857
3985,ReFAM_new_sta3_j1_k4,0.9890999794006348,vgg16,mnist,vgg16mnist,0,NO,NO,0.0028164627652772552,0.00043417013986192136,0.009166972948877649,0.009117082533589253,0.00047061709627710564,0.0007651766049285684,0.00012115827309074755,0.0007651766049285684,0.00012115827309074755,0.015841945430041124,0.006243170133104029,0.21078765763435955,0.01483679525222552,0.063492
3986,ReFAM_new1_sta1_j1_k8,0.1000000014901161,resnet34,cifar,resnet34cifar,2,NO,YES,1.0,1.0,1.0,1.0,1.0,1.0,1.0,1.0,1.0,1.0,1.0,0.9818535947659182,0.7581602373887241,1.0
3987,mul8_133,0.1049999967217445,resnet18,cifar,resnet18cifar,2,NO,NO,0.49451940610787026,0.5217689426413268,0.541556202374912,0.5415067178502879,0.4107951513568729,1.0,1.0,1.0,1.0,0.5808886766854446,1.0,0.9942831136514969,0.7307121661721068,1.0
3988,ReFAM_sta2_j2_k5_const0,0.1225999966263771,vgg16,mnist,vgg16mnist,2,YES,NO,0.8388726020887332,0.05421878582528724,0.4464719403528838,0.4464971209213052,0.07134376238376038,0.034695835524069185,0.022275563078684397,0.034695835524069185,0.022275563078684397,0.37211776025753407,0.08882484489111027,0.9821030403857549,0.22997032640949555,0.14285714285714285
3989,mul8_467,0.1002999991178512,resnet34,cifar,resnet34cifar,2,NO,NO,0.5474770313735094,0.11427509073191858,0.33234465750495423,0.3322936660268714,0.11891602324448124,0.020799794748377048,0.010819960562104151,0.020799794748377048,0.010819960562104151,0.33381427310680184,0.061063488651224455,0.9642050626261227,0.49851632047477745,0.2857142857142857
3990,mul8_269,0.100100003182888,resnet18,cifar,resnet18cifar,2,NO,NO,1.0,0.5860835308001936,0.8040382737591187,0.8039827255278311,0.6092581138009195,0.047379518562082286,0.03264776480545317,0.047379518562082286,0.03264776480545317,0.783761041046351,0.10904946167213056,0.9971726102600547,1.0,0.14285714285714285
3991,mul8_440,0.1000000014901161,vgg16,cifar,vgg16cifar,2,NO,NO,1.0,0.6321583277711258,0.7183261514570379,0.7183301343570058,0.6797488926925509,1.0,1.0,1.0,1.0,0.758202960480589,1.0,0.9850699160437314,1.0,1.0
3992,ReFAM_new2_sta2_j3_k1,0.7045999765396118,vgg16,cifar,vgg16cifar,0,YES,NO,0.06066227494443319,0.0009609138155045474,0.03228619403378292,0.03238963531669866,0.001264417966598126,0.004587446044660296,0.003641771860727687,0.004587446044660296,0.003641771860727687,0.033373366321625166,0.03420606342893654,0.6204323452571734,0.017804154302670624,0.2857142857142857
3993,ReFAM_sta3_j3_k2_const1,0.1673000007867813,resnet34,cifar,resnet34cifar,2,NO,YES,0.06239548279998842,0.002012585025348381,0.04675732743106776,0.04678502879078695,0.001314468117509426,1.0,1.0,1.0,1.0,0.041848237993096706,1.0,0.9067857353758687,0.026706231454005934,1.0
3994,ReFAM_new1_sta2_j3_k2,0.1092000007629394,resnet18,cifar,resnet18cifar,2,YES,YES,0.15598870699997106,0.004607928056454284,0.08302164180115608,0.08301343570057582,0.006063339843139978,1.0,1.0,1.0,1.0,0.0797513582660987,1.0,0.8113346053363036,0.04154302670623145,1.0
3995,mul8_403,0.1137999966740608,resnet18,mnist,resnet18mnist,2,NO,NO,0.6295877535304387,0.24123191022342239,0.3785405372464014,0.3785988483685221,0.2792475820833238,0.022811658147640235,0.012719862757527177,0.022811658147640235,0.012719862757527177,0.44631695970839175,0.06626538399527059,0.9650755769320837,0.701780415430267,0.2857142857142857
3996,ReFAM_new_sta2_j5_k3,0.1070000007748603,vgg16,cifar,vgg16cifar,2,NO,NO,0.27904646474439265,0.08626012661452628,0.23014002776952155,0.23008637236084453,0.07545605043687074,0.008428686805175375,0.0007796271485839408,0.008428686805175375,0.0007796271485839408,0.24797674764544964,0.01719782877411727,0.6335134771904889,0.22551928783382788,0.04444442857142857
3997,mul8_337,0.1006999984383583,resnet18,cifar,resnet18cifar,2,NO,NO,1.0,1.0,1.0,1.0,1.0,0.0876836378682017,0.061139274068793326,0.0876836378682017,0.061139274068793326,1.0,0.1569996058830906,1.0,1.0,1.0
3998,mul8_136,0.1085999980568885,resnet34,cifar,resnet34cifar,2,NO,NO,0.2741718176506436,0.2557517218811301,0.2908207745327328,0.2907869481765835,0.2586238473407822,0.013441632473119445,0.013899838982410978,0.013441632473119445,0.013899838982410978,0.3982235300652194,0.06733576969240966,0.31436460600827953,0.47477744807121663,0.5626374285714285
3999,mul8_281,0.1000000014901161,vgg16,cifar,vgg16cifar,2,NO,NO,0.03238932180068843,1.0,1.0,1.0,1.0,0.08036161144205527,0.045090192676772556,0.08036161144205527,0.045090192676772556,1.0,0.13680708574431366,1.0,1.0,0.42857142857142855
4000,mul8_042,0.8866999745368958,resnet18,mnist,resnet18mnist,2,NO,NO,0.045740436829804484,0.004565711869156498,0.05496445212550015,0.05494241842610365,0.0030181857074430304,0.005608283782050239,0.004526754029390539,0.005608283782050239,0.004526754029390539,0.054271554210798344,0.03818306133295116,0.9237510919609276,0.06231454005934718,1.0
4001,ReFAM_new1_sta1_j1_k5,0.1000000014901161,resnet34,cifar,resnet34cifar,2,NO,YES,0.3639736496665991,0.03147211678088299,0.20691991140579802,0.20681381957773515,0.03490076676641829,1.0,1.0,1.0,1.0,0.19570614806862896,1.0,0.9465575486317144,0.09347181008902077,1.0
4002,mul8_041,0.991599977016449,resnet18,mnist,resnet18mnist,0,NO,NO,0.0,0.0,0.0,0.0,0.0,0.0,0.0,0.0,0.0,0.0,0.0,0.0,0.0,0.0
4003,ReFAM_sta2_j2_k3_const1,0.149399995803833,resnet34,cifar,resnet34cifar,2,NO,YES,0.06239548279998842,0.002401090362520062,0.0502742164240334,0.050383877159309025,0.0014055781331259614,1.0,1.0,1.0,1.0,0.04443831696066123,1.0,0.9704198220689122,0.02225519287833828,1.0
4004,mul8_439,0.1000000014901161,vgg16,cifar,vgg16cifar,2,NO,NO,1.0,0.5732229065294372,0.7607429967592189,0.7607965451055663,0.5595320118063015,0.04487078723754081,0.03207357994602311,0.04487078723754081,0.03207357994602311,0.7457084545146896,0.1074789655028275,0.9958357853668072,0.8954005934718101,0.14285714285714285
4005,ReFAM_sta4_j5_k2_const1,0.1283999979496002,vgg16,cifar,vgg16cifar,2,NO,YES,0.2703804254666165,0.02278806715410287,0.17278879199865607,0.17274472168905952,0.01872430928684323,1.0,1.0,1.0,1.0,0.1557371472667285,1.0,0.8948540895845762,0.0830860534124629,1.0
4006,mul8_392,0.9611999988555908,vgg16,mnist,vgg16mnist,1,NO,NO,0.2609831873915701,1.0,1.0,1.0,1.0,0.043288940442700284,0.0256065376301793,0.043288940442700284,0.0256065376301793,1.0,0.09697589915384294,0.7989834836455306,1.0,0.19047614285714287
4007,mul8_395,0.097800001502037,resnet18,cifar,resnet18cifar,2,NO,NO,0.20435604218547498,1.0,1.0,1.0,1.0,0.078394917854181,0.04366614398870595,0.078394917854181,0.04366614398870595,1.0,0.13435430513008842,1.0,1.0,0.42857142857142855
4008,mul8_400,0.9914000034332277,resnet18,mnist,resnet18mnist,0,YES,NO,0.001733207855555234,0.0008144281965709627,0.000922462686679512,0.0009596928982725527,0.001071664937721527,5.691396235005881e-05,3.1606506023673276e-05,5.691396235005881e-05,3.1606506023673276e-05,0.021655499660876227,0.0031544281423359186,0.0009947280431856548,0.18991097922848665,0.07128928571428571
4009,mul8_383,0.1088000014424324,resnet34,cifar,resnet34cifar,2,NO,NO,0.9893096294095868,0.3884135020253229,0.630812009366081,0.6307581573896353,0.36252633376355514,0.039950891381057944,0.028602132034423,0.039950891381057944,0.028602132034423,0.610448052044359,0.10082376405534357,0.9953236582371017,0.8553412462908012,0.15178571428571427
4010,ReFAM_sta3_j2_k7_const1,0.1000000014901161,vgg16,cifar,vgg16cifar,2,NO,YES,0.23614957031940062,0.7987605545308639,0.7537749792932956,0.7538387715930902,0.371025663238513,1.0,1.0,1.0,1.0,0.6840991183155505,1.0,1.0,0.6706231454005934,1.0
4011,ReFAM_new2_sta3_j6_k1,0.1032000035047531,resnet18,mnist,resnet18mnist,2,NO,NO,0.3761061046554858,0.06726794767278935,0.2074964505849727,0.20753358925143955,0.08483974396580378,0.028419941929690478,0.041943589410415746,0.028419941929690478,0.041943589410415746,0.24548206656776617,0.11772973731510841,0.46408186703428506,0.142433234421365,0.2857142857142857
4012,mul8_291,0.1129999980330467,resnet34,mnist,resnet34mnist,2,NO,NO,0.6919155302987577,0.3868154552900415,0.5609884987647413,0.5609404990403071,0.28851123437267384,0.03848196911468976,0.027682031525733845,0.03848196911468976,0.027682031525733845,0.54360210743635,0.09896663740647188,0.9932568231013116,0.8427299703264095,0.15178571428571427
4013,ReFAM_new1_sta4_j2_k5,0.1000000014901161,resnet34,cifar,resnet34cifar,2,NO,YES,1.0,1.0,1.0,1.0,1.0,1.0,1.0,1.0,1.0,1.0,1.0,1.0,1.0,1.0
4014,ReFAM_sta1_j6_k2_const0,0.1000000014901161,vgg16,cifar,vgg16cifar,2,YES,NO,1.0,0.2616870048149186,0.619894925448632,0.6199616122840691,0.34434071523833504,0.030541116272514886,0.017334412636983477,0.030541116272514886,0.017334412636983477,0.5977859379249595,0.07834118581417986,0.8192893752456275,0.49851632047477745,0.14285714285714285
4015,ReFAM_new_sta3_j7_k1,0.1353999972343444,resnet34,cifar,resnet34cifar,2,NO,NO,0.14688936575830608,0.05567841749675184,0.15612680972050738,0.15619001919385797,0.05078040571731203,0.00753522793590223,0.0016277350602191736,0.00753522793590223,0.0016277350602191736,0.1879324354582398,0.023563414007870393,0.4305869200898411,0.18991097922848665,0.063492
4016,mul8_495,0.1534000039100647,vgg16,mnist,vgg16mnist,2,NO,NO,1.0,0.9572565038086261,0.9465782412630459,0.9464971209213051,0.7401164075121125,0.05540619404589613,0.0711058589682583,0.05540619404589613,0.0711058589682583,0.8976558974615771,0.15702946322471234,0.9989278929073956,1.0,1.0
4017,ReFAM_sta2_j2_k7_const1,0.1002999991178512,resnet34,cifar,resnet34cifar,2,NO,YES,0.4090370539110352,0.9788360125340738,0.8417237784225144,0.8416506717850288,0.4741285444609092,1.0,1.0,1.0,1.0,0.7671935470487344,1.0,1.0,0.7062314540059347,1.0
4018,ReFAM_new_sta3_j1_k8,0.100100003182888,vgg16,cifar,vgg16cifar,2,NO,NO,0.5801913296471145,0.2780475676254044,0.43344215490353566,0.43354126679462573,0.25197166655466635,0.018510588707185794,0.0044881238553616054,0.018510588707185794,0.0044881238553616054,0.4596376608834779,0.040715710336014524,0.6890685802369835,0.5133531157270029,0.06800742857142857
4019,ReFAM_new2_sta2_j6_k2,0.1049999967217445,resnet34,cifar,resnet34cifar,2,NO,NO,0.3275762846999392,0.2888879512393957,0.37918981814319686,0.3790786948176584,0.240542812251136,0.034992149486780595,0.05243519349327396,0.034992149486780595,0.05243519349327396,0.42725043999847223,0.13218815499543182,0.5709667697708563,0.3323442136498516,0.2857142857142857
4020,ReFAM_new2_sta2_j2_k5,0.1032000035047531,resnet18,mnist,resnet18mnist,2,NO,NO,0.35010798682215727,0.06878136702927165,0.23326775189408158,0.23320537428023033,0.0662632894766428,0.026871520795277767,0.040236838085137394,0.026871520795277767,0.040236838085137394,0.2413580500580355,0.11515454160023407,0.8727318266139131,0.18694362017804153,0.2857142857142857
4021,ReFAM_sta3_j4_k5_const1,0.1009000018239021,resnet34,mnist,resnet34mnist,2,NO,YES,0.25868127244161865,0.7940893351336203,0.7525043422901557,0.7523992322456814,0.37112330640852914,1.0,1.0,1.0,1.0,0.6833770698181078,1.0,1.0,0.6706231454005934,1.0
4022,mul8_483,0.1123000010848045,resnet18,cifar,resnet18cifar,2,NO,NO,1.0,0.5131080745420732,0.5665010915021291,0.5664587332053742,0.6312796628695232,0.03234158495447786,0.020946333908688806,0.03234158495447786,0.020946333908688806,0.6698487519538979,0.08579432471650454,0.978498805715461,0.973293768545994,0.42857142857142855
4023,ReFAM_sta3_j3_k3_const0,0.8037999868392944,vgg16,mnist,vgg16mnist,2,YES,NO,0.32151005720549586,0.009379657287341095,0.17111682837904946,0.17106525911708254,0.01234221738025474,0.017190726818401097,0.010437170655817441,0.017190726818401097,0.010437170655817441,0.1454459449236381,0.05927354102100165,0.9510312794625821,0.10682492581602374,0.14285714285714285
4024,ReFAM_sta3_j6_k1_const1,0.1000000014901161,resnet34,cifar,resnet34cifar,2,NO,YES,0.05372944352221225,0.03464623723027539,0.15399361475756101,0.15403071017274472,0.0174021112365196,1.0,1.0,1.0,1.0,0.14272518584337,1.0,0.7734280344296044,0.11869436201780416,1.0
4025,ReFAM_new1_sta3_j2_k3,0.1000000014901161,resnet34,cifar,resnet34cifar,2,NO,YES,0.18198682483329956,0.004521151249586019,0.09726215952677104,0.09716890595009597,0.005852708551806751,1.0,1.0,1.0,1.0,0.08746382641650943,1.0,0.9664429461869437,0.04451038575667656,1.0
4026,mul8_142,0.930899977684021,resnet34,cifar,resnet34cifar,0,NO,NO,0.0,0.0,0.0,0.0,0.0,0.0,0.0,0.0,0.0,0.0,0.0,0.0,0.0,0.0
4027,ReFAM_new1_sta3_j3_k5,0.0979999974370002,vgg16,mnist,vgg16mnist,2,NO,YES,0.9324658262887159,0.2659382722339694,0.5389398177668321,0.5388675623800384,0.29557351648626645,1.0,1.0,1.0,1.0,0.5343579566226753,1.0,0.9622481871921383,0.37388724035608306,1.0
4028,ReFAM_new_sta2_j1_k4,0.9882000088691713,vgg16,mnist,vgg16mnist,0,NO,NO,0.012132454988886637,0.0004959811988892569,0.01130016791182402,0.011276391554702494,0.0005467664933711526,0.0007272339633618626,4.389792503287955e-05,0.0007272339633618626,4.389792503287955e-05,0.017542960565965833,0.0037650107785003255,0.25055947089020525,0.011869436201780416,0.031746
4029,ReFAM_new_sta2_j2_k6,0.1058000028133392,vgg16,cifar,vgg16cifar,2,NO,NO,0.28511269223883595,0.08703454990701348,0.23268400643639853,0.23272552783109407,0.07621903001406873,0.008627433975286692,0.0008112336546076141,0.008627433975286692,0.0008112336546076141,0.24991938401884056,0.017562088341902392,0.653352040057912,0.2314540059347181,0.046083
4030,ReFAM_new2_sta1_j4_k5,0.101000003516674,resnet34,mnist,resnet34mnist,2,NO,NO,0.6551525693998784,0.990774590477161,0.6755309562389901,0.6756238003838771,0.8915984128187224,0.03272010797391714,0.039227185809381164,0.03272010797391714,0.039227185809381164,0.7971092041019446,0.11479625350077331,0.6313692630052802,0.7477744807121661,0.2857142857142857
4031,ReFAM_new1_sta2_j1_k4,0.8906000256538391,vgg16,mnist,vgg16mnist,2,YES,YES,0.18372003268885478,0.004951850813950526,0.09778104478802827,0.09788867562380038,0.006515890432676341,1.0,1.0,1.0,1.0,0.08941092652976798,1.0,0.9823514678602046,0.04599406528189911,1.0
4032,mul8_072,0.0212999992072582,resnet34,cifar100,resnet34cifar100,2,NO,NO,0.09803456932984292,0.019945277749471378,0.10869204783144668,0.10868522072936661,0.015052579484063506,0.010013243788699236,0.0053678382730205105,0.010013243788699236,0.0053678382730205105,0.11374876029370151,0.04209064091769525,0.9290332302291437,0.19881305637982197,0.1932772857142857
4033,ReFAM_new1_sta1_j3_k3,0.1040000021457672,vgg16,cifar,vgg16cifar,2,NO,YES,0.3379755318332706,0.030334464881665097,0.19348654853102762,0.1933781190019194,0.033661527340209066,1.0,1.0,1.0,1.0,0.18671982763391665,1.0,0.7894607698400902,0.08902077151335312,1.0
4034,ReFAM_new2_sta2_j4_k3,0.0935999974608421,resnet34,mnist,resnet34mnist,2,NO,NO,0.31544382971105256,0.06850113367131175,0.21723996271302506,0.21713051823416507,0.06673837921420196,0.024223666451658365,0.03440016997276573,0.024223666451658365,0.03440016997276573,0.23361356425137617,0.10637648316344506,0.7027096921331978,0.17804154302670624,0.2857142857142857
4035,ReFAM_sta1_j4_k5_const0,0.1134999990463256,resnet34,mnist,resnet34mnist,2,YES,NO,1.0,1.0,1.0,1.0,1.0,0.05885807103223859,0.03851077167284457,0.05885807103223859,0.03851077167284457,1.0,0.12076772182511958,0.9117573393010228,1.0,0.14285714285714285
4036,ReFAM_new_sta1_j5_k4,0.1134999990463256,resnet18,mnist,resnet18mnist,2,NO,NO,0.3691732732332648,0.25017753420120753,0.2666493703682964,0.2665547024952015,0.2891912149481882,0.006723074727129168,0.0012010472288995844,0.006723074727129168,0.0012010472288995844,0.40582400679913394,0.020294781533831355,0.38926141697329814,0.5459940652818991,0.05960485714285714
4037,ReFAM_new1_sta4_j1_k8,0.1000000014901161,resnet34,cifar,resnet34cifar,2,NO,YES,1.0,1.0,1.0,1.0,1.0,1.0,1.0,1.0,1.0,1.0,1.0,1.0,1.0,1.0
4038,mul8_222,0.101000003516674,vgg16,mnist,vgg16mnist,2,NO,NO,1.0,1.0,1.0,1.0,1.0,0.06420256311577746,0.04275306714802205,0.06420256311577746,0.04275306714802205,1.0,0.12798274842801097,1.0,1.0,0.2857142857142857
4039,mul8_119,0.5943999886512756,resnet18,mnist,resnet18mnist,2,NO,NO,0.060838306467074804,0.004952054072300207,0.059004281525693654,0.059021113243762004,0.003520884115012369,0.005902790952306099,0.002895507135168735,0.005902790952306099,0.002895507135168735,0.058420542218575455,0.030701557956085822,0.9050457249093342,0.07270029673590504,0.7142857142857143
4040,ReFAM_new_sta1_j1_k1,0.9919000267982484,resnet34,mnist,resnet34mnist,0,YES,NO,0.000866603927777617,2.9854406032659923e-06,0.000461231343339756,0.0004798464491362764,3.92839053416982e-06,4.788000007227169e-05,3.5118340026303635e-06,4.788000007227169e-05,3.5118340026303635e-06,0.0013534687288047642,0.0009210989890304128,0.06363408669304342,0.001483679525222552,0.031746
4041,mul8_228,0.121799997985363,resnet18,cifar,resnet18cifar,2,NO,NO,0.14114811473677935,0.018774387944870456,0.11635056182700627,0.11636276391554704,0.014986159857599959,0.011213857375417143,0.006131662168592615,0.011213857375417143,0.006131662168592615,0.11763212464957576,0.04507040361154404,0.9293743089338186,0.19881305637982197,0.21428571428571427
4042,ReFAM_new2_sta2_j1_k3,0.1098999977111816,resnet34,mnist,resnet34mnist,2,YES,NO,0.07452793778887505,0.0010373410949481568,0.03966589552721901,0.039587332053742805,0.0013649847642728734,0.005786252838922645,0.005473193293099422,0.005786252838922645,0.005473193293099422,0.037993678158708875,0.04194881854499203,0.7954260836630428,0.02225519287833828,0.2857142857142857
4043,mul8_326,0.1006999984383583,resnet18,cifar,resnet18cifar,2,NO,NO,0.3014156820965681,1.0,1.0,1.0,1.0,0.07507312992463867,0.03900067251621151,0.07507312992463867,0.03900067251621151,1.0,0.12736843362414385,1.0,1.0,0.42857142857142855
4044,ReFAM_new1_sta3_j2_k3,0.3576000034809112,vgg16,cifar,vgg16cifar,2,NO,YES,0.18198682483329956,0.004521151249586019,0.09726215952677104,0.09716890595009597,0.005852708551806751,1.0,1.0,1.0,1.0,0.08746382641650943,1.0,0.9664429461869437,0.04451038575667656,1.0
4045,mul8_416,0.1041999980807304,resnet34,cifar,resnet34cifar,2,NO,NO,0.826352546360693,0.21033863522533308,0.5037624817688164,0.5038387715930902,0.20248430489149358,0.032307255897822275,0.02316405708134988,0.032307255897822275,0.02316405708134988,0.4744488153574112,0.08979147632611383,0.996085230986644,0.7626112759643917,0.5089285714285714
4046,ReFAM_sta3_j3_k7_const0,0.1134999990463256,resnet18,mnist,resnet18mnist,2,YES,NO,1.0,1.0,1.0,1.0,1.0,0.1906238312311303,0.14598167173834029,0.1906238312311303,0.14598167173834029,1.0,0.26669921116903433,1.0,1.0,0.14285714285714285
4047,ReFAM_sta1_j1_k8_const0,0.0986000001430511,resnet18,cifar,resnet18cifar,2,YES,NO,1.0,1.0,1.0,1.0,1.0,0.06089974650701848,0.04122717527387915,0.06089974650701848,0.04122717527387915,1.0,0.1249552139875674,0.9187173811671612,1.0,0.14285714285714285
4048,ReFAM_new_sta3_j4_k5,0.1134999990463256,resnet18,mnist,resnet18mnist,2,NO,NO,0.5793247257193369,0.27787441207041497,0.4330917260882691,0.43306142034548945,0.25176723371466897,0.018468129084480193,0.004467052851345823,0.018468129084480193,0.004467052851345823,0.45936258189903567,0.04062613831114933,0.6865211804784876,0.5103857566765578,0.06800742857142857
4049,ReFAM_sta1_j7_k3_const0,0.1134999990463256,resnet18,mnist,resnet18mnist,2,YES,NO,1.0,1.0,1.0,1.0,1.0,0.08418839786292587,0.04392777562190191,0.08418839786292587,0.04392777562190191,1.0,0.13703101580647664,0.913745777242007,1.0,0.14285714285714285
4050,ReFAM_sta2_j2_k8_const0,0.1134999990463256,resnet18,mnist,resnet18mnist,2,YES,NO,1.0,1.0,1.0,1.0,1.0,0.17630319422838217,0.12217846086851168,0.17630319422838217,0.12217846086851168,1.0,0.24492425192430564,1.0,1.0,0.14285714285714285
4051,ReFAM_sta3_j3_k5_const0,0.1134999990463256,resnet34,mnist,resnet34mnist,2,YES,NO,1.0,0.1853743662904746,0.9040134329459217,0.9040307101727448,0.24392476776009978,0.0658467442503347,0.052120884350038546,0.0658467442503347,0.052120884350038546,0.739236816718535,0.13963681529651326,0.9980421064206284,0.5103857566765578,0.14285714285714285
4052,ReFAM_new1_sta3_j4_k5,0.1027999967336654,resnet18,mnist,resnet18mnist,2,NO,YES,1.0,1.0,0.9581612731331134,0.9580134357005758,1.0,1.0,1.0,1.0,1.0,0.9835984196130352,1.0,0.9223521601990677,0.7477744807121661,1.0
4053,mul8_344,0.9246000051498412,resnet18,cifar,resnet18cifar,0,NO,NO,0.0,0.0,0.0,0.0,0.0,0.0,0.0,0.0,0.0,0.0,0.0,0.0,0.0,0.0
4054,mul8_499,0.1134999990463256,resnet18,mnist,resnet18mnist,2,NO,NO,0.7732002749200435,0.4719808342929203,0.6457400975696901,0.6456333973128598,0.316201080628091,0.047836637053338314,0.03977854374779413,0.047836637053338314,0.03977854374779413,0.6022049239955709,0.11909645712784317,1.0,0.7054896142433235,0.42857142857142855
4055,ReFAM_sta4_j6_k4_const0,0.1134999990463256,resnet34,mnist,resnet34mnist,2,YES,NO,1.0,1.0,1.0,1.0,1.0,0.1570120711803956,0.12245413983771815,0.1570120711803956,0.12245413983771815,1.0,0.23597824594089442,1.0,1.0,0.14285714285714285
4056,ReFAM_new2_sta1_j5_k3,0.9876999855041504,vgg16,mnist,vgg16mnist,0,NO,NO,0.3119774139999421,0.2738007286067307,0.32562932839786773,0.32557581573896355,0.26368509593237854,0.017755349460762793,0.024591617603419123,0.017755349460762793,0.024591617603419123,0.4151421977661491,0.08954589969127509,0.49714104775305495,0.3560830860534125,0.2857142857142857
4057,mul8_207,0.0947000011801719,resnet34,mnist,resnet34mnist,2,NO,NO,0.24367819540838437,1.0,1.0,1.0,1.0,0.07358794652617048,0.0380981311775355,0.07358794652617048,0.0380981311775355,1.0,0.12564118641132668,1.0,1.0,1.0
4058,ReFAM_new_sta3_j3_k6,0.099600002169609,resnet18,cifar,resnet18cifar,2,NO,NO,0.5801913296471145,0.2780475676254044,0.43344215490353566,0.43354126679462573,0.25197166655466635,0.018510588707185794,0.0044881238553616054,0.018510588707185794,0.0044881238553616054,0.4596376608834779,0.040715710336014524,0.6890685802369835,0.5133531157270029,0.06800742857142857
4059,ReFAM_sta1_j5_k4_const0,0.1006999984383583,resnet34,cifar,resnet34cifar,2,YES,NO,1.0,1.0,1.0,1.0,1.0,0.05659867706656403,0.035873384336869166,0.05659867706656403,0.035873384336869166,1.0,0.11649065763780657,0.9033057144427995,1.0,0.14285714285714285
4060,mul8_057,0.1000000014901161,vgg16,cifar,vgg16cifar,2,NO,NO,1.0,1.0,1.0,1.0,1.0,0.07353735633741487,0.0565686221143699,0.07353735633741487,0.0565686221143699,1.0,0.14710936147089207,1.0,1.0,1.0
4061,ReFAM_sta1_j2_k6_const0,0.1000000014901161,resnet18,cifar,resnet18cifar,2,YES,NO,1.0,0.3010788984281456,0.701071641876429,0.7010556621880999,0.39617451887319444,0.03845035024671751,0.02569257756324374,0.03845035024671751,0.02569257756324374,0.6616039780871356,0.09571666577094642,0.8844140267853688,0.5637982195845698,0.14285714285714285
4062,ReFAM_new2_sta1_j4_k2,0.2669999897480011,resnet18,mnist,resnet18mnist,2,NO,NO,0.07279472993331983,0.01602106845336662,0.07656440299439948,0.07653550863723609,0.015712514565870167,0.006680615104423569,0.006507428406874064,0.006680615104423569,0.006507428406874064,0.10012009896487549,0.045775783307357445,0.4295300851780431,0.0830860534124629,0.2857142857142857
4063,mul8_451,0.0082000000402331,resnet34,cifar100,resnet34cifar100,2,NO,NO,0.39013425920280165,1.0,1.0,1.0,1.0,0.07579855709554499,0.039393997924506104,0.07579855709554499,0.039393997924506104,1.0,0.12814994954109266,1.0,1.0,0.42857142857142855
4064,ReFAM_new2_sta2_j1_k5,0.973699986934662,vgg16,mnist,vgg16mnist,0,YES,NO,0.24438230763328797,0.014450328637301607,0.13006723882181118,0.1300383877159309,0.01901445775619104,0.016469816628633685,0.021529298353125444,0.016469816628633685,0.021529298353125444,0.1319753470868368,0.08376477191976735,0.8670149402654102,0.09347181008902077,0.2857142857142857
4065,mul8_151,0.101000003516674,vgg16,mnist,vgg16mnist,2,NO,NO,1.0,1.0,1.0,1.0,1.0,0.08872073673769168,0.05409102322551418,0.08872073673769168,0.05409102322551418,1.0,0.1501242065411464,1.0,1.0,0.8660714285714286
4066,ReFAM_sta1_j4_k1_const1,0.9828000068664552,vgg16,mnist,vgg16mnist,0,NO,YES,0.041596988533325614,0.003311848775889741,0.051657910454052665,0.051583493282149714,0.0016761132945791232,1.0,1.0,1.0,1.0,0.046571914236999225,1.0,0.8033808535723667,0.03560830860534125,1.0
4067,mul8_117,0.1067999973893165,resnet34,cifar,resnet34cifar,2,NO,NO,0.32990528622225723,1.0,1.0,1.0,1.0,0.07343707935613143,0.03612974821906118,0.07343707935613143,0.03612974821906118,1.0,0.12306972286415506,1.0,1.0,0.42857142857142855
4068,ReFAM_new2_sta1_j3_k2,0.7814000248908997,resnet18,mnist,resnet18mnist,2,NO,NO,0.03639736496665991,0.004005267113341655,0.03828220149719974,0.038387715930902115,0.003928128641467542,0.004094191704293119,0.0034907629986145818,0.004094191704293119,0.0034907629986145818,0.050060049482437745,0.03345216555298783,0.4295300851780431,0.04154302670623145,0.2857142857142857
4069,ReFAM_new_sta2_j4_k4,0.0122999995946884,resnet34,cifar100,resnet34cifar100,2,NO,NO,0.28511269223883595,0.08703454990701348,0.23268400643639853,0.23272552783109407,0.07621903001406873,0.008627433975286692,0.0008112336546076141,0.008627433975286692,0.0008112336546076141,0.24991938401884056,0.017562088341902392,0.653352040057912,0.2314540059347181,0.046083
4070,mul8_439,0.1134999990463256,resnet34,mnist,resnet34mnist,2,NO,NO,1.0,0.5732229065294372,0.7607429967592189,0.7607965451055663,0.5595320118063015,0.04487078723754081,0.03207357994602311,0.04487078723754081,0.03207357994602311,0.7457084545146896,0.1074789655028275,0.9958357853668072,0.8954005934718101,0.14285714285714285
4071,ReFAM_new_sta3_j5_k2,0.246299996972084,resnet34,cifar100,resnet34cifar100,2,NO,NO,0.04278856893401984,0.011526608908873207,0.06651820871974311,0.06645873320537428,0.010358629515873815,0.004161043025148744,0.0008147454886102444,0.004161043025148744,0.0008147454886102444,0.08312546106419796,0.016446170198790182,0.4267953466683228,0.0830860534124629,0.06762471428571429
4072,mul8_038,0.1017000004649162,resnet18,cifar,resnet18cifar,2,NO,NO,0.7394839675881535,0.11993654890072097,0.4034258574231635,0.4033109404990403,0.14815256163939206,0.025379110226987335,0.012918281378675792,0.025379110226987335,0.012918281378675792,0.39033400654958134,0.06736861276819357,0.975205105388229,0.4873887240356083,0.14285714285714285
4073,ReFAM_sta3_j3_k7_const0,0.1000000014901161,vgg16,cifar,vgg16cifar,2,YES,NO,1.0,1.0,1.0,1.0,1.0,0.1906238312311303,0.14598167173834029,0.1906238312311303,0.14598167173834029,1.0,0.26669921116903433,1.0,1.0,0.14285714285714285
4074,ReFAM_new2_sta3_j3_k4,0.1037999987602233,resnet34,mnist,resnet34mnist,2,NO,NO,0.5199623566665702,0.07654192036277482,0.2840320284653388,0.2840690978886756,0.09568275146810319,0.03945312005955188,0.06985915789732451,0.03945312005955188,0.06985915789732451,0.2919730406678454,0.15241127890937103,0.8554559356857923,0.18397626112759644,0.2857142857142857
4075,ReFAM_sta1_j7_k2_const1,0.1009000018239021,resnet34,mnist,resnet34mnist,2,NO,YES,0.7764771192887447,0.9684864851094184,0.9178503732461144,0.9177063339731286,0.4475128215153439,1.0,1.0,1.0,1.0,0.8056311575366164,1.0,0.9187173811671612,0.6646884272997032,1.0
4076,ReFAM_sta1_j4_k4_const1,0.1009000018239021,resnet34,mnist,resnet34mnist,2,NO,YES,0.429835548177698,0.29434692889715436,0.508507556032081,0.5083973128598848,0.13341383871087192,1.0,1.0,1.0,1.0,0.44439966297654154,1.0,0.9912999476673271,0.36795252225519287,1.0
4077,ReFAM_new1_sta1_j6_k1,0.1472000032663345,vgg16,cifar,vgg16cifar,2,NO,YES,0.540760850933233,0.09369984459786514,0.309947462724316,0.30998080614203455,0.10700307272593122,1.0,1.0,1.0,1.0,0.31381800429525464,1.0,0.6124785934932364,0.142433234421365,1.0
4078,ReFAM_sta1_j3_k3_const0,0.1070000007748603,resnet34,cifar,resnet34cifar,2,YES,NO,0.3119774139999421,0.01774386671082465,0.16604328360231216,0.16602687140115163,0.023348258193487185,0.013533778888352872,0.006609271592950345,0.013533778888352872,0.006609271592950345,0.15825748199069772,0.04713877095238948,0.8550832944741178,0.13353115727002968,0.14285714285714285
4079,ReFAM_sta3_j6_k1_const0,0.100100003182888,resnet34,cifar,resnet34cifar,2,YES,NO,0.6118223730109975,0.03464623723027539,0.32562932839786773,0.32557581573896355,0.04558923404174304,0.026439697398399544,0.014567087442910747,0.026439697398399544,0.014567087442910747,0.27748419582311484,0.07141055039023546,0.9285353571348575,0.18991097922848665,0.14285714285714285
4080,mul8_224,0.1000000014901161,vgg16,cifar,vgg16cifar,2,NO,NO,1.0,1.0,1.0,1.0,1.0,0.08940912466325905,0.06573450886123515,0.08940912466325905,0.06573450886123515,1.0,0.16222016206565032,1.0,1.0,0.8660714285714286
4081,ReFAM_sta1_j4_k1_const1,0.6496000289916992,vgg16,cifar,vgg16cifar,2,NO,YES,0.041596988533325614,0.003311848775889741,0.051657910454052665,0.051583493282149714,0.0016761132945791232,1.0,1.0,1.0,1.0,0.046571914236999225,1.0,0.8033808535723667,0.03560830860534125,1.0
4082,mul8_146,0.0103000001981854,resnet34,cifar100,resnet34cifar100,2,NO,NO,0.8005253782845736,0.4558731851450844,0.6410815023383765,0.6410748560460653,0.31738179777084674,0.04745992082635459,0.040245617670143966,0.04745992082635459,0.040245617670143966,0.5999504917380628,0.1196144820049802,1.0,0.701780415430267,0.42857142857142855
4083,mul8_369,0.1155000030994415,vgg16,mnist,vgg16mnist,2,NO,NO,0.8154742960387376,0.49852379913637174,0.6567381441922236,0.6566698656429942,0.3569129749947487,0.04546070497428031,0.03391904871440537,0.04546070497428031,0.03391904871440537,0.6230235766483647,0.110333327361865,1.0,0.7640949554896143,0.2857142857142857
4084,ReFAM_sta1_j1_k9_const1,0.1000000014901161,resnet18,cifar,resnet18cifar,2,NO,YES,1.0,1.0,1.0,1.0,1.0,1.0,1.0,1.0,1.0,1.0,1.0,1.0,1.0,1.0
4085,ReFAM_new2_sta1_j3_k5,0.0146000003442168,resnet34,cifar100,resnet34cifar100,2,NO,NO,0.3275762846999392,0.28763963900848344,0.33975453828764773,0.3397312859884837,0.2738034800676354,0.01965248153909808,0.028782991485558462,0.01965248153909808,0.028782991485558462,0.42640924294189536,0.0969370846097347,0.5722099252884915,0.37388724035608306,0.2857142857142857
4086,ReFAM_new1_sta1_j2_k4,0.1000000014901161,resnet34,cifar,resnet34cifar,2,NO,YES,0.3535744025332677,0.031195067892899907,0.20161575095739082,0.2015355086372361,0.0346017180516706,1.0,1.0,1.0,1.0,0.19236404939209098,1.0,0.8650254841790388,0.09198813056379822,1.0
4087,ReFAM_sta1_j3_k5_const0,0.6158999800682068,vgg16,mnist,vgg16mnist,2,YES,NO,1.0,0.29940386722033985,0.697381791129711,0.6974568138195777,0.39397042989082287,0.03791644307610029,0.024946312837684788,0.03791644307610029,0.024946312837684788,0.6587709244133759,0.09432307435075211,0.8819287338954853,0.5608308605341247,0.14285714285714285
4088,ReFAM_sta3_j2_k2_const0,0.989199995994568,vgg16,mnist,vgg16mnist,0,YES,NO,0.05372944352221225,0.00041318497949201336,0.028596343287064868,0.028550863723608447,0.0005436892499291031,0.0037499977415094304,0.0016663652342481076,0.0037499977415094304,0.0016663652342481076,0.0260344907305515,0.023204379474869075,0.8192893752456275,0.017804154302670624,0.14285714285714285
4089,mul8_340,0.9819999933242798,resnet18,mnist,resnet18mnist,0,NO,NO,0.018036197713287364,0.0010247703742389115,0.01814657158698621,0.018234165067178506,0.0010564933132963838,0.001783304153635176,0.00044249108433142584,0.001783304153635176,0.00044249108433142584,0.02528035419648623,0.011941443781611459,0.5244843602687089,0.03560830860534125,0.14285714285714285
4090,mul8_003,0.101000003516674,vgg16,mnist,vgg16mnist,2,NO,NO,1.0,1.0,1.0,1.0,1.0,0.09031794126840442,0.05873015594298889,0.09031794126840442,0.05873015594298889,1.0,0.1555769035548151,1.0,1.0,1.0
4091,mul8_094,0.1136000007390976,resnet18,mnist,resnet18mnist,2,NO,NO,0.30591118650549876,0.06765705009808168,0.21680350502759876,0.21689059500959693,0.06379536229376997,0.016201507948983406,0.010456485742831909,0.016201507948983406,0.010456485742831909,0.23062249310352867,0.059136197249541694,0.9520260075057678,0.3353115727002967,1.0
4092,ReFAM_new2_sta3_j1_k5,0.1032000035047531,resnet18,mnist,resnet18mnist,2,NO,NO,0.29551193937216735,0.019210116105775353,0.15890861033756262,0.1588291746641075,0.024643636537089526,0.022650853619095628,0.034623171431932755,0.022650853619095628,0.034623171431932755,0.15608962842083365,0.10647351952371568,0.9545113003956514,0.09347181008902077,0.2857142857142857
4093,mul8_007,0.120899997651577,vgg16,cifar,vgg16cifar,2,NO,NO,0.18783640134579846,0.18186417230530152,0.25994710333285326,0.2598368522072937,0.16842269530835408,0.010930190959894627,0.004112357617080156,0.010930190959894627,0.004112357617080156,0.33165784010607147,0.03723434430292064,0.6367919053369144,0.4807121661721068,0.14285714285714285
4094,mul8_359,0.3614000082015991,vgg16,mnist,vgg16mnist,2,NO,NO,0.3915086375696056,0.1830231101317097,0.361614605184937,0.3615642994241843,0.13330082781117517,0.026751369096983196,0.016765495528557356,0.026751369096983196,0.016765495528557356,0.358681602786006,0.07621459665717203,0.9904294333613664,0.5682492581602374,0.2857142857142857
4095,ReFAM_new1_sta2_j6_k2,0.1000000014901161,resnet34,cifar,resnet34cifar,2,NO,YES,0.5320948116554568,0.31240207754821286,0.437535583075676,0.4376199616122841,0.27413215540899427,1.0,1.0,1.0,1.0,0.4720948598373365,1.0,0.6375840224480696,0.3323442136498516,1.0
4096,ReFAM_new1_sta4_j4_k2,0.1009000018239021,resnet34,mnist,resnet34mnist,2,NO,YES,1.0,1.0,1.0,1.0,1.0,1.0,1.0,1.0,1.0,1.0,1.0,1.0,1.0,1.0
4097,mul8_212,0.6798999905586243,vgg16,mnist,vgg16mnist,2,NO,NO,0.8767865239290039,0.35858981667643236,0.5890226047341258,0.5890115163147793,0.3128137805972316,0.039414274021757394,0.028672368714475604,0.039414274021757394,0.028672368714475604,0.5687519547641299,0.10078942811247858,0.9957736784981948,0.7574183976261127,0.15178571428571427
4098,mul8_396,0.0998999997973442,resnet18,cifar,resnet18cifar,2,NO,NO,0.9008347829248328,0.4887488197589993,0.6786707314160889,0.678742802303263,0.3590833812904252,0.04560344157826934,0.034057766157509266,0.04560344157826934,0.034057766157509266,0.6362942454984218,0.11057442539546049,0.9945773576683656,0.7796735905044511,0.14732142857142858
4099,mul8_314,0.7005000114440918,resnet34,cifar100,resnet34cifar100,0,NO,NO,0.0,0.0,0.0,0.0,0.0,0.0,0.0,0.0,0.0,0.0,0.0,0.0,0.0,0.0
4100,mul8_363,0.1120000034570694,vgg16,cifar,vgg16cifar,2,NO,NO,0.2035435975367678,1.0,1.0,1.0,1.0,0.046160837050808805,0.02557317520715431,0.046160837050808805,0.02557317520715431,1.0,0.09782160835527848,0.8983962173862579,1.0,0.14285714285714285
4101,mul8_022,0.1030000001192092,vgg16,mnist,vgg16mnist,2,NO,NO,1.0,0.8930129544238657,0.8664674452291101,0.8663627639155471,0.7641286192857913,0.05266167630590441,0.03848443291782484,0.05266167630590441,0.03848443291782484,0.8591355304817413,0.11876280133522031,1.0,1.0,0.14285714285714285
4102,mul8_110,0.100500002503395,resnet34,cifar,resnet34cifar,2,NO,NO,1.0,0.3549409738618704,0.6995351437472866,0.6996161228406911,0.42401948808989537,1.0,1.0,1.0,1.0,0.6698766117542115,1.0,0.9988657860387833,0.6862017804154302,1.0
4103,mul8_027,0.9914000034332277,resnet18,mnist,resnet18mnist,0,NO,NO,0.0,0.0,0.0,0.0,0.0,0.0,0.0,0.0,0.0,0.0,0.0,0.0,0.0,0.0
4104,ReFAM_new1_sta2_j3_k2,0.100100003182888,resnet34,cifar,resnet34cifar,2,YES,YES,0.15598870699997106,0.004607928056454284,0.08302164180115608,0.08301343570057582,0.006063339843139978,1.0,1.0,1.0,1.0,0.0797513582660987,1.0,0.8113346053363036,0.04154302670623145,1.0
4105,mul8_015,0.0071999998763203,resnet34,cifar100,resnet34cifar100,2,NO,NO,0.35097459074993487,0.028114292219702953,0.1954017397321564,0.1952975047984645,0.03294628308413464,0.016366829458666913,0.008614528808452282,0.016366829458666913,0.008614528808452282,0.1869557534749721,0.05400446665830661,0.9386648855910028,0.22551928783382788,0.14285714285714285
4106,mul8_423,0.1746000051498413,vgg16,mnist,vgg16mnist,2,NO,NO,1.0,0.6571910108781495,0.9360091065811618,0.9359404990403072,0.7496314381947604,0.05139692158701421,0.03823860453764072,0.05139692158701421,0.03823860453764072,0.8940006737946302,0.11805518233878527,0.9962094447238687,0.9310089020771514,0.14285714285714285
4107,ReFAM_new_sta2_j5_k2,0.9883999824523926,vgg16,mnist,vgg16mnist,0,NO,NO,0.05156293370276821,0.016364145339209744,0.08371348881616571,0.08373320537428024,0.013832583279933483,0.0037644520811538893,0.00029850589022358096,0.0037644520811538893,0.00029850589022358096,0.09909017964262896,0.010217928736497017,0.4859557025304986,0.0830860534124629,0.040816285714285715
4108,ReFAM_sta3_j5_k1_const1,0.1287000030279159,resnet18,mnist,resnet18mnist,2,NO,YES,0.05979567101665557,0.00817274316612743,0.07835167444984105,0.07845489443378119,0.004443398435102478,1.0,1.0,1.0,1.0,0.0724327089117083,1.0,0.7745459580646278,0.05934718100890208,1.0
4109,mul8_168,0.9890999794006348,vgg16,mnist,vgg16mnist,0,NO,NO,0.0,0.0,0.0,0.0,0.0,0.0,0.0,0.0,0.0,0.0,0.0,0.0,0.0,0.0
4110,mul8_381,0.1000000014901161,vgg16,cifar,vgg16cifar,2,NO,NO,1.0,0.25694102538659463,0.5824002856948117,0.5822936660268714,0.3034038662871408,0.03778635401930016,0.026537173640876342,0.03778635401930016,0.026537173640876342,0.5614178190205446,0.0969303667078698,0.9925115406779627,0.5593471810089021,1.0
4111,ReFAM_new2_sta2_j7_k1,0.0121999997645616,resnet34,cifar100,resnet34cifar100,2,NO,NO,0.21838418979995947,0.2690208391715283,0.3323171828762942,0.3322936660268714,0.2346683666218013,0.028827373628418675,0.03863368586293663,0.028827373628418675,0.03863368586293663,0.4025244205753677,0.11325262893892979,0.43549539900099576,0.28486646884273,0.2857142857142857
4112,ReFAM_new1_sta1_j4_k5,0.1027999967336654,resnet18,mnist,resnet18mnist,2,NO,YES,1.0,1.0,1.0,1.0,1.0,1.0,1.0,1.0,1.0,1.0,1.0,0.8869003378206395,0.7477744807121661,1.0
4113,ReFAM_sta3_j2_k8_const1,0.1000000014901161,resnet18,cifar,resnet18cifar,2,NO,YES,0.4857315015193543,1.0,1.0,1.0,1.0,1.0,1.0,1.0,1.0,1.0,1.0,1.0,1.0,1.0
4114,ReFAM_sta1_j2_k6_const0,0.1000000014901161,vgg16,cifar,vgg16cifar,2,YES,NO,1.0,0.3010788984281456,0.701071641876429,0.7010556621880999,0.39617451887319444,0.03845035024671751,0.02569257756324374,0.03845035024671751,0.02569257756324374,0.6616039780871356,0.09571666577094642,0.8844140267853688,0.5637982195845698,0.14285714285714285
4115,ReFAM_sta1_j4_k3_const0,0.1134999990463256,resnet18,mnist,resnet18mnist,2,YES,NO,0.6239548279998842,0.0709754668432986,0.3320865672046243,0.33205374280230326,0.09339303277394874,0.021915489089683753,0.011896337683910357,0.021915489089683753,0.011896337683910357,0.31651496398139545,0.06405146211401921,0.8550832944741178,0.26706231454005935,0.14285714285714285
4116,ReFAM_sta4_j3_k6_const1,0.1009000018239021,resnet34,mnist,resnet34mnist,2,NO,YES,0.8733201082178935,0.4362357529742949,0.6742945499812275,0.6741842610364683,0.28025000802117006,1.0,1.0,1.0,1.0,0.6059868106800343,1.0,1.0,0.47774480712166173,1.0
4117,mul8_192,0.989400029182434,vgg16,mnist,vgg16mnist,0,NO,NO,0.055462651377767486,0.001630448628130334,0.036206660452170844,0.036228406909788874,0.0016042892251696681,0.003929773590837394,0.0014942853681192197,0.003929773590837394,0.0014942853681192197,0.037508424429245416,0.02201381797770254,0.7556552885525841,0.037091988130563795,0.2857142857142857
4118,mul8_406,0.1134999990463256,resnet18,mnist,resnet18mnist,2,NO,NO,0.553814076061799,0.10864468582019209,0.33999168499513927,0.33997120921305185,0.10761154338595087,0.024879532113025706,0.014992019357229023,0.024879532113025706,0.014992019357229023,0.3305404894108816,0.07196888267856183,0.9769451158547636,0.39243323442136496,0.14285714285714285
4119,ReFAM_new1_sta1_j6_k1,0.1000000014901161,resnet18,cifar,resnet18cifar,2,NO,YES,0.540760850933233,0.09369984459786514,0.309947462724316,0.30998080614203455,0.10700307272593122,1.0,1.0,1.0,1.0,0.31381800429525464,1.0,0.6124785934932364,0.142433234421365,1.0
4120,ReFAM_new2_sta1_j7_k1,0.1405999958515167,resnet34,mnist,resnet34mnist,2,NO,NO,0.24958193119995367,0.2247981046034698,0.26566925376369943,0.265595009596929,0.23063318933408733,0.012531009075518504,0.015272966077439451,0.012531009075518504,0.015272966077439451,0.372575303068244,0.07037972567074517,0.3261252033745411,0.28486646884273,0.2857142857142857
4121,mul8_203,0.101400002837181,vgg16,cifar,vgg16cifar,2,NO,NO,0.76469672041231,0.34451610585178205,0.5506354528121371,0.5506238003838773,0.28398939904809745,0.037852301943928,0.02804023859400214,0.037852301943928,0.02804023859400214,0.5360340652270525,0.09937642942023014,0.9965820859355433,0.7136498516320475,0.15178571428571427
4122,ReFAM_sta2_j6_k3_const1,0.0979999974370002,vgg16,mnist,vgg16mnist,2,NO,YES,0.47143253671102364,0.9494306167681451,0.8319820706314773,0.8320537428023034,0.474665881895136,1.0,1.0,1.0,1.0,0.7616073295464018,1.0,0.9680271804092537,0.6884272997032641,1.0
4123,ReFAM_new_sta2_j2_k6,0.1022000014781951,resnet34,cifar,resnet34cifar,2,NO,NO,0.28511269223883595,0.08703454990701348,0.23268400643639853,0.23272552783109407,0.07621903001406873,0.008627433975286692,0.0008112336546076141,0.008627433975286692,0.0008112336546076141,0.24991938401884056,0.017562088341902392,0.653352040057912,0.2314540059347181,0.046083
4124,mul8_004,0.1134999990463256,resnet18,mnist,resnet18mnist,2,NO,NO,1.0,1.0,1.0,1.0,1.0,0.08819496013312446,0.04488826222162131,0.08819496013312446,0.04488826222162131,1.0,0.13983462018475723,1.0,1.0,0.36160714285714285
4125,mul8_059,0.095100000500679,resnet18,cifar,resnet18cifar,2,NO,NO,0.2878749957250428,1.0,1.0,1.0,1.0,0.07492135935837187,0.03914465771031935,0.07492135935837187,0.03914465771031935,1.0,0.12748637012354969,1.0,1.0,0.42857142857142855
4126,mul8_304,0.0102000003680586,resnet34,cifar100,resnet34cifar100,2,NO,NO,1.0,0.47547480494484495,0.7190157476630922,0.7190499040307102,0.46094612985231526,0.042805623460838674,0.02913944263682544,0.042805623460838674,0.02913944263682544,0.6926402910061713,0.10245472134143063,0.9959294547424195,0.836053412462908,0.30357142857142855
4127,ReFAM_sta4_j1_k3_const0,0.6836000084877014,vgg16,cifar,vgg16cifar,1,YES,NO,0.046796612099991315,0.00030809747025705044,0.02490649254034682,0.02495201535508637,0.00040540990312632543,0.0034952400052758337,0.0016821684872599441,0.0034952400052758337,0.0016821684872599441,0.022607386097032243,0.02328275499662612,0.8272431270095645,0.012611275964391691,0.14285714285714285
4128,ReFAM_sta1_j6_k1_const1,0.7031999826431274,vgg16,mnist,vgg16mnist,2,NO,YES,0.16638795413330246,0.052989580414235855,0.20663164181621066,0.206573896353167,0.02681781271326597,1.0,1.0,1.0,1.0,0.186287651534122,1.0,0.8033808535723667,0.142433234421365,1.0
4129,ReFAM_new2_sta2_j3_k6,0.1037999987602233,resnet18,mnist,resnet18mnist,2,NO,NO,0.8856692141887245,1.0,0.8444172993604545,0.8442898272552783,0.9482829405222618,0.06970695633163312,0.12091068879356212,0.06970695633163312,0.12091068879356212,0.8934862067961243,0.2041645020093991,0.8923840688754991,0.7537091988130564,0.2857142857142857
4130,mul8_061,0.1019999980926513,resnet18,cifar,resnet18cifar,2,NO,NO,1.0,1.0,1.0,1.0,1.0,0.08982649372049283,0.05875298286400598,0.08982649372049283,0.05875298286400598,1.0,0.15540597027403066,1.0,1.0,1.0
4131,ReFAM_new1_sta4_j3_k3,0.1032000035047531,resnet18,mnist,resnet18mnist,2,NO,YES,1.0,1.0,1.0,1.0,1.0,1.0,1.0,1.0,1.0,1.0,1.0,1.0,1.0,1.0
4132,ReFAM_new_sta1_j1_k1,0.929199993610382,resnet34,cifar,resnet34cifar,0,YES,NO,0.000866603927777617,2.9854406032659923e-06,0.000461231343339756,0.0004798464491362764,3.92839053416982e-06,4.788000007227169e-05,3.5118340026303635e-06,4.788000007227169e-05,3.5118340026303635e-06,0.0013534687288047642,0.0009210989890304128,0.06363408669304342,0.001483679525222552,0.031746
4133,mul8_235,0.991699993610382,resnet34,mnist,resnet34mnist,0,NO,NO,0.0,0.0,0.0,0.0,0.0,0.0,0.0,0.0,0.0,0.0,0.0,0.0,0.0,0.0
4134,ReFAM_sta1_j3_k6_const0,0.098700001835823,resnet18,cifar,resnet18cifar,2,YES,NO,1.0,1.0,1.0,1.0,1.0,0.06020503480785665,0.04018591649209925,0.06020503480785665,0.04018591649209925,1.0,0.12339292858721032,0.9167289432261769,1.0,0.14285714285714285
4135,ReFAM_new_sta3_j3_k1,0.9225000143051147,resnet18,cifar,resnet18cifar,0,NO,NO,0.003466415711110468,6.050492955952411e-05,0.0025367723883686576,0.00263915547024952,7.588341467533027e-05,0.00024120679281691587,3.687425702761882e-05,0.00024120679281691587,3.687425702761882e-05,0.006052896226962023,0.003419412049228785,0.1034058999488891,0.005934718100890208,0.063492
4136,mul8_484,0.9915000200271606,resnet18,mnist,resnet18mnist,0,NO,NO,0.0,0.0,0.0,0.0,0.0,0.0,0.0,0.0,0.0,0.0,0.0,0.0,0.0,0.0
4137,ReFAM_new2_sta3_j3_k6,0.0957999974489212,resnet18,mnist,resnet18mnist,2,NO,NO,1.0,1.0,0.949292477023078,0.9491362763915548,1.0,0.11354335488836731,0.24795479567271816,0.11354335488836731,0.24795479567271816,1.0,0.295768318971952,0.9201305669644403,0.7537091988130564,0.2857142857142857
4138,ReFAM_sta1_j1_k4_const0,0.340499997138977,vgg16,cifar,vgg16cifar,2,YES,NO,0.1542554991444158,0.004396956920490153,0.08209917911447656,0.08205374280230326,0.00578573357872531,0.008070038502747227,0.0037102526237789792,0.008070038502747227,0.0037102526237789792,0.0784661747415996,0.03495697557072308,0.8431516486828253,0.06602373887240356,0.14285714285714285
4139,ReFAM_sta2_j1_k7_const1,0.1001999974250793,resnet34,cifar,resnet34cifar,2,NO,YES,0.18198682483329956,0.24609185922095125,0.42315588417989486,0.42322456813819576,0.1149312779262871,1.0,1.0,1.0,1.0,0.3829024995587083,1.0,1.0,0.3264094955489614,1.0
4140,ReFAM_sta4_j2_k6_const1,0.0966000035405159,resnet18,mnist,resnet18mnist,2,NO,YES,0.5442272666443434,0.10086171757572669,0.35955775692379094,0.3596449136276392,0.07684910151712776,1.0,1.0,1.0,1.0,0.3212086717207048,1.0,1.0,0.1913946587537092,1.0
4141,ReFAM_sta2_j4_k2_const0,0.8321999907493591,vgg16,mnist,vgg16mnist,2,YES,NO,0.3223766611332735,0.009626652739917968,0.1715780597223892,0.17154510556621883,0.012667226223781722,0.015880802288121967,0.008131651633090606,0.015880802288121967,0.008131651633090606,0.1462247416579422,0.052464574264165814,0.9376080506792048,0.0830860534124629,0.14285714285714285
4142,mul8_344,0.9890999794006348,vgg16,mnist,vgg16mnist,0,NO,NO,0.0,0.0,0.0,0.0,0.0,0.0,0.0,0.0,0.0,0.0,0.0,0.0,0.0,0.0
4143,ReFAM_sta2_j4_k1_const0,0.3944999873638153,vgg16,cifar,vgg16cifar,2,YES,NO,0.1282573813110873,0.002136779354444246,0.06826223881428388,0.06837811900191938,0.002811680051656479,0.007073592463507309,0.0028322941231213885,0.007073592463507309,0.0028322941231213885,0.061131255853938346,0.030544060479031188,0.839174772800857,0.03560830860534125,0.14285714285714285
4144,ReFAM_new_sta1_j6_k3,0.0982000008225441,resnet18,cifar,resnet18cifar,2,NO,NO,0.35010798682215727,0.24306103992051564,0.2575977052552537,0.25767754318618047,0.28088666693441605,0.006136770575300786,0.0010675975367996306,0.006136770575300786,0.0010675975367996306,0.39813151584716033,0.01908929136585395,0.3499874768117388,0.5222551928783383,0.05793285714285714
4145,ReFAM_new1_sta1_j6_k1,0.1000000014901161,resnet34,cifar,resnet34cifar,2,NO,YES,0.540760850933233,0.09369984459786514,0.309947462724316,0.30998080614203455,0.10700307272593122,1.0,1.0,1.0,1.0,0.31381800429525464,1.0,0.6124785934932364,0.142433234421365,1.0
4146,ReFAM_new2_sta3_j3_k2,0.1272999942302703,resnet18,cifar,resnet18cifar,2,NO,NO,0.1438562520110844,0.004858705067128627,0.07702563433773925,0.07701535508637236,0.006306114378151673,0.011048535865733638,0.01270054767051271,0.011048535865733638,0.01270054767051271,0.07713584491418249,0.06413506267056006,0.7238382452060624,0.04154302670623145,0.2857142857142857
4147,ReFAM_new1_sta1_j2_k3,0.1009000018239021,resnet34,mnist,resnet34mnist,2,NO,YES,0.17332078555552338,0.00750261126538099,0.09858819963887283,0.0986084452975048,0.008382383346184673,1.0,1.0,1.0,1.0,0.09431647648757237,1.0,0.8192893752456275,0.04451038575667656,1.0
4148,ReFAM_new1_sta2_j7_k2,0.1002999991178512,resnet34,cifar,resnet34cifar,2,NO,YES,1.0,1.0,0.874350494022309,0.8742802303262956,1.0,1.0,1.0,1.0,1.0,0.9491435289134716,1.0,0.6231049768982811,0.6646884272997032,1.0
4149,mul8_191,0.1134999990463256,resnet18,mnist,resnet18mnist,2,NO,NO,1.0,0.9725755884773138,0.9154185475926839,0.9153071017274472,0.8526660784924649,0.05141589290779757,0.038888293828127335,0.05141589290779757,0.038888293828127335,0.907614539003313,0.11892925601476147,1.0,1.0,0.18080357142857142
4150,ReFAM_new2_sta3_j4_k4,0.0991000011563301,resnet18,mnist,resnet18mnist,2,NO,NO,0.8683371356331722,0.31651641275826053,0.510049799258836,0.5100767754318618,0.35916321379563393,0.06826874953700943,0.13908267384017292,0.06826874953700943,0.13908267384017292,0.545002717480979,0.21751670518263735,0.8032871841967545,0.36795252225519287,0.2857142857142857
4151,ReFAM_sta4_j2_k7_const0,0.100100003182888,resnet18,cifar,resnet18cifar,2,YES,NO,1.0,0.43703684620283795,1.0,1.0,0.5750747168871725,0.09732377901482833,0.08417514920904719,0.09732377901482833,0.08417514920904719,1.0,0.18214172682921004,1.0,0.8545994065281899,0.14285714285714285
4152,ReFAM_new_sta1_j2_k1,0.9890000224113464,vgg16,mnist,vgg16mnist,0,NO,NO,0.002166509819444042,3.06007693679464e-05,0.00230615671669878,0.002399232245681382,3.5355514807528376e-05,0.0002104913210724397,1.4047336010521454e-05,0.0002104913210724397,1.4047336010521454e-05,0.004280044384787273,0.0021019568501698884,0.1749937384058694,0.004451038575667656,0.040816285714285715
4153,mul8_185,0.0948999971151351,resnet18,mnist,resnet18mnist,2,NO,NO,0.5183374743019872,1.0,1.0,1.0,1.0,0.058718948013160674,0.035253545635404906,0.058718948013160674,0.035253545635404906,1.0,0.11636152463529258,0.9753761538132599,1.0,0.42857142857142855
4154,mul8_220,0.1000000014901161,vgg16,cifar,vgg16cifar,2,NO,NO,0.9079842653289981,1.0,1.0,1.0,1.0,0.08558143484616065,0.05227189321215165,0.08558143484616065,0.05227189321215165,1.0,0.14692275308575625,1.0,1.0,0.8660714285714286
4155,ReFAM_sta3_j2_k7_const1,0.0979999974370002,vgg16,mnist,vgg16mnist,2,NO,YES,0.23614957031940062,0.7987605545308639,0.7537749792932956,0.7538387715930902,0.371025663238513,1.0,1.0,1.0,1.0,0.6840991183155505,1.0,1.0,0.6706231454005934,1.0
4156,mul8_277,0.1177999973297119,resnet18,cifar,resnet18cifar,2,NO,NO,0.4618051078342652,0.09749355976613253,0.2945718841815479,0.2946257197696737,0.09583327440349455,0.020148446068148595,0.00893586161969296,0.020148446068148595,0.00893586161969296,0.2976511099719897,0.05578844282020506,0.8699349812355806,0.4035608308605341,0.5079365714285714
4157,ReFAM_new1_sta4_j5_k4,0.101000003516674,vgg16,mnist,vgg16mnist,2,NO,YES,1.0,1.0,1.0,1.0,1.0,1.0,1.0,1.0,1.0,1.0,1.0,1.0,1.0,1.0
4158,ReFAM_sta3_j3_k5_const1,0.1134999990463256,resnet34,mnist,resnet34mnist,2,NO,YES,0.048529819955546546,0.1853743662904746,0.3623422622014435,0.3622840690978887,0.08311540002510029,1.0,1.0,1.0,1.0,0.327102900808589,1.0,1.0,0.32344213649851633,1.0
4159,ReFAM_sta1_j1_k5_const0,0.1134999990463256,resnet18,mnist,resnet18mnist,2,YES,NO,0.32064345327771826,0.018306721779227066,0.1706555970357097,0.17058541266794627,0.024088890755529335,0.014228490587514702,0.007431040749565849,0.014228490587514702,0.007431040749565849,0.16187961334722537,0.049958796868562014,0.8670149402654102,0.13724035608308605,0.14285714285714285
4160,ReFAM_new1_sta2_j4_k5,0.1000000014901161,resnet18,cifar,resnet18cifar,2,NO,YES,1.0,1.0,0.9922311336381584,0.9920825335892515,1.0,1.0,1.0,1.0,1.0,1.0,1.0,0.8910329899468324,0.7477744807121661,1.0
4161,ReFAM_sta1_j5_k1_const1,0.1000000014901161,resnet34,cifar,resnet34cifar,2,NO,YES,0.08319397706665123,0.013247395103558964,0.10331582090810533,0.10340690978886757,0.006704453178316493,1.0,1.0,1.0,1.0,0.093143825767061,1.0,0.8033808535723667,0.0712166172106825,1.0
4162,ReFAM_sta2_j1_k8_const1,0.1009000018239021,resnet34,mnist,resnet34mnist,2,NO,YES,0.4038374303443695,0.9791823236440527,0.8415388800015965,0.8414107485604607,0.47349345638428175,1.0,1.0,1.0,1.0,0.766903376887966,1.0,1.0,0.7054896142433235,1.0
4163,mul8_431,0.1028999984264373,resnet34,mnist,resnet34mnist,2,NO,NO,0.7723878302713363,0.39848730379843583,0.5359656836796042,0.5359884836852207,0.3787535746098022,0.03435615854242439,0.02466009836647041,0.03435615854242439,0.02466009836647041,0.5658461981641338,0.09290186488955769,0.987291509278359,0.7255192878338279,0.3392857142857143
4164,ReFAM_new2_sta2_j5_k2,0.0935000032186508,resnet34,mnist,resnet34mnist,2,NO,NO,0.27904646474439265,0.06638903395918783,0.19925194032277457,0.1991362763915547,0.06563659661571847,0.021593880032594534,0.02897614235570313,0.021593880032594534,0.02897614235570313,0.22374438699261437,0.09753199214154769,0.5781752391114442,0.1661721068249258,0.2857142857142857
4165,ReFAM_new1_sta2_j4_k1,0.0879999995231628,resnet34,mnist,resnet34mnist,2,YES,YES,0.12479096559997684,0.004127073089954908,0.06641731344092486,0.06645873320537428,0.005430607074436359,1.0,1.0,1.0,1.0,0.06890737763866477,1.0,0.6085006994658809,0.03560830860534125,1.0
4166,mul8_388,0.7890999913215637,vgg16,mnist,vgg16mnist,2,NO,NO,0.9825122031178732,0.9869552043538073,0.7801834034409896,0.7802303262955854,0.8859780652441173,0.04517523176630223,0.03365741708120941,0.04517523176630223,0.03365741708120941,0.8455274581192178,0.1098780029021336,1.0,1.0,0.29017857142857145
4167,mul8_140,0.1014999970793724,resnet34,cifar,resnet34cifar,2,NO,NO,1.0,0.2928668967212697,0.6056245679000284,0.6055662188099808,0.3201268077511912,0.03867529590743441,0.024358080642244203,0.03867529590743441,0.024358080642244203,0.5808184803832939,0.09354081200026275,0.9937852405572106,0.6379821958456974,0.14285714285714285
4168,mul8_266,0.100500002503395,resnet34,cifar,resnet34cifar,2,NO,NO,1.0,0.6756794394823326,0.7034684471564224,0.7034548944337813,0.7280625072127753,1.0,1.0,1.0,1.0,0.7646070791357383,1.0,0.9809067195559257,1.0,1.0
4169,ReFAM_sta1_j3_k3_const1,0.3908999860286712,vgg16,cifar,vgg16cifar,2,NO,YES,0.10399247133331403,0.01774386671082465,0.12430184703006424,0.1242802303262956,0.008098180670854658,1.0,1.0,1.0,1.0,0.10888485656868244,1.0,0.9644545082459596,0.08902077151335312,1.0
4170,mul8_257,0.1094999983906745,resnet18,cifar,resnet18cifar,2,NO,NO,0.6547192674359896,0.49437179762056405,0.6166866887807786,0.6166026871401151,0.3318198439422539,0.041970885346371146,0.029360688178991155,0.041970885346371146,0.029360688178991155,0.5913874307511597,0.10256146133772832,1.0,0.81973293768546,0.42857142857142855
4171,mul8_447,0.3634999990463257,vgg16,mnist,vgg16mnist,2,NO,NO,0.775123054118008,0.310813138205997,0.5542190063385437,0.5542226487523992,0.240365804043909,0.03520896458144749,0.02575052282428714,0.03520896458144749,0.02575052282428714,0.5199926401618853,0.09495679642667335,0.9959447269232258,0.620919881305638,0.344246
4172,mul8_391,0.009800000116229,resnet34,cifar100,resnet34cifar100,2,NO,NO,0.4246359246110323,0.1064168264209105,0.2956655079748154,0.2955854126679463,0.09529042666300613,0.019918080030065028,0.010686510870004197,0.019918080030065028,0.010686510870004197,0.29783597485178226,0.060514113565384595,0.9715387638493226,0.4035608308605341,0.2857142857142857
4173,ReFAM_new_sta3_j1_k8,0.1006999984383583,resnet18,cifar,resnet18cifar,2,NO,NO,0.5801913296471145,0.2780475676254044,0.43344215490353566,0.43354126679462573,0.25197166655466635,0.018510588707185794,0.0044881238553616054,0.018510588707185794,0.0044881238553616054,0.4596376608834779,0.040715710336014524,0.6890685802369835,0.5133531157270029,0.06800742857142857
4174,mul8_236,0.1000000014901161,vgg16,cifar,vgg16cifar,2,NO,NO,1.0,1.0,1.0,1.0,1.0,0.06325490047283758,0.043460701699552066,0.06325490047283758,0.043460701699552066,1.0,0.1285373485486346,1.0,1.0,0.2857142857142857
4175,ReFAM_sta4_j8_k1_const0,0.0966999977827072,resnet18,cifar,resnet18cifar,2,YES,NO,1.0,0.4011984230249917,1.0,1.0,0.5279167455587843,0.06803115632910363,0.043581859972642814,0.06803115632910363,0.043581859972642814,0.9511948677743478,0.13033998554904666,0.9209226840755953,0.7596439169139466,0.14285714285714285
4176,ReFAM_sta4_j3_k4_const1,0.1009000018239021,resnet34,mnist,resnet34mnist,2,NO,YES,0.3137106218554973,0.023328630932667568,0.18985435170222706,0.18977927063339733,0.020642607862044207,1.0,1.0,1.0,1.0,0.16859244468472784,1.0,0.9903052196241414,0.09198813056379822,1.0
4177,ReFAM_sta1_j1_k3_const1,0.6851999759674072,vgg16,cifar,vgg16cifar,1,NO,YES,0.032930949255549444,0.0010086808651568033,0.03165200093669075,0.03166986564299425,0.00047209023225171123,1.0,1.0,1.0,1.0,0.027305205674339684,1.0,0.986328343742173,0.019287833827893175,1.0
4178,mul8_058,0.1106000021100044,resnet34,mnist,resnet34mnist,2,NO,NO,0.0914808805924404,1.0,1.0,1.0,1.0,0.05544232989500729,0.03172942021376533,0.05544232989500729,0.03172942021376533,1.0,0.11030197715316219,0.9820867500595615,0.9903560830860534,0.2857142857142857
4179,ReFAM_sta2_j5_k4_const0,0.1134999990463256,resnet34,mnist,resnet34mnist,2,YES,NO,1.0,0.9680151835528494,1.0,1.0,1.0,0.10925131941019066,0.07207512515298427,0.10925131941019066,0.07207512515298427,1.0,0.17612024745764734,1.0,1.0,0.14285714285714285
4180,ReFAM_new1_sta1_j4_k4,0.1000000014901161,vgg16,cifar,vgg16cifar,2,NO,YES,1.0,0.5021495172343515,0.7990833023361272,0.7989443378119002,0.5552072255063037,1.0,1.0,1.0,1.0,0.7657523708393656,1.0,0.8411632107418411,0.36795252225519287,1.0
4181,mul8_289,0.1134999990463256,resnet18,mnist,resnet18mnist,2,NO,NO,0.0,0.0,0.0,0.0,0.0,0.0,0.0,0.0,0.0,0.0,0.0,0.0,0.0,0.0
4182,mul8_041,0.9297000169754028,resnet34,cifar,resnet34cifar,0,NO,NO,0.0,0.0,0.0,0.0,0.0,0.0,0.0,0.0,0.0,0.0,0.0,0.0,0.0,0.0
4183,ReFAM_new2_sta4_j2_k2,0.008899999782443,resnet34,cifar100,resnet34cifar100,2,NO,NO,1.0,1.0,1.0,1.0,1.0,1.0,1.0,1.0,1.0,1.0,1.0,1.0,1.0,0.2857142857142857
4184,ReFAM_new2_sta1_j1_k8,0.1048000007867813,resnet18,mnist,resnet18mnist,2,NO,NO,0.6690182322443203,1.0,0.6834079241581584,0.6833013435700576,0.8982825012205099,0.034081526089179665,0.04252655385485239,0.034081526089179665,0.04252655385485239,0.8025373391636904,0.11952789571427717,0.6711410762611257,0.7581602373887241,0.2857142857142857
4185,ReFAM_new2_sta2_j6_k2,0.098700001835823,resnet34,mnist,resnet34mnist,2,NO,NO,0.3275762846999392,0.2888879512393957,0.37918981814319686,0.3790786948176584,0.240542812251136,0.034992149486780595,0.05243519349327396,0.034992149486780595,0.05243519349327396,0.42725043999847223,0.13218815499543182,0.5709667697708563,0.3323442136498516,0.2857142857142857
4186,ReFAM_sta4_j1_k2_const0,0.987500011920929,resnet34,mnist,resnet34mnist,0,YES,NO,0.019065286411107572,7.244669197258808e-05,0.01014708955347463,0.010076775431861805,9.532894362918763e-05,0.0015402905683627025,0.0006110591164576833,0.0015402905683627025,0.0006110591164576833,0.009853401227258852,0.01399115028394332,0.6999749536234776,0.0051928783382789315,0.14285714285714285
4187,ReFAM_new1_sta3_j1_k6,0.1000000014901161,vgg16,cifar,vgg16cifar,2,NO,YES,0.5823578394665586,0.06647899523603291,0.3163254287776301,0.31621880998080615,0.0825589986291111,1.0,1.0,1.0,1.0,0.299908636259012,1.0,1.0,0.1884272997032641,1.0
4188,ReFAM_new2_sta3_j5_k2,0.4679999947547912,vgg16,cifar,vgg16cifar,2,NO,NO,0.4541004581554713,0.07494650090438948,0.24920906204318727,0.2492802303262956,0.09407144025009156,0.034345317787691045,0.055569505340621564,0.034345317787691045,0.055569505340621564,0.2730386249197322,0.13578596466085044,0.617822838630065,0.1661721068249258,0.2857142857142857
4189,ReFAM_new1_sta3_j6_k1,0.1362999975681305,vgg16,mnist,vgg16mnist,2,NO,YES,0.3899717674999276,0.055485408758566224,0.21441492073506904,0.21449136276391556,0.0694464111350252,1.0,1.0,1.0,1.0,0.2347400237911109,1.0,0.541635019314218,0.142433234421365,1.0
4190,ReFAM_sta3_j2_k5_const1,0.1000000014901161,resnet34,cifar,resnet34cifar,2,NO,YES,0.12479096559997684,0.041417216518482666,0.18046036806585905,0.1804222648752399,0.019838195199993684,1.0,1.0,1.0,1.0,0.16186263814242868,1.0,1.0,0.13204747774480713,1.0
4191,ReFAM_sta4_j1_k3_const0,0.989300012588501,vgg16,mnist,vgg16mnist,0,YES,NO,0.046796612099991315,0.00030809747025705044,0.02490649254034682,0.02495201535508637,0.00040540990312632543,0.0034952400052758337,0.0016821684872599441,0.0034952400052758337,0.0016821684872599441,0.022607386097032243,0.02328275499662612,0.8272431270095645,0.012611275964391691,0.14285714285714285
4192,ReFAM_sta4_j2_k8_const1,0.0979999974370002,vgg16,mnist,vgg16mnist,2,NO,YES,1.0,1.0,1.0,1.0,1.0,1.0,1.0,1.0,1.0,1.0,1.0,1.0,1.0,1.0
4193,ReFAM_new_sta3_j2_k3,0.3797999918460846,resnet34,cifar,resnet34cifar,2,NO,NO,0.0028164627652772552,0.00043417013986192136,0.009166972948877649,0.009117082533589253,0.00047061709627710564,0.0007651766049285684,0.00012115827309074755,0.0007651766049285684,0.00012115827309074755,0.015841945430041124,0.006243170133104029,0.21078765763435955,0.01483679525222552,0.063492
4194,mul8_091,0.4480000138282776,resnet34,cifar100,resnet34cifar100,2,NO,NO,0.03141439238193861,0.000900794499783456,0.017325004179124956,0.01727447216890595,0.0011599381315869873,0.0015339667947682518,0.00031782097723804793,0.0015339667947682518,0.00031782097723804793,0.02585798487362807,0.010108203006037155,0.4528955036663415,0.02967359050445104,0.14285714285714285
4195,ReFAM_sta1_j1_k5_const1,0.9056000113487244,vgg16,mnist,vgg16mnist,2,NO,YES,0.11612492632220067,0.018306721779227066,0.12895740182436258,0.12883877159309023,0.00831858563022557,1.0,1.0,1.0,1.0,0.1121910477198452,1.0,1.0,0.09050445103857567,1.0
4196,ReFAM_new2_sta2_j1_k4,0.6819999814033508,vgg16,cifar,vgg16cifar,1,YES,NO,0.13519021273330825,0.0038309173821109216,0.07195208956100194,0.07197696737044146,0.005040910733446713,0.009926517750832479,0.011035938353265919,0.009926517750832479,0.011035938353265919,0.07064017763421673,0.05974304771800338,0.8431516486828253,0.04599406528189911,0.2857142857142857
4197,mul8_400,0.7078999876976013,vgg16,cifar,vgg16cifar,0,YES,NO,0.001733207855555234,0.0008144281965709627,0.000922462686679512,0.0009596928982725527,0.001071664937721527,5.691396235005881e-05,3.1606506023673276e-05,5.691396235005881e-05,3.1606506023673276e-05,0.021655499660876227,0.0031544281423359186,0.0009947280431856548,0.18991097922848665,0.07128928571428571
4198,mul8_232,0.0104999998584389,resnet34,cifar100,resnet34cifar100,2,NO,NO,0.7385428842524069,0.2360322949328714,0.4756680209107679,0.47576775431861806,0.22224914118837283,0.033822251371807166,0.022997244966224937,0.033822251371807166,0.022997244966224937,0.4679028450586707,0.08987806261681686,0.9908651995870402,0.6283382789317508,0.14285714285714285
4199,ReFAM_new1_sta4_j1_k6,0.1032000035047531,resnet18,mnist,resnet18mnist,2,NO,YES,1.0,1.0,1.0,1.0,1.0,1.0,1.0,1.0,1.0,1.0,1.0,1.0,1.0,1.0
4200,ReFAM_sta2_j3_k4_const1,0.1092000007629394,resnet18,mnist,resnet18mnist,2,NO,YES,0.025998117833328508,0.05384222225052862,0.19609538739433044,0.1960172744721689,0.023744806452102803,1.0,1.0,1.0,1.0,0.1762837824813445,1.0,0.9937852405572106,0.13649851632047477,1.0
4201,ReFAM_sta4_j2_k7_const0,0.1008000001311302,resnet34,cifar,resnet34cifar,2,YES,NO,1.0,0.43703684620283795,1.0,1.0,0.5750747168871725,0.09732377901482833,0.08417514920904719,0.09732377901482833,0.08417514920904719,1.0,0.18214172682921004,1.0,0.8545994065281899,0.14285714285714285
4202,ReFAM_new_sta1_j1_k2,0.6991999745368958,resnet34,cifar100,resnet34cifar100,0,NO,NO,0.002166509819444042,3.06007693679464e-05,0.00230615671669878,0.002399232245681382,3.5355514807528376e-05,0.0002104913210724397,1.4047336010521454e-05,0.0002104913210724397,1.4047336010521454e-05,0.004280044384787273,0.0021019568501698884,0.1749937384058694,0.004451038575667656,0.040816285714285715
4203,mul8_070,0.991699993610382,resnet34,mnist,resnet34mnist,0,NO,NO,0.0,0.0,0.0,0.0,0.0,0.0,0.0,0.0,0.0,0.0,0.0,0.0,0.0,0.0
4204,ReFAM_new_sta3_j3_k6,0.1074000000953674,resnet34,mnist,resnet34mnist,2,NO,NO,0.5801913296471145,0.2780475676254044,0.43344215490353566,0.43354126679462573,0.25197166655466635,0.018510588707185794,0.0044881238553616054,0.018510588707185794,0.0044881238553616054,0.4596376608834779,0.040715710336014524,0.6890685802369835,0.5133531157270029,0.06800742857142857
4205,ReFAM_new2_sta2_j7_k2,0.0115000000223517,resnet34,cifar100,resnet34cifar100,2,NO,NO,0.6551525693998784,1.0,0.7545456525898074,0.7545585412667946,0.9532214741048254,0.055640173668890826,0.08319183568831069,0.055640173668890826,0.08319183568831069,0.8503748278702458,0.16885073120629632,0.5740120426236385,0.6646884272997032,0.2857142857142857
4206,mul8_346,0.3169000148773193,resnet18,cifar,resnet18cifar,2,NO,NO,0.06353290392161226,0.0026027623111609306,0.035432836023121375,0.03550863723608445,0.0032868423313990266,0.0028538286835529487,0.0006409097054800414,0.0028538286835529487,0.0006409097054800414,0.045963167313782166,0.014453939079080155,0.7042939263555078,0.05637982195845697,0.14285714285714285
4207,mul8_317,0.3073000013828277,resnet34,mnist,resnet34mnist,2,NO,NO,0.1370046664403005,0.013788244796576057,0.09708919777301862,0.09716890595009597,0.013084374233249247,0.008541611333647715,0.004240539558176165,0.008541611333647715,0.004240539558176165,0.10389088720576269,0.03735153436878594,0.963770314545836,0.14614243323442136,0.42857142857142855
4208,mul8_242,0.1134999990463256,resnet34,mnist,resnet34mnist,2,NO,NO,1.0,0.8283234322854304,0.8914029879643858,0.8913147792706334,0.8802246447496306,0.04646347478711468,0.032407204176273,0.04646347478711468,0.032407204176273,0.9013649539937436,0.10842842896639855,0.9977936789461788,1.0,0.15178571428571427
4209,ReFAM_new1_sta3_j1_k5,0.1022000014781951,resnet18,mnist,resnet18mnist,2,NO,YES,0.337108927905493,0.01757966747764502,0.18094682322890338,0.1809021113243762,0.022454392823123538,1.0,1.0,1.0,1.0,0.1656437831260287,1.0,1.0,0.09347181008902077,1.0
4210,mul8_392,0.5766000151634216,vgg16,cifar,vgg16cifar,2,NO,NO,0.2609831873915701,1.0,1.0,1.0,1.0,0.043288940442700284,0.0256065376301793,0.043288940442700284,0.0256065376301793,1.0,0.09697589915384294,0.7989834836455306,1.0,0.19047614285714287
4211,ReFAM_new2_sta1_j7_k2,0.0970999971032142,resnet18,cifar,resnet18cifar,2,NO,NO,0.5823578394665586,0.9079560797900798,0.6106702985818369,0.6106046065259118,0.8539084887730436,0.026474026455055134,0.02766096052171806,0.026474026455055134,0.02766096052171806,0.7576330608168261,0.09620557974000227,0.463335566465549,0.6646884272997032,0.2857142857142857
4212,mul8_129,0.101000003516674,resnet34,cifar,resnet34cifar,2,NO,NO,0.8765292534877568,0.3585349743204341,0.5889343213651598,0.5890115163147793,0.3127123371084981,0.03941337062552961,0.028672368714475604,0.03941337062552961,0.028672368714475604,0.568663757327886,0.10078868167893804,0.9958357853668072,0.7574183976261127,0.15178571428571427
4213,mul8_339,0.1626999974250793,vgg16,mnist,vgg16mnist,2,NO,NO,0.7467959347623614,1.0,1.0,1.0,1.0,1.0,1.0,1.0,1.0,1.0,1.0,0.9514039206742565,1.0,1.0
4214,ReFAM_sta4_j3_k5_const1,0.0979999974370002,vgg16,mnist,vgg16mnist,2,NO,YES,0.5355612273665673,0.100469231651084,0.35635706600071454,0.35628598848368526,0.07589038874809315,1.0,1.0,1.0,1.0,0.31862620195433355,1.0,1.0,0.19287833827893175,1.0
4215,ReFAM_new1_sta3_j6_k2,0.1000000014901161,resnet18,cifar,resnet18cifar,2,NO,YES,0.7678110800109686,0.24643259750847069,0.45367868009256745,0.45369481765834935,0.2764669943355489,1.0,1.0,1.0,1.0,0.4812870861766993,1.0,0.6629378788773522,0.3323442136498516,1.0
4216,mul8_337,0.1115000024437904,resnet34,cifar,resnet34cifar,2,NO,NO,1.0,1.0,1.0,1.0,1.0,0.0876836378682017,0.061139274068793326,0.0876836378682017,0.061139274068793326,1.0,0.1569996058830906,1.0,1.0,1.0
4217,ReFAM_new2_sta3_j7_k1,0.099200002849102,resnet18,cifar,resnet18cifar,2,NO,NO,0.6092225612276647,0.2707816520393346,0.37313615676186257,0.3730806142034549,0.31433383508943,0.048658727620616946,0.08311808717425545,0.048658727620616946,0.08311808717425545,0.46081585541190245,0.1673033744767501,0.42586374363913665,0.28486646884273,0.2857142857142857
4218,ReFAM_sta3_j6_k1_const1,0.2213999927043914,vgg16,cifar,vgg16cifar,2,NO,YES,0.05372944352221225,0.03464623723027539,0.15399361475756101,0.15403071017274472,0.0174021112365196,1.0,1.0,1.0,1.0,0.14272518584337,1.0,0.7734280344296044,0.11869436201780416,1.0
4219,mul8_094,0.1008000001311302,resnet18,cifar,resnet18cifar,2,NO,NO,0.30591118650549876,0.06765705009808168,0.21680350502759876,0.21689059500959693,0.06379536229376997,0.016201507948983406,0.010456485742831909,0.016201507948983406,0.010456485742831909,0.23062249310352867,0.059136197249541694,0.9520260075057678,0.3353115727002967,1.0
4220,ReFAM_new1_sta3_j6_k2,0.1000000014901161,resnet34,cifar,resnet34cifar,2,NO,YES,0.7678110800109686,0.24643259750847069,0.45367868009256745,0.45369481765834935,0.2764669943355489,1.0,1.0,1.0,1.0,0.4812870861766993,1.0,0.6629378788773522,0.3323442136498516,1.0
4221,mul8_069,0.1093000024557113,vgg16,cifar,vgg16cifar,2,NO,NO,1.0,1.0,0.9993272959306645,0.9992802303262956,0.9731112683855482,0.05683446348201428,0.06664582978491773,0.05683446348201428,0.06664582978491773,0.981268496283709,0.1528158458883455,1.0,1.0,0.8571428571428571
4222,mul8_134,0.1134999990463256,resnet34,mnist,resnet34mnist,2,NO,NO,0.47316574456657884,0.097892995439839,0.3037672320826678,0.30374280230326295,0.09328965540245711,0.022825209091056918,0.014064895180534607,0.022825209091056918,0.014064895180534607,0.300741238789161,0.06941757283698488,0.9564997383366355,0.4043026706231454,0.14285714285714285
4223,ReFAM_sta2_j3_k5_const0,0.0974999964237213,resnet18,cifar,resnet18cifar,2,YES,NO,1.0,0.24491042085955214,1.0,1.0,0.3222652555779189,0.0653417457590064,0.0449110891426384,0.0653417457590064,0.0449110891426384,0.8463974894735932,0.13101700077031941,0.9979494551904035,0.5133531157270029,0.14285714285714285
4224,ReFAM_new2_sta3_j2_k6,0.1010999977588653,resnet34,mnist,resnet34mnist,2,NO,NO,0.9012680848887216,0.31426897307212187,0.5264343195202343,0.5263915547024953,0.35562120475319103,0.07091660388062883,0.1489228327155432,0.07091660388062883,0.1489228327155432,0.5519232385949165,0.22513853806512485,0.9618134391118514,0.3768545994065282,0.2857142857142857
4225,ReFAM_new_sta2_j4_k2,0.9884999990463256,vgg16,mnist,vgg16mnist,0,NO,NO,0.018198682483329957,0.002408852508088554,0.029057574630404627,0.029030710172744723,0.002245729922033747,0.0016252098137739014,0.00010535502007891092,0.0016252098137739014,0.00010535502007891092,0.0378971244065334,0.005919964410048787,0.3827992482014462,0.02373887240356083,0.040816285714285715
4226,ReFAM_new1_sta1_j5_k4,0.0979999974370002,vgg16,mnist,vgg16mnist,2,NO,YES,1.0,1.0,1.0,1.0,1.0,1.0,1.0,1.0,1.0,1.0,1.0,0.8525969834388472,0.7359050445103857,1.0
4227,ReFAM_sta1_j2_k3_const1,0.977500021457672,vgg16,mnist,vgg16mnist,0,NO,YES,0.055462651377767486,0.0043372481084248335,0.062381539186701994,0.06238003838771593,0.0019891896529061364,1.0,1.0,1.0,1.0,0.05444242693087249,1.0,0.9704198220689122,0.04302670623145401,1.0
4228,mul8_280,0.1000000014901161,vgg16,cifar,vgg16cifar,2,NO,NO,1.0,1.0,1.0,1.0,1.0,0.08954824768233698,0.06551501923607074,0.08954824768233698,0.06551501923607074,1.0,0.16205818598735242,1.0,1.0,0.8571428571428571
4229,ReFAM_new2_sta4_j5_k1,0.1000000014901161,vgg16,cifar,vgg16cifar,2,NO,NO,1.0,1.0,1.0,1.0,1.0,1.0,1.0,1.0,1.0,1.0,1.0,1.0,1.0,0.2857142857142857
4230,ReFAM_new1_sta3_j2_k4,0.1009000018239021,resnet34,mnist,resnet34mnist,2,NO,YES,0.32670968077216156,0.01737745363411714,0.175426459665843,0.17538387715930903,0.022202904979627708,1.0,1.0,1.0,1.0,0.16207752837250103,1.0,0.9843399058011888,0.09198813056379822,1.0
4231,ReFAM_new1_sta3_j3_k5,0.1009000018239021,resnet34,mnist,resnet34mnist,2,NO,YES,0.9324658262887159,0.2659382722339694,0.5389398177668321,0.5388675623800384,0.29557351648626645,1.0,1.0,1.0,1.0,0.5343579566226753,1.0,0.9622481871921383,0.37388724035608306,1.0
4232,ReFAM_new2_sta2_j1_k2,0.1463000029325485,resnet34,cifar100,resnet34cifar100,2,YES,NO,0.038130572822215145,0.0002897867678903523,0.02029417910694926,0.02039347408829175,0.0003813157745167505,0.003087808306547635,0.002470575220850461,0.003087808306547635,0.002470575220850461,0.019706802454517704,0.028115912171643883,0.6999749536234776,0.010385756676557863,0.2857142857142857
4233,ReFAM_sta1_j1_k6_const1,0.1000000014901161,resnet18,cifar,resnet18cifar,2,NO,YES,0.22705022907773564,0.07465910248898174,0.2587147485312106,0.258637236084453,0.03381732735069707,1.0,1.0,1.0,1.0,0.2254043595428068,1.0,1.0,0.18545994065281898,1.0
4234,mul8_273,0.100100003182888,resnet34,cifar,resnet34cifar,2,NO,NO,0.9965945169442595,0.41751506254299037,0.6734105982667915,0.673464491362764,0.33746831805559396,0.04656646195708145,0.03506917435026681,0.04656646195708145,0.03506917435026681,0.625774038953355,0.1122852510703857,0.9956189203993574,0.7470326409495549,0.14732142857142858
4235,ReFAM_new_sta1_j1_k1,0.6990000009536743,resnet34,cifar100,resnet34cifar100,0,YES,NO,0.000866603927777617,2.9854406032659923e-06,0.000461231343339756,0.0004798464491362764,3.92839053416982e-06,4.788000007227169e-05,3.5118340026303635e-06,4.788000007227169e-05,3.5118340026303635e-06,0.0013534687288047642,0.0009210989890304128,0.06363408669304342,0.001483679525222552,0.031746
4236,ReFAM_new1_sta4_j6_k3,0.1000000014901161,resnet18,cifar,resnet18cifar,2,NO,YES,1.0,1.0,1.0,1.0,1.0,1.0,1.0,1.0,1.0,1.0,1.0,1.0,1.0,1.0
4237,ReFAM_sta1_j7_k1_const0,0.0998999997973442,resnet18,cifar,resnet18cifar,2,YES,NO,0.9983277247998147,0.21195832165694342,0.5313385075273989,0.5314299424184261,0.2789052522179661,0.024382664187747417,0.012163237068110264,0.024382664187747417,0.012163237068110264,0.5233287971107037,0.06531144193045628,0.7477005186432601,0.42729970326409494,0.14285714285714285
4238,mul8_330,0.101000003516674,vgg16,cifar,vgg16cifar,2,NO,NO,0.5303616037999016,0.08571160166101954,0.29984902016308607,0.29990403071017274,0.10018833115874236,0.02000570946415956,0.009820843788355812,0.02000570946415956,0.009820843788355812,0.30362530199237175,0.05822032329529508,0.9643302945087346,0.38427299703264095,0.17857142857142858
4239,ReFAM_new2_sta2_j4_k4,0.0914999991655349,resnet18,mnist,resnet18mnist,2,NO,NO,0.4246359246110323,0.30061953863398977,0.42075829296169237,0.4208253358925144,0.24050338512191327,0.04140174572287056,0.06844740062826711,0.04140174572287056,0.06844740062826711,0.44768522997121474,0.15129088216501554,0.7736143550354416,0.36795252225519287,0.2857142857142857
4240,ReFAM_new_sta2_j2_k1,0.9315000176429749,resnet34,cifar,resnet34cifar,0,NO,NO,0.0,0.0,0.0,0.0,0.0,0.0,0.0,0.0,0.0,0.0,0.0,0.0,0.0,0.0
4241,ReFAM_new1_sta1_j3_k5,0.1000000014901161,resnet18,cifar,resnet18cifar,2,NO,YES,1.0,0.5103742070669758,0.8115365486063006,0.8114203454894434,0.5634673213361514,1.0,1.0,1.0,1.0,0.7751016563969564,1.0,0.8789455679113154,0.37388724035608306,1.0
4242,ReFAM_sta2_j1_k5_const0,0.1134999990463256,resnet18,mnist,resnet18mnist,2,YES,NO,0.34144194754438106,0.010211799098158102,0.18172514927586386,0.1816218809980806,0.013437190768479008,0.017424706441395783,0.010236996117667511,0.017424706441395783,0.010236996117667511,0.15377811226621935,0.058782387751324175,0.9545113003956514,0.08827893175074183,0.14285714285714285
4243,ReFAM_new_sta1_j4_k2,0.9639000296592712,resnet18,mnist,resnet18mnist,0,NO,NO,0.038997176749992764,0.00335464009120322,0.028365727615394992,0.02831094049904031,0.003953990550007776,0.0016107554741294423,0.0001826153681367789,0.0016107554741294423,0.0001826153681367789,0.046493177547169744,0.007712151340893212,0.2863533901186954,0.05934718100890208,0.05442171428571429
4244,ReFAM_new2_sta2_j4_k5,0.1052000001072883,resnet18,mnist,resnet18mnist,2,NO,NO,0.8614043042109513,1.0,0.8360106386071918,0.8358925143953936,0.9505891087263785,0.0680022476498147,0.11636813151115973,0.0680022476498147,0.11636813151115973,0.889788088998224,0.20020243277619534,0.8281126231701382,0.7477744807121661,0.2857142857142857
4245,ReFAM_new2_sta1_j1_k2,0.885200023651123,resnet34,mnist,resnet34mnist,2,NO,NO,0.013865662844441871,0.00021654395842355997,0.009916473881804753,0.009836852207293667,0.00023092389442389913,0.001492410568290431,0.0010763771218062065,0.001492410568290431,0.0010763771218062065,0.012404746626742444,0.018522748308581596,0.4772556501978257,0.010385756676557863,0.2857142857142857
4246,ReFAM_new2_sta1_j4_k1,0.988099992275238,vgg16,mnist,vgg16mnist,0,NO,NO,0.03119774139999421,0.0035124703844292156,0.03320865672046243,0.033109404990403074,0.0036036435833451145,0.0033705713258423715,0.002588221659938578,0.0033705713258423715,0.002588221659938578,0.046571914236999225,0.028790688092295014,0.3261252033745411,0.03560830860534125,0.2857142857142857
4247,ReFAM_new_sta1_j5_k1,0.9735999703407288,resnet18,mnist,resnet18mnist,0,NO,NO,0.029464533544438978,0.002674158663032125,0.02398402985366731,0.023992322456813823,0.0031133804446807213,0.001279209058534655,0.0001264260240946931,0.001279209058534655,0.0001264260240946931,0.040873859613605415,0.006431271385320937,0.23067407333497592,0.04747774480712166,0.04664728571428572
4248,ReFAM_new2_sta1_j1_k1,0.7085000276565552,vgg16,cifar,vgg16cifar,0,YES,NO,0.008666039277776169,4.378646218123456e-05,0.00461231343339756,0.0045585412667946265,5.761639450115736e-05,0.0007597562275618961,0.00046882983935115356,0.0007597562275618961,0.00046882983935115356,0.006052896226962023,0.012216131324531388,0.3818045201582605,0.004451038575667656,0.2857142857142857
4249,mul8_431,0.0097000002861022,resnet34,cifar100,resnet34cifar100,2,NO,NO,0.7723878302713363,0.39848730379843583,0.5359656836796042,0.5359884836852207,0.3787535746098022,0.03435615854242439,0.02466009836647041,0.03435615854242439,0.02466009836647041,0.5658461981641338,0.09290186488955769,0.987291509278359,0.7255192878338279,0.3392857142857143
4250,ReFAM_new_sta3_j1_k1,0.9912999868392944,resnet18,mnist,resnet18mnist,0,NO,NO,0.0,0.0,0.0,0.0,0.0,0.0,0.0,0.0,0.0,0.0,0.0,0.0,0.0,0.0
4251,ReFAM_sta4_j4_k1_const1,0.6406999826431274,vgg16,cifar,vgg16cifar,2,NO,YES,0.07626114564443029,0.0012100985911904821,0.04358636194560694,0.043666026871401156,0.001281637415963187,1.0,1.0,1.0,1.0,0.03978369198436486,1.0,0.779517561989782,0.017804154302670624,1.0
4252,mul8_352,0.1000000014901161,vgg16,cifar,vgg16cifar,2,NO,NO,1.0,0.9986546409191654,1.0,1.0,1.0,0.05895021744747203,0.03992779669290592,0.05895021744747203,0.03992779669290592,1.0,0.12264500217958595,1.0,1.0,0.2380952857142857
4253,mul8_037,0.1074000000953674,resnet34,cifar,resnet34cifar,2,NO,NO,1.0,1.0,1.0,1.0,1.0,0.04669022724028713,0.02454947559538756,0.04669022724028713,0.02454947559538756,1.0,0.09632276980586756,0.9053715314332026,1.0,0.5714285714285714
4254,ReFAM_sta1_j1_k8_const0,0.1010999977588653,resnet34,cifar,resnet34cifar,2,YES,NO,1.0,1.0,1.0,1.0,1.0,0.06089974650701848,0.04122717527387915,0.06089974650701848,0.04122717527387915,1.0,0.1249552139875674,0.9187173811671612,1.0,0.14285714285714285
4255,mul8_300,0.0104000000283122,resnet34,cifar100,resnet34cifar100,2,NO,NO,0.2344163624638454,0.026103448704557615,0.15354409500049135,0.15355086372360846,0.024487315959334493,0.013359423416391581,0.007046494926277825,0.013359423416391581,0.007046494926277825,0.15294945103700863,0.04855400894525955,0.929530085178043,0.19881305637982197,0.21428571428571427
4256,ReFAM_sta3_j3_k6_const0,0.1134999990463256,resnet34,mnist,resnet34mnist,2,YES,NO,1.0,0.7973406789799506,1.0,1.0,1.0,0.11675492847812063,0.0932304131848296,0.11675492847812063,0.0932304131848296,1.0,0.19720251637675187,1.0,1.0,0.14285714285714285
4257,ReFAM_new2_sta2_j6_k3,0.4101999998092651,vgg16,cifar,vgg16cifar,2,NO,NO,0.7643446642998581,1.0,0.7984635217960517,0.7984644913627639,0.9558774699486614,0.06171099631956376,0.09880018191300134,0.06171099631956376,0.09880018191300134,0.8723565324433262,0.1842548801824881,0.6765474282665668,0.712166172106825,0.2857142857142857
4258,mul8_162,0.0105999996885657,resnet34,cifar100,resnet34cifar100,2,NO,NO,0.2562439523611598,1.0,1.0,1.0,1.0,0.08255686427555751,0.046591501712897034,0.08255686427555751,0.046591501712897034,1.0,0.139416617402053,1.0,1.0,0.42857142857142855
4259,mul8_165,0.8833000063896179,resnet34,cifar,resnet34cifar,1,YES,NO,0.030981090418049806,0.0008777070924515322,0.016489020524396276,0.016554702495201537,0.0011549304414190389,0.0014463373606737166,0.0003107973092327872,0.0014463373606737166,0.0003107973092327872,0.025519257668745018,0.010001463009739465,0.4046730836976597,0.02967359050445104,0.14285714285714285
4260,mul8_215,0.0098999999463558,resnet34,cifar100,resnet34cifar100,2,NO,NO,1.0,1.0,1.0,1.0,1.0,0.062007310282275185,0.04575217338626838,0.062007310282275185,0.04575217338626838,1.0,0.1309289216125353,1.0,1.0,0.31428571428571433
4261,ReFAM_sta2_j6_k2_const0,0.101000003516674,vgg16,mnist,vgg16mnist,2,YES,NO,1.0,0.22714187450640716,0.9593611941466924,0.9592130518234165,0.29888452268934923,0.057324104237470336,0.03339754136501476,0.057324104237470336,0.03339754136501476,0.7912040633491688,0.11331756865695707,0.9857693819246613,0.47477744807121663,0.14285714285714285
4262,ReFAM_new_sta3_j4_k3,0.838100016117096,resnet18,mnist,resnet18mnist,2,NO,NO,0.04712158857290792,0.011652644256489951,0.06787307394587828,0.0678982725527831,0.010436172265949646,0.00431100679896001,0.0008516197456378633,0.00431100679896001,0.0008516197456378633,0.08391506118589538,0.01681640123489965,0.4556302421760618,0.0830860534124629,0.06762471428571429
4263,ReFAM_sta1_j2_k6_const1,0.0957999974489212,resnet18,mnist,resnet18mnist,2,NO,YES,0.4437012110221399,0.3010788984281456,0.5167088249333783,0.5167946257197698,0.13614490056245174,1.0,1.0,1.0,1.0,0.45078840081305677,1.0,1.0,0.37537091988130566,1.0
4264,ReFAM_new_sta3_j5_k2,0.6193000078201294,resnet18,cifar,resnet18cifar,2,NO,NO,0.04278856893401984,0.011526608908873207,0.06651820871974311,0.06645873320537428,0.010358629515873815,0.004161043025148744,0.0008147454886102444,0.004161043025148744,0.0008147454886102444,0.08312546106419796,0.016446170198790182,0.4267953466683228,0.0830860534124629,0.06762471428571429
4265,ReFAM_new2_sta3_j1_k4,0.1000000014901161,resnet34,cifar,resnet34cifar,2,NO,NO,0.15772191485552628,0.004807753547499554,0.08437651071714197,0.08445297504798464,0.006236679055126254,0.01224553586754043,0.015387100682524938,0.01224553586754043,0.015387100682524938,0.0809822325043858,0.07060365573290817,0.9067857353758687,0.04599406528189911,0.2857142857142857
4266,mul8_205,0.0104999998584389,resnet34,cifar100,resnet34cifar100,2,NO,NO,0.5543557035166601,1.0,1.0,1.0,1.0,0.07577055181248385,0.038951506840174684,0.07577055181248385,0.038951506840174684,1.0,0.12758937795214464,1.0,1.0,0.42857142857142855
4267,mul8_319,0.9567999839782716,vgg16,mnist,vgg16mnist,1,NO,NO,0.7114818247054235,0.2360446574147199,0.4052196599144268,0.4052303262955854,0.2849789015993252,0.024581411357858733,0.014040312342516193,0.024581411357858733,0.014040312342516193,0.4614737928025992,0.06976839660104023,0.9653861112751457,0.701780415430267,0.2857142857142857
4268,ReFAM_new1_sta3_j2_k1,0.1134999990463256,resnet34,mnist,resnet34mnist,2,YES,YES,0.046796612099991315,0.00026033042060479456,0.02490649254034682,0.02495201535508637,0.00034255565457960827,1.0,1.0,1.0,1.0,0.0219912627692432,1.0,0.8272431270095645,0.008902077151335312,1.0
4269,ReFAM_new_sta1_j3_k3,0.9528999924659728,resnet18,mnist,resnet18mnist,1,NO,NO,0.04376349835276966,0.0036099450233103205,0.030383614742506424,0.03047024952015355,0.004281548745094681,0.0018049856631018651,0.00021773370816308257,0.0018049856631018651,0.00021773370816308257,0.04866844812566764,0.008441416910004001,0.3281136413155253,0.06528189910979229,0.05793285714285714
4270,mul8_305,0.9886999726295472,vgg16,mnist,vgg16mnist,0,NO,NO,0.1237580638448744,0.012470265724912746,0.08812221104476235,0.08805182341650672,0.012190102857962253,0.0075180634075744344,0.0030570514992897314,0.0075180634075744344,0.0030570514992897314,0.09751173734172228,0.031761493583657284,0.9221974021002303,0.1446587537091988,0.14285714285714285
4271,mul8_360,0.1081999987363815,resnet34,cifar,resnet34cifar,2,NO,NO,1.0,1.0,1.0,1.0,1.0,0.06589010726926808,0.036312363587197964,0.06589010726926808,0.036312363587197964,1.0,0.12035718337782077,1.0,1.0,0.44642857142857145
4272,mul8_444,0.1035000011324882,resnet34,cifar,resnet34cifar,2,NO,NO,0.5277617920165687,0.09456980198965684,0.3153597247300498,0.3152591170825336,0.09913772893112582,0.022471077769767662,0.013357260629004589,0.022471077769767662,0.013357260629004589,0.3112308623548316,0.06769704352603262,0.9753914259940663,0.4013353115727003,0.2857142857142857
4273,mul8_232,0.1134999990463256,resnet34,mnist,resnet34mnist,2,NO,NO,0.7385428842524069,0.2360322949328714,0.4756680209107679,0.47576775431861806,0.22224914118837283,0.033822251371807166,0.022997244966224937,0.033822251371807166,0.022997244966224937,0.4679028450586707,0.08987806261681686,0.9908651995870402,0.6283382789317508,0.14285714285714285
4274,mul8_321,0.1045999974012374,resnet34,cifar,resnet34cifar,2,NO,NO,0.3000074507139295,1.0,1.0,1.0,1.0,0.074516637848327,0.0382017302806131,0.074516637848327,0.0382017302806131,1.0,0.12614428261765287,1.0,1.0,0.42857142857142855
4275,ReFAM_new2_sta2_j4_k3,0.090999998152256,resnet34,cifar,resnet34cifar,2,NO,NO,0.31544382971105256,0.06850113367131175,0.21723996271302506,0.21713051823416507,0.06673837921420196,0.024223666451658365,0.03440016997276573,0.024223666451658365,0.03440016997276573,0.23361356425137617,0.10637648316344506,0.7027096921331978,0.17804154302670624,0.2857142857142857
4276,mul8_258,0.1000000014901161,vgg16,cifar,vgg16cifar,2,NO,NO,1.0,0.5559526799735053,0.8750272495477646,0.875,0.6313619492716398,0.04934982573486766,0.03473906195401956,0.04934982573486766,0.03473906195401956,0.8295147211772262,0.11262935693257614,0.9949968335678462,1.0,0.14732142857142858
4277,ReFAM_sta1_j2_k4_const0,0.1134999990463256,resnet18,mnist,resnet18mnist,2,YES,NO,0.318910245422163,0.018196061447532674,0.1697331343490302,0.1696257197696737,0.023943278413062773,0.01406858945519787,0.007208039290398822,0.01406858945519787,0.007208039290398822,0.16115942722275345,0.04921833479634307,0.8650254841790388,0.13649851632047477,0.14285714285714285
4278,ReFAM_new_sta2_j4_k4,0.1058999970555305,vgg16,cifar,vgg16cifar,2,NO,NO,0.28511269223883595,0.08703454990701348,0.23268400643639853,0.23272552783109407,0.07621903001406873,0.008627433975286692,0.0008112336546076141,0.008627433975286692,0.0008112336546076141,0.24991938401884056,0.017562088341902392,0.653352040057912,0.2314540059347181,0.046083
4279,ReFAM_new_sta3_j7_k1,0.0988999977707862,resnet18,cifar,resnet18cifar,2,NO,NO,0.14688936575830608,0.05567841749675184,0.15612680972050738,0.15619001919385797,0.05078040571731203,0.00753522793590223,0.0016277350602191736,0.00753522793590223,0.0016277350602191736,0.1879324354582398,0.023563414007870393,0.4305869200898411,0.18991097922848665,0.063492
4280,mul8_124,0.1134999990463256,resnet18,mnist,resnet18mnist,2,NO,NO,0.8246819627713747,0.3560250091075841,0.5707351620253314,0.5707773512476008,0.30463293658314167,0.03870601137917888,0.028379130575255967,0.03870601137917888,0.028379130575255967,0.5554167687667081,0.10013704519804374,0.996488416559931,0.8167655786350149,0.15178571428571427
4281,mul8_139,0.1134999990463256,resnet34,mnist,resnet34mnist,2,NO,NO,0.41694481475200595,0.03335189635187119,0.22746182340203117,0.227447216890595,0.040814703250803164,0.01921162417994207,0.010012238741499166,0.01921162417994207,0.010012238741499166,0.2137489879471417,0.05855621838853956,0.9460596755374281,0.24629080118694363,0.14285714285714285
4282,mul8_347,0.1017000004649162,resnet18,cifar,resnet18cifar,2,NO,NO,1.0,1.0,1.0,1.0,1.0,0.09031794126840442,0.05873015594298889,0.09031794126840442,0.05873015594298889,1.0,0.1555769035548151,1.0,1.0,1.0
4283,mul8_131,0.1070000007748603,resnet34,cifar,resnet34cifar,2,NO,NO,0.30834851351878906,1.0,1.0,1.0,1.0,0.07438203181038797,0.037353622368977865,0.07438203181038797,0.037353622368977865,1.0,0.12501791440497304,1.0,1.0,0.4330357142857143
4284,ReFAM_sta4_j4_k4_const1,0.1000000014901161,resnet18,cifar,resnet18cifar,2,NO,YES,0.5199623566665702,0.09997961939214838,0.3508781394615398,0.35076775431861806,0.07427468851009171,1.0,1.0,1.0,1.0,0.3142146951519175,1.0,0.9883167816831572,0.19584569732937684,1.0
4285,mul8_180,0.9882000088691713,vgg16,mnist,vgg16mnist,0,NO,NO,0.24828202530828725,0.06621105194507426,0.20549387633846017,0.2053742802303263,0.05663486384645906,0.015935006061788687,0.010354642556755628,0.015935006061788687,0.010354642556755628,0.2179126692114387,0.05881149865940536,0.9663187324497189,0.3004451038575668,1.0
4286,mul8_231,0.1137999966740608,resnet18,cifar,resnet18cifar,2,NO,NO,0.2852210177298082,0.024857720747458793,0.17204649734423733,0.1720249520153551,0.024638169709206795,0.015239390966399079,0.00821066789814979,0.015239390966399079,0.00821066789814979,0.16340647766181476,0.05257355356108513,0.9410880716122739,0.19881305637982197,0.14285714285714285
4287,mul8_197,0.1120999976992607,vgg16,mnist,vgg16mnist,2,NO,NO,0.12896150046882232,1.0,1.0,1.0,1.0,0.07896676766636493,0.044003280052958456,0.07896676766636493,0.044003280052958456,1.0,0.13498056287060425,1.0,1.0,0.42857142857142855
4288,mul8_415,0.1093000024557113,resnet18,mnist,resnet18mnist,2,NO,NO,0.28814580598605766,1.0,1.0,1.0,1.0,0.07394298124368752,0.036883036612625396,0.07394298124368752,0.036883036612625396,1.0,0.12424087708926748,1.0,1.0,0.4330357142857143
4289,mul8_392,0.096900001168251,resnet34,mnist,resnet34mnist,2,NO,NO,0.2609831873915701,1.0,1.0,1.0,1.0,0.043288940442700284,0.0256065376301793,0.043288940442700284,0.0256065376301793,1.0,0.09697589915384294,0.7989834836455306,1.0,0.19047614285714287
4290,mul8_056,0.1136000007390976,resnet18,mnist,resnet18mnist,2,NO,NO,0.4913644270499088,0.08701942367462359,0.294738089818583,0.2946257197696737,0.09175562675145459,0.02048179927619894,0.011225577389407958,0.02048179927619894,0.011225577389407958,0.2947308306525336,0.062034598687471264,0.9640187420202855,0.4043026706231454,0.2857142857142857
4291,ReFAM_sta4_j5_k1_const1,0.0952999964356422,resnet34,cifar,resnet34cifar,2,NO,YES,0.13172379702219777,0.005209792882072708,0.08152263993530187,0.081573896353167,0.0047243970354974435,1.0,1.0,1.0,1.0,0.07511446643708715,1.0,0.771563810225845,0.03560830860534125,1.0
4292,ReFAM_new_sta3_j1_k4,0.7085000276565552,vgg16,cifar,vgg16cifar,0,NO,NO,0.0028164627652772552,0.00043417013986192136,0.009166972948877649,0.009117082533589253,0.00047061709627710564,0.0007651766049285684,0.00012115827309074755,0.0007651766049285684,0.00012115827309074755,0.015841945430041124,0.006243170133104029,0.21078765763435955,0.01483679525222552,0.063492
4293,ReFAM_new1_sta1_j6_k3,0.1000000014901161,resnet34,cifar,resnet34cifar,2,NO,YES,1.0,1.0,1.0,1.0,1.0,1.0,1.0,1.0,1.0,1.0,1.0,0.802386125529181,0.712166172106825,1.0
4294,mul8_470,0.989300012588501,vgg16,mnist,vgg16mnist,0,NO,NO,0.010399247133331404,7.324280946679234e-05,0.006457238806756583,0.0064779270633397315,8.27580939198442e-05,0.0008338347182397504,0.00021597779116176738,0.0008338347182397504,0.00021597779116176738,0.007656374992414146,0.008298848103760232,0.41362156350478224,0.005934718100890208,0.14285714285714285
4295,mul8_236,0.1005999967455864,resnet34,cifar,resnet34cifar,2,NO,NO,1.0,1.0,1.0,1.0,1.0,0.06325490047283758,0.043460701699552066,0.06325490047283758,0.043460701699552066,1.0,0.1285373485486346,1.0,1.0,0.2857142857142857
4296,ReFAM_new2_sta3_j1_k8,0.1000000014901161,resnet34,cifar,resnet34cifar,2,NO,NO,1.0,1.0,0.9553211396656033,0.9553742802303264,1.0,0.11472228696561854,0.25292579670344145,0.11472228696561854,0.25292579670344145,1.0,0.29873091369436827,1.0,0.7581602373887241,0.2857142857142857
4297,ReFAM_new2_sta2_j7_k1,0.1030000001192092,resnet18,cifar,resnet18cifar,2,NO,NO,0.21838418979995947,0.2690208391715283,0.3323171828762942,0.3322936660268714,0.2346683666218013,0.028827373628418675,0.03863368586293663,0.028827373628418675,0.03863368586293663,0.4025244205753677,0.11325262893892979,0.43549539900099576,0.28486646884273,0.2857142857142857
4298,mul8_486,0.1008000001311302,resnet34,cifar,resnet34cifar,2,NO,NO,1.0,0.9417784026189081,0.9451026588798812,0.9450575815738963,0.8813551571200237,0.05154327177591437,0.03874957638502344,0.05154327177591437,0.03874957638502344,0.9306070952311885,0.11878220860727444,1.0,1.0,0.17857142857142858
4299,ReFAM_sta2_j2_k5_const1,0.6114000082015991,vgg16,mnist,vgg16mnist,2,NO,YES,0.034664157111104675,0.05421878582528724,0.19735296601567762,0.19745681381957772,0.023814505444510595,1.0,1.0,1.0,1.0,0.177123504257007,1.0,1.0,0.13649851632047477,1.0
4300,mul8_054,0.1049000024795532,resnet18,cifar,resnet18cifar,2,NO,NO,0.6893834245470942,0.4138723771940998,0.5683863284948961,0.5683781190019194,0.31260880633911775,0.04025443251359159,0.032703954149495264,0.04025443251359159,0.032703954149495264,0.5572563357894631,0.10716098481455605,0.9960221059726445,0.7989614243323442,0.29017857142857145
4301,ReFAM_new1_sta1_j1_k4,0.8877000212669373,vgg16,mnist,vgg16mnist,2,NO,YES,0.18372003268885478,0.007652281354291392,0.1039500140051975,0.10388675623800385,0.008537206953634057,1.0,1.0,1.0,1.0,0.09771256773863979,1.0,0.926671132931098,0.04599406528189911,1.0
4302,ReFAM_sta2_j1_k4_const1,0.1018000021576881,resnet34,mnist,resnet34mnist,2,NO,YES,0.06759510636665413,0.0024416923547244795,0.052119141797392424,0.05206333973128599,0.0014621469568180069,1.0,1.0,1.0,1.0,0.045838450584297724,1.0,1.0,0.022997032640949554,1.0
4303,ReFAM_new_sta3_j3_k3,0.9843000173568726,resnet34,mnist,resnet34mnist,0,NO,NO,0.01689877659166353,0.002369992026087178,0.02656404360293676,0.02663147792706334,0.002349428939666606,0.0019450120784075652,0.00034240381525646045,0.0019450120784075652,0.00034240381525646045,0.037508424429245416,0.010555316696822583,0.33606739307946215,0.03857566765578635,0.063492
4304,ReFAM_new1_sta4_j1_k5,0.1009000018239021,resnet34,mnist,resnet34mnist,2,NO,YES,1.0,1.0,1.0,1.0,1.0,1.0,1.0,1.0,1.0,1.0,1.0,1.0,1.0,1.0
4305,ReFAM_new_sta1_j4_k5,0.0100999996066093,resnet34,cifar100,resnet34cifar100,2,NO,NO,0.3787059164388186,0.25334508668127276,0.2708869351801558,0.270873320537428,0.2930411798731265,0.0070799162371017604,0.0012818194109600828,0.0070799162371017604,0.0012818194109600828,0.4093924108610029,0.0210009076631853,0.4175984393867507,0.5578635014836796,0.060421
4306,ReFAM_sta3_j2_k1_const1,0.987600028514862,vgg16,mnist,vgg16mnist,0,NO,YES,0.022531702122218042,7.563116194940513e-05,0.01245324627017341,0.012476007677543186,8.563891364490207e-05,1.0,1.0,1.0,1.0,0.0109956313846216,1.0,0.8272431270095645,0.004451038575667656,1.0
4307,mul8_262,0.018300000578165,resnet34,cifar100,resnet34cifar100,2,NO,NO,0.12289145991709678,0.012343606667006344,0.08767584611008113,0.08757197696737044,0.012045503072298078,0.007509932841524425,0.0030570514992897314,0.007509932841524425,0.0030570514992897314,0.09696954047590055,0.0317600007165762,0.9221974021002303,0.1446587537091988,0.14285714285714285
4308,ReFAM_new_sta3_j5_k3,0.1321000009775161,resnet34,cifar,resnet34cifar,2,NO,NO,0.20278531909996236,0.05917939393167401,0.1763020760074422,0.17634357005758158,0.05394646851474412,0.009059257372164916,0.001968382958474319,0.009059257372164916,0.001968382958474319,0.2007792276787473,0.026093077276771588,0.560496162610036,0.22551928783382788,0.06762471428571429
4309,ReFAM_new2_sta2_j2_k1,0.3903999924659729,resnet18,mnist,resnet18mnist,2,YES,NO,0.034664157111104675,0.00026749547805263293,0.01844925373359024,0.018474088291746644,0.0003519837918616159,0.0027671026456861925,0.001994721713494047,0.0027671026456861925,0.001994721713494047,0.01835934312686883,0.025260803879065822,0.6363408669304342,0.008902077151335312,0.2857142857142857
4310,ReFAM_sta1_j2_k5_const1,0.1000000014901161,resnet34,cifar,resnet34cifar,2,NO,YES,0.22185060551106994,0.07444653911802919,0.25716530271579807,0.2571976967370442,0.03370770127799306,1.0,1.0,1.0,1.0,0.2243412694089547,1.0,1.0,0.18545994065281898,1.0
4311,ReFAM_sta4_j8_k2_const1,0.1009000018239021,resnet34,mnist,resnet34mnist,2,NO,YES,1.0,1.0,1.0,1.0,0.9494056450038113,1.0,1.0,1.0,1.0,1.0,1.0,0.8949161964531888,1.0,1.0
4312,mul8_279,0.101000003516674,vgg16,mnist,vgg16mnist,2,NO,NO,1.0,1.0,1.0,1.0,1.0,0.09031794126840442,0.05873015594298889,0.09031794126840442,0.05873015594298889,1.0,0.1555769035548151,1.0,1.0,1.0
4313,ReFAM_new2_sta2_j3_k6,0.0998999997973442,resnet18,cifar,resnet18cifar,2,NO,NO,0.8856692141887245,1.0,0.8444172993604545,0.8442898272552783,0.9482829405222618,0.06970695633163312,0.12091068879356212,0.06970695633163312,0.12091068879356212,0.8934862067961243,0.2041645020093991,0.8923840688754991,0.7537091988130564,0.2857142857142857
4314,mul8_083,0.6776000261306763,resnet34,mnist,resnet34mnist,2,NO,NO,0.06759510636665413,0.002183750286602298,0.043701669781441875,0.043666026871401156,0.0021156838281064043,0.004583832459749181,0.0018542483533888323,0.004583832459749181,0.0018542483533888323,0.044190288402232845,0.024554677749711876,0.7556552885525841,0.037091988130563795,0.14285714285714285
4315,mul8_283,0.1134999990463256,resnet34,mnist,resnet34mnist,2,NO,NO,0.655477545872795,0.11314438932056149,0.38101379992371753,0.3809980806142035,0.1199930846468494,0.027867966834517685,0.017148285434844066,0.027867966834517685,0.017148285434844066,0.36136981365028376,0.07727378585120295,0.9824909537782357,0.43991097922848665,0.14285714285714285
4316,mul8_305,0.017799999564886,resnet34,cifar100,resnet34cifar100,2,NO,NO,0.1237580638448744,0.012470265724912746,0.08812221104476235,0.08805182341650672,0.012190102857962253,0.0075180634075744344,0.0030570514992897314,0.0075180634075744344,0.0030570514992897314,0.09751173734172228,0.031761493583657284,0.9221974021002303,0.1446587537091988,0.14285714285714285
4317,ReFAM_new1_sta2_j2_k5,0.1000000014901161,resnet34,cifar,resnet34cifar,2,NO,YES,0.48183178384435504,0.08136639237765267,0.29164234563044483,0.2917466410748561,0.08331668547631428,1.0,1.0,1.0,1.0,0.28670544323896063,1.0,0.9644545082459596,0.18694362017804153,1.0
4318,ReFAM_new1_sta3_j6_k3,0.1009000018239021,resnet34,mnist,resnet34mnist,2,NO,YES,1.0,1.0,0.8908034794643129,0.8908349328214972,1.0,1.0,1.0,1.0,1.0,0.9430559865939896,1.0,0.7445463042340593,0.712166172106825,1.0
4319,ReFAM_sta1_j5_k5_const1,0.0979999974370002,vgg16,mnist,vgg16mnist,2,NO,YES,1.0,1.0,1.0,1.0,1.0,1.0,1.0,1.0,1.0,1.0,1.0,1.0,1.0,1.0
4320,ReFAM_new2_sta3_j2_k2,0.1134999990463256,resnet18,mnist,resnet18mnist,2,YES,NO,0.07626114564443029,0.0011846228313759457,0.04058835821389852,0.040547024952015356,0.0015587853639585844,0.005991323782628412,0.0057945261043401,0.005991323782628412,0.0057945261043401,0.03959908155669335,0.04316774451669921,0.7477005186432601,0.020771513353115726,0.2857142857142857
4321,mul8_062,0.9521999955177308,vgg16,mnist,vgg16mnist,1,NO,NO,0.45686276164167816,0.0832475861462818,0.27717301288032437,0.2771113243761996,0.08775079708724662,0.019383269463220026,0.009813820120350552,0.019383269463220026,0.009813820120350552,0.28232772442989046,0.05805760078345665,0.9677787529348041,0.39243323442136496,0.2857142857142857
4322,ReFAM_sta4_j4_k4_const1,0.1000000014901161,vgg16,cifar,vgg16cifar,2,NO,YES,0.5199623566665702,0.09997961939214838,0.3508781394615398,0.35076775431861806,0.07427468851009171,1.0,1.0,1.0,1.0,0.3142146951519175,1.0,0.9883167816831572,0.19584569732937684,1.0
4323,ReFAM_sta2_j1_k9_const1,0.1015999987721443,resnet34,cifar,resnet34cifar,2,NO,YES,0.039863780677770376,1.0,1.0,1.0,1.0,1.0,1.0,1.0,1.0,1.0,1.0,1.0,1.0,1.0
4324,ReFAM_new2_sta2_j4_k5,0.101000003516674,resnet34,cifar,resnet34cifar,2,NO,NO,0.8614043042109513,1.0,0.8360106386071918,0.8358925143953936,0.9505891087263785,0.0680022476498147,0.11636813151115973,0.0680022476498147,0.11636813151115973,0.889788088998224,0.20020243277619534,0.8281126231701382,0.7477744807121661,0.2857142857142857
4325,ReFAM_new_sta3_j1_k3,0.9883999824523926,vgg16,mnist,vgg16mnist,0,NO,NO,0.003466415711110468,6.050492955952411e-05,0.0025367723883686576,0.00263915547024952,7.588341467533027e-05,0.00024120679281691587,3.687425702761882e-05,0.00024120679281691587,3.687425702761882e-05,0.006052896226962023,0.003419412049228785,0.1034058999488891,0.005934718100890208,0.063492
4326,mul8_076,0.1185000017285347,resnet34,mnist,resnet34mnist,2,NO,NO,0.10399247133331403,0.01895396530201513,0.11200714995662654,0.11204414587332055,0.013267199643082053,0.009887671713037994,0.006718138447031886,0.009887671713037994,0.006718138447031886,0.11203582109827605,0.04689020858338857,0.8650254841790388,0.09792284866468842,1.0
4327,ReFAM_new2_sta4_j3_k3,0.1000000014901161,resnet34,cifar,resnet34cifar,2,NO,NO,1.0,1.0,1.0,1.0,1.0,1.0,1.0,1.0,1.0,1.0,1.0,1.0,1.0,0.2857142857142857
4328,ReFAM_new_sta1_j1_k4,0.7038999795913696,vgg16,cifar,vgg16cifar,0,NO,NO,0.020365192302773998,0.0008581649045932795,0.014471133397284843,0.014395393474088292,0.0010160413748830923,0.0010244513223010585,0.00010535502007891092,0.0010244513223010585,0.00010535502007891092,0.023598533954073433,0.0058654747615891276,0.2982850359099878,0.03115727002967359,0.05714285714285715
4329,mul8_010,0.1147999987006187,resnet34,cifar,resnet34cifar,2,NO,NO,0.30591118650549876,0.06765705009808168,0.21680350502759876,0.21689059500959693,0.06379536229376997,0.016201507948983406,0.010456485742831909,0.016201507948983406,0.010456485742831909,0.23062249310352867,0.059136197249541694,0.9520260075057678,0.3353115727002967,1.0
4330,ReFAM_sta4_j4_k1_const0,0.3253999948501587,resnet18,mnist,resnet18mnist,2,YES,NO,0.09012680848887217,0.0012100985911904821,0.04796805970733462,0.047984644913627646,0.0015923076298501669,0.005883819631522746,0.002726939103042477,0.005883819631522746,0.002726939103042477,0.04398252824542385,0.02981180917575823,0.7755406861078135,0.02967359050445104,0.14285714285714285
4331,ReFAM_new_sta3_j5_k4,0.1071000024676323,resnet34,cifar,resnet34cifar,2,NO,NO,0.5749917060804488,0.27699311000433086,0.4313107605877537,0.43138195777351246,0.2507585772614395,0.018291063423835567,0.004396816171293215,0.018291063423835567,0.004396816171293215,0.45797870072789465,0.04029397538560757,0.6760658454984738,0.5103857566765578,0.06762471428571429
4332,mul8_399,0.1077999994158744,resnet34,mnist,resnet34mnist,2,NO,NO,1.0,1.0,1.0,1.0,1.0,0.09031794126840442,0.05873015594298889,0.09031794126840442,0.05873015594298889,1.0,0.1555769035548151,1.0,1.0,1.0
4333,ReFAM_new2_sta4_j5_k2,0.101000003516674,vgg16,mnist,vgg16mnist,2,NO,NO,1.0,1.0,1.0,1.0,1.0,1.0,1.0,1.0,1.0,1.0,1.0,1.0,1.0,0.2857142857142857
4334,ReFAM_new2_sta2_j2_k3,0.9851999878883362,vgg16,mnist,vgg16mnist,0,YES,NO,0.13172379702219777,0.0038341018520877384,0.0701071641876429,0.07005758157389635,0.005045101016683161,0.009605812089971036,0.010345862971749052,0.009605812089971036,0.010345862971749052,0.06964777105125776,0.05784113505669909,0.8073577294543351,0.04451038575667656,0.2857142857142857
4335,ReFAM_sta3_j5_k5_const1,0.1000000014901161,resnet18,cifar,resnet18cifar,2,NO,YES,0.5290616979082351,1.0,1.0,1.0,1.0,1.0,1.0,1.0,1.0,1.0,1.0,1.0,1.0,1.0
4336,ReFAM_sta1_j2_k6_const0,0.1134999990463256,resnet34,mnist,resnet34mnist,2,YES,NO,1.0,0.3010788984281456,0.701071641876429,0.7010556621880999,0.39617451887319444,0.03845035024671751,0.02569257756324374,0.03845035024671751,0.02569257756324374,0.6616039780871356,0.09571666577094642,0.8844140267853688,0.5637982195845698,0.14285714285714285
4337,mul8_340,0.901799976825714,resnet34,cifar,resnet34cifar,1,NO,NO,0.018036197713287364,0.0010247703742389115,0.01814657158698621,0.018234165067178506,0.0010564933132963838,0.001783304153635176,0.00044249108433142584,0.001783304153635176,0.00044249108433142584,0.02528035419648623,0.011941443781611459,0.5244843602687089,0.03560830860534125,0.14285714285714285
4338,ReFAM_sta1_j5_k3_const1,0.0979999974370002,vgg16,mnist,vgg16mnist,2,NO,YES,0.41596988533325613,0.2839018673731944,0.49720738812025694,0.4971209213051824,0.12957089066663,1.0,1.0,1.0,1.0,0.4355394235677923,1.0,0.9644545082459596,0.3560830860534125,1.0
4339,ReFAM_new2_sta4_j5_k3,0.1000000014901161,resnet18,cifar,resnet18cifar,2,NO,NO,1.0,1.0,1.0,1.0,1.0,1.0,1.0,1.0,1.0,1.0,1.0,1.0,1.0,0.2857142857142857
4340,ReFAM_sta3_j1_k5_const1,0.0976999998092651,resnet34,mnist,resnet34mnist,2,NO,YES,0.10832549097220212,0.009653521705347362,0.09623880156127328,0.09620921305182342,0.005392519846942458,1.0,1.0,1.0,1.0,0.08568643774715573,1.0,1.0,0.06083086053412463,1.0
4341,mul8_043,0.1084000021219253,resnet34,cifar,resnet34cifar,2,NO,NO,0.6603521929665441,0.49114239675948335,0.6195741113754587,0.6194817658349329,0.3257592112902628,0.04249304836602724,0.02965568223521211,0.04249304836602724,0.02965568223521211,0.5907712695262464,0.10316383320494676,1.0,0.8115727002967359,0.2857142857142857
4342,ReFAM_sta1_j1_k8_const0,0.1134999990463256,resnet34,mnist,resnet34mnist,2,YES,NO,1.0,1.0,1.0,1.0,1.0,0.06089974650701848,0.04122717527387915,0.06089974650701848,0.04122717527387915,1.0,0.1249552139875674,0.9187173811671612,1.0,0.14285714285714285
4343,mul8_098,0.989400029182434,vgg16,mnist,vgg16mnist,0,NO,NO,0.02859792961666136,0.00036283054798359364,0.0170079057856535,0.017034548944337813,0.0004065188532042848,0.0019685003803298117,0.0007357292235510612,0.0019685003803298117,0.0007357292235510612,0.01825929201149813,0.015372798767488937,0.5786720940603434,0.01483679525222552,0.2857142857142857
4344,ReFAM_new_sta3_j4_k5,0.1106000021100044,resnet34,cifar,resnet34cifar,2,NO,NO,0.5793247257193369,0.27787441207041497,0.4330917260882691,0.43306142034548945,0.25176723371466897,0.018468129084480193,0.004467052851345823,0.018468129084480193,0.004467052851345823,0.45936258189903567,0.04062613831114933,0.6865211804784876,0.5103857566765578,0.06800742857142857
4345,mul8_104,0.0447999984025955,resnet34,cifar100,resnet34cifar100,2,NO,NO,0.09131838888956638,0.029553097330140374,0.1353488764212604,0.13531669865642995,0.019242935497350563,0.012316000773307169,0.007113219772327802,0.012316000773307169,0.007113219772327802,0.1351733473616938,0.04858834488812454,0.9451280725082419,0.22255192878338279,0.2857142857142857
4346,mul8_218,0.1014999970793724,resnet34,cifar,resnet34cifar,2,NO,NO,0.15685531092774865,0.03145121869666013,0.09821705231166346,0.09812859884836853,0.0380892278010285,0.009138756240209442,0.004630353132468135,0.009138756240209442,0.004630353132468135,0.14779481952210485,0.03906683864495441,0.648024085247277,0.2195845697329377,0.14285714285714285
4347,ReFAM_sta2_j4_k1_const1,0.1198000013828277,resnet34,mnist,resnet34mnist,2,NO,YES,0.038130572822215145,0.002136779354444246,0.04151082090057804,0.04150671785028791,0.001197373434814961,1.0,1.0,1.0,1.0,0.03808998557957571,1.0,0.779517561989782,0.017804154302670624,1.0
4348,ReFAM_new2_sta3_j4_k5,0.0099999997764825,resnet34,cifar100,resnet34cifar100,2,NO,NO,1.0,1.0,0.9387481159991073,0.9388195777351247,1.0,0.11177360167814883,0.24096800192448503,0.11177360167814883,0.24096800192448503,1.0,0.29153006932874725,0.8450311450673911,0.7477744807121661,0.2857142857142857
4349,mul8_270,0.1000000014901161,vgg16,cifar,vgg16cifar,2,NO,NO,0.948064696988713,0.4155279532774565,0.654752572777952,0.6547504798464492,0.332450332127078,0.043877954783212006,0.0324651494373164,0.043877954783212006,0.0324651494373164,0.6132393403800852,0.10777604605196371,0.9955252510237451,0.7470326409495549,0.14732142857142858
4350,ReFAM_sta1_j8_k1_const0,0.1005999967455864,resnet34,cifar,resnet34cifar,2,YES,NO,1.0,0.795658930527603,1.0,1.0,1.0,0.03694167854632706,0.01820007971863186,0.03694167854632706,0.01820007971863186,1.0,0.08189570233424696,0.7675859161984895,0.8545994065281899,0.14285714285714285
4351,mul8_001,0.1000000014901161,vgg16,cifar,vgg16cifar,2,NO,NO,1.0,0.7456328477313836,0.8853999993033562,0.88531669865643,0.8603522927910576,0.048425651393850036,0.03330798959794769,0.048425651393850036,0.03330798959794769,0.8933256312661388,0.11031765225751361,0.9995021269057137,1.0,0.14285714285714285
4352,ReFAM_sta2_j3_k3_const0,0.8014000058174133,vgg16,mnist,vgg16mnist,2,YES,NO,0.33450911612216017,0.009972963849896823,0.1780352985291458,0.17802303262955857,0.013122919525745421,0.016825754742378497,0.00931162785797441,0.016825754742378497,0.00931162785797441,0.1509830612874272,0.056104930641395406,0.9495396964704972,0.08605341246290801,0.14285714285714285
4353,ReFAM_new_sta1_j2_k5,0.5037999749183655,resnet18,mnist,resnet18mnist,2,NO,NO,0.09315992223609382,0.014908842559804347,0.06317428148052988,0.06309980806142035,0.017731068684507086,0.0031112966084698816,0.0004512706693380018,0.0031112966084698816,0.0004512706693380018,0.09949606325889786,0.012244495799072032,0.3748444782921222,0.13798219584569732,0.060252714285714284
4354,ReFAM_new1_sta1_j2_k4,0.0957999974489212,resnet18,mnist,resnet18mnist,2,NO,YES,0.3535744025332677,0.031195067892899907,0.20161575095739082,0.2015355086372361,0.0346017180516706,1.0,1.0,1.0,1.0,0.19236404939209098,1.0,0.8650254841790388,0.09198813056379822,1.0
4355,mul8_212,0.1000000014901161,resnet18,cifar,resnet18cifar,2,NO,NO,0.8767865239290039,0.35858981667643236,0.5890226047341258,0.5890115163147793,0.3128137805972316,0.039414274021757394,0.028672368714475604,0.039414274021757394,0.028672368714475604,0.5687519547641299,0.10078942811247858,0.9957736784981948,0.7574183976261127,0.15178571428571427
4356,ReFAM_new2_sta3_j1_k5,0.0108000002801418,resnet34,cifar100,resnet34cifar100,2,NO,NO,0.29551193937216735,0.019210116105775353,0.15890861033756262,0.1588291746641075,0.024643636537089526,0.022650853619095628,0.034623171431932755,0.022650853619095628,0.034623171431932755,0.15608962842083365,0.10647351952371568,0.9545113003956514,0.09347181008902077,0.2857142857142857
4357,mul8_423,0.1000000014901161,vgg16,cifar,vgg16cifar,2,NO,NO,1.0,0.6571910108781495,0.9360091065811618,0.9359404990403072,0.7496314381947604,0.05139692158701421,0.03823860453764072,0.05139692158701421,0.03823860453764072,0.8940006737946302,0.11805518233878527,0.9962094447238687,0.9310089020771514,0.14285714285714285
4358,ReFAM_new2_sta1_j1_k3,0.7074000239372253,vgg16,cifar,vgg16cifar,0,NO,NO,0.024264909977773273,0.0010031080426973734,0.02064010261445408,0.020633397312859885,0.0010008065945090094,0.002732773589030601,0.0022739125167031606,0.002732773589030601,0.0022739125167031606,0.025822537527620672,0.026951475848396363,0.5249812152176082,0.02225519287833828,0.2857142857142857
4359,mul8_486,0.7972000241279602,vgg16,mnist,vgg16mnist,2,NO,NO,1.0,0.9417784026189081,0.9451026588798812,0.9450575815738963,0.8813551571200237,0.05154327177591437,0.03874957638502344,0.05154327177591437,0.03874957638502344,0.9306070952311885,0.11878220860727444,1.0,1.0,0.17857142857142858
4360,mul8_043,0.1134999990463256,resnet18,mnist,resnet18mnist,2,NO,NO,0.6603521929665441,0.49114239675948335,0.6195741113754587,0.6194817658349329,0.3257592112902628,0.04249304836602724,0.02965568223521211,0.04249304836602724,0.02965568223521211,0.5907712695262464,0.10316383320494676,1.0,0.8115727002967359,0.2857142857142857
4361,mul8_062,0.1099999994039535,resnet18,cifar,resnet18cifar,2,NO,NO,0.45686276164167816,0.0832475861462818,0.27717301288032437,0.2771113243761996,0.08775079708724662,0.019383269463220026,0.009813820120350552,0.019383269463220026,0.009813820120350552,0.28232772442989046,0.05805760078345665,0.9677787529348041,0.39243323442136496,0.2857142857142857
4362,ReFAM_sta3_j5_k3_const1,0.1036999970674514,resnet18,mnist,resnet18mnist,2,NO,YES,0.013865662844441871,0.18006267036914375,0.35531749114118494,0.3553262955854127,0.08157810922183704,1.0,1.0,1.0,1.0,0.3218866215000256,1.0,0.9608502735756654,0.32047477744807124,1.0
4363,mul8_414,0.8726999759674072,resnet34,cifar,resnet34cifar,1,NO,NO,0.022531702122218042,0.0003240198201411357,0.013836940300192679,0.013915547024952016,0.00036769735399829514,0.0015186090588960135,0.00041966416331432846,0.0015186090588960135,0.00041966416331432846,0.01624162474565717,0.011614505890853501,0.4295300851780431,0.011869436201780416,0.14285714285714285
4364,mul8_394,0.1115000024437904,resnet18,cifar,resnet18cifar,2,NO,NO,0.4530713694576511,0.09726547370901586,0.29013253250190274,0.2900671785028791,0.09594225911144641,0.019245953236597665,0.008242274404173465,0.019245953236597665,0.008242274404173465,0.29537575038099667,0.05355809940106172,0.7781033580471157,0.4035608308605341,0.5079365714285714
4365,ReFAM_new1_sta1_j5_k2,0.1000000014901161,resnet34,cifar,resnet34cifar,2,NO,YES,0.6308876594221051,0.11259012050034392,0.36160537317836866,0.3615642994241843,0.12597667522056688,1.0,1.0,1.0,1.0,0.35418494926586086,1.0,0.7198603511787068,0.1661721068249258,1.0
4366,ReFAM_sta4_j1_k4_const0,0.151199996471405,resnet34,cifar,resnet34cifar,2,YES,NO,0.10919209489997973,0.0013016521030239727,0.058115149260809254,0.058061420345489445,0.0017127782728980415,0.007424110199885449,0.004256342811188001,0.007424110199885449,0.004256342811188001,0.05066024519022623,0.037260469476839655,0.9067857353758687,0.030415430267062313,0.14285714285714285
4367,mul8_465,0.1149000003933906,resnet18,cifar,resnet18cifar,2,NO,NO,1.0,0.5183351829796449,0.577167066316861,0.5772552783109406,0.6397082353893617,0.03287549212509508,0.02133790339998209,0.03287549212509508,0.02133790339998209,0.6774563939512627,0.08665197685458877,0.978498805715461,0.973293768545994,0.42857142857142855
4368,mul8_354,0.101400002837181,resnet34,cifar,resnet34cifar,2,NO,NO,1.0,1.0,1.0,1.0,1.0,0.09031794126840442,0.05873015594298889,0.09031794126840442,0.05873015594298889,1.0,0.1555769035548151,1.0,1.0,1.0
4369,mul8_040,0.099600002169609,resnet18,cifar,resnet18cifar,2,NO,NO,0.9404886859969583,0.25386571874761166,0.5582672781172457,0.5583013435700577,0.25882140409359994,0.03417818948555198,0.023694344015747066,0.03417818948555198,0.023694344015747066,0.529985348511525,0.09119178564817303,0.9949347266992338,0.7655786350148368,0.5089285714285714
4370,ReFAM_sta3_j1_k5_const0,0.1009000018239021,resnet34,cifar,resnet34cifar,2,YES,NO,0.3284428886277168,0.009653521705347362,0.1748066791257675,0.17490403071017277,0.012702581738589252,0.017789678517418382,0.011409948674546052,0.017789678517418382,0.011409948674546052,0.14832065836487027,0.061941294494903355,0.9545113003956514,0.10756676557863501,0.14285714285714285
4371,ReFAM_new1_sta2_j6_k3,0.100100003182888,resnet34,cifar,resnet34cifar,2,NO,YES,1.0,1.0,0.9365446552083911,0.9364203454894434,1.0,1.0,1.0,1.0,1.0,0.988295413574418,1.0,0.7355825522461306,0.712166172106825,1.0
4372,ReFAM_sta4_j2_k3_const0,0.9869999885559082,vgg16,mnist,vgg16mnist,0,YES,NO,0.1074588870444245,0.0012769724607036405,0.057192686574129736,0.05710172744721689,0.001680303577815571,0.007264209067568616,0.004031585435019657,0.007264209067568616,0.004031585435019657,0.049950147821658804,0.03626547356729547,0.9028088594939003,0.02967359050445104,0.14285714285714285
4373,mul8_355,0.1134999990463256,resnet18,mnist,resnet18mnist,2,NO,NO,1.0,1.0,1.0,1.0,1.0,0.06340938122778775,0.04257571953088922,0.06340938122778775,0.04257571953088922,1.0,0.12749234159187403,1.0,1.0,0.2857142857142857
4374,mul8_113,0.0105999996885657,resnet34,cifar100,resnet34cifar100,2,NO,NO,0.3884010513472464,1.0,1.0,1.0,1.0,0.07342714199762587,0.03736240195398444,0.07342714199762587,0.03736240195398444,1.0,0.12464395120116085,1.0,1.0,0.44642857142857145
4375,mul8_262,0.1000000014901161,resnet18,cifar,resnet18cifar,2,NO,NO,0.12289145991709678,0.012343606667006344,0.08767584611008113,0.08757197696737044,0.012045503072298078,0.007509932841524425,0.0030570514992897314,0.007509932841524425,0.0030570514992897314,0.09696954047590055,0.0317600007165762,0.9221974021002303,0.1446587537091988,0.14285714285714285
4376,ReFAM_sta2_j1_k8_const1,0.0992999970912933,resnet34,cifar,resnet34cifar,2,NO,YES,0.4038374303443695,0.9791823236440527,0.8415388800015965,0.8414107485604607,0.47349345638428175,1.0,1.0,1.0,1.0,0.766903376887966,1.0,1.0,0.7054896142433235,1.0
4377,ReFAM_sta1_j7_k2_const0,0.1009000018239021,resnet34,cifar,resnet34cifar,2,YES,NO,1.0,0.9684864851094184,1.0,1.0,1.0,0.04667125591950378,0.02617018698760147,0.04667125591950378,0.02617018698760147,1.0,0.09894946943503938,0.8451400866238096,0.9970326409495549,0.14285714285714285
4378,mul8_124,0.1002999991178512,vgg16,cifar,vgg16cifar,2,NO,NO,0.8246819627713747,0.3560250091075841,0.5707351620253314,0.5707773512476008,0.30463293658314167,0.03870601137917888,0.028379130575255967,0.03870601137917888,0.028379130575255967,0.5554167687667081,0.10013704519804374,0.996488416559931,0.8167655786350149,0.15178571428571427
4379,mul8_198,0.1002999991178512,resnet34,mnist,resnet34mnist,2,NO,NO,0.3852596121090525,1.0,1.0,1.0,1.0,0.07289413822323643,0.036298316251187436,0.07289413822323643,0.036298316251187436,1.0,0.1230652442629118,1.0,1.0,0.44642857142857145
4380,ReFAM_new1_sta3_j2_k4,0.4860000014305115,vgg16,mnist,vgg16mnist,2,NO,YES,0.32670968077216156,0.01737745363411714,0.175426459665843,0.17538387715930903,0.022202904979627708,1.0,1.0,1.0,1.0,0.16207752837250103,1.0,0.9843399058011888,0.09198813056379822,1.0
4381,ReFAM_new1_sta2_j7_k1,0.0979999974370002,vgg16,mnist,vgg16mnist,2,NO,YES,0.3917049753554829,0.28583484064912235,0.37336677243353245,0.37332053742802307,0.25800562532179283,1.0,1.0,1.0,1.0,0.4333806030482243,1.0,0.47924408813880987,0.28486646884273,1.0
4382,ReFAM_sta2_j1_k8_const1,0.0988999977707862,resnet18,cifar,resnet18cifar,2,NO,YES,0.4038374303443695,0.9791823236440527,0.8415388800015965,0.8414107485604607,0.47349345638428175,1.0,1.0,1.0,1.0,0.766903376887966,1.0,1.0,0.7054896142433235,1.0
4383,ReFAM_new1_sta2_j2_k7,0.0979999974370002,vgg16,mnist,vgg16mnist,2,NO,YES,1.0,1.0,1.0,1.0,1.0,1.0,1.0,1.0,1.0,1.0,1.0,0.9875246645720023,0.7566765578635015,1.0
4384,mul8_342,0.817799985408783,resnet18,cifar,resnet18cifar,2,NO,NO,0.029730268972852705,0.0008993374901281432,0.016981781642366738,0.017034548944337813,0.0011366067183321104,0.0015420973608182601,0.0003213328112406783,0.0015420973608182601,0.0003213328112406783,0.025536216631916943,0.010174635591145507,0.4459354618002032,0.02967359050445104,0.14285714285714285
4385,mul8_136,0.1306000053882599,vgg16,cifar,vgg16cifar,2,NO,NO,0.2741718176506436,0.2557517218811301,0.2908207745327328,0.2907869481765835,0.2586238473407822,0.013441632473119445,0.013899838982410978,0.013441632473119445,0.013899838982410978,0.3982235300652194,0.06733576969240966,0.31436460600827953,0.47477744807121663,0.5626374285714285
4386,mul8_359,0.1134999990463256,resnet34,mnist,resnet34mnist,2,NO,NO,0.3915086375696056,0.1830231101317097,0.361614605184937,0.3615642994241843,0.13330082781117517,0.026751369096983196,0.016765495528557356,0.026751369096983196,0.016765495528557356,0.358681602786006,0.07621459665717203,0.9904294333613664,0.5682492581602374,0.2857142857142857
4387,ReFAM_new2_sta1_j2_k3,0.7069000005722046,vgg16,cifar,vgg16cifar,0,NO,NO,0.041596988533325614,0.004203500369398518,0.04070366604973347,0.0407869481765835,0.004094937917191732,0.004505236987932433,0.004129916787093308,0.004505236987932433,0.004129916787093308,0.051786761575647544,0.03639236726918782,0.5011189417804105,0.04451038575667656,0.2857142857142857
4388,ReFAM_sta4_j1_k2_const0,0.9890999794006348,vgg16,mnist,vgg16mnist,0,YES,NO,0.019065286411107572,7.244669197258808e-05,0.01014708955347463,0.010076775431861805,9.532894362918763e-05,0.0015402905683627025,0.0006110591164576833,0.0015402905683627025,0.0006110591164576833,0.009853401227258852,0.01399115028394332,0.6999749536234776,0.0051928783382789315,0.14285714285714285
4389,mul8_480,0.099200002849102,resnet34,cifar,resnet34cifar,2,NO,NO,0.4602750111408868,0.0316568626856546,0.24506878752596659,0.2449616122840691,0.04159697351760885,0.019488063425642358,0.009977120401472864,0.019488063425642358,0.009977120401472864,0.224740518321515,0.058521882445674564,0.9425796546043589,0.24629080118694363,0.14285714285714285
4390,ReFAM_new2_sta1_j2_k7,0.0100999996066093,resnet34,cifar100,resnet34cifar100,2,NO,NO,0.6655518165332098,1.0,0.6820962966030734,0.682101727447217,0.8975542037125588,0.033801473258568256,0.041871596813361826,0.033801473258568256,0.041871596813361826,0.8017380292573325,0.11860157169046297,0.6639326069205378,0.7566765578635015,0.2857142857142857
4391,ReFAM_sta4_j1_k7_const0,0.1134999990463256,resnet34,mnist,resnet34mnist,2,YES,NO,1.0,0.10106472753674878,0.6484912687356968,0.6485124760076776,0.13298597150433497,0.05558868008390744,0.04768719392171771,0.05558868008390744,0.04768719392171771,0.5333577053349642,0.13130363124988803,0.9982599895334655,0.3805637982195846,0.14285714285714285
4392,ReFAM_new2_sta3_j6_k1,0.1000000014901161,resnet34,cifar,resnet34cifar,2,NO,NO,0.3761061046554858,0.06726794767278935,0.2074964505849727,0.20753358925143955,0.08483974396580378,0.028419941929690478,0.041943589410415746,0.028419941929690478,0.041943589410415746,0.24548206656776617,0.11772973731510841,0.46408186703428506,0.142433234421365,0.2857142857142857
4393,ReFAM_new2_sta2_j1_k1,0.6097000241279602,resnet34,cifar100,resnet34cifar100,2,YES,NO,0.013865662844441871,6.368939953634117e-05,0.007379701493436096,0.007437619961612285,8.380566472895615e-05,0.0011988067942623499,0.0007743593975799951,0.0011988067942623499,0.0007743593975799951,0.008120812372828586,0.01571242602843613,0.5090726935443474,0.004451038575667656,0.2857142857142857
4394,ReFAM_new1_sta4_j7_k2,0.101000003516674,vgg16,mnist,vgg16mnist,2,NO,YES,1.0,1.0,1.0,1.0,1.0,1.0,1.0,1.0,1.0,1.0,1.0,1.0,1.0,1.0
4395,mul8_095,0.096400000154972,resnet18,cifar,resnet18cifar,2,NO,NO,0.31398143904934356,1.0,1.0,1.0,1.0,0.07454102954647703,0.037655640093204074,0.07454102954647703,0.037655640093204074,1.0,0.12546428166221793,1.0,1.0,0.42857142857142855
4396,ReFAM_sta4_j7_k1_const1,0.1000000014901161,resnet34,cifar,resnet34cifar,2,NO,YES,0.36050723395548867,0.09426031131378493,0.29345844219991973,0.293426103646833,0.06333663852868628,1.0,1.0,1.0,1.0,0.2720977124080293,1.0,0.7656595851261176,0.18991097922848665,1.0
4397,ReFAM_new2_sta1_j5_k2,0.9873999953269958,vgg16,mnist,vgg16mnist,0,NO,NO,0.14558945986663965,0.06408427381346649,0.15312880598879897,0.15307101727447217,0.06285005826348067,0.010522759261166428,0.011906873185918248,0.010522759261166428,0.011906873185918248,0.20024019792975098,0.06207789183282277,0.4295300851780431,0.1661721068249258,0.2857142857142857
4398,mul8_373,0.1000000014901161,vgg16,cifar,vgg16cifar,2,NO,NO,1.0,0.3054859063765827,0.6138106346162493,0.6137236084452975,0.3082963537020369,0.03762012911338887,0.02584183050835553,0.03762012911338887,0.02584183050835553,0.5809910584739663,0.09573905877716271,0.9953542025987143,0.650593471810089,0.235955
4399,ReFAM_new1_sta1_j2_k1,0.9861000180244446,vgg16,mnist,vgg16mnist,0,NO,YES,0.038130572822215145,0.0003534761674266935,0.021216641793628775,0.02111324376199616,0.00041798075283566884,1.0,1.0,1.0,1.0,0.02061542120235129,1.0,0.6840664319502168,0.008902077151335312,1.0
4400,ReFAM_new1_sta1_j3_k3,0.4891999959945678,vgg16,mnist,vgg16mnist,2,NO,YES,0.3379755318332706,0.030334464881665097,0.19348654853102762,0.1933781190019194,0.033661527340209066,1.0,1.0,1.0,1.0,0.18671982763391665,1.0,0.7894607698400902,0.08902077151335312,1.0
4401,mul8_271,0.0988999977707862,resnet18,cifar,resnet18cifar,2,NO,NO,1.0,0.4077479026443839,0.6852467686574868,0.6852207293666027,0.3697422182349284,0.04395203327388986,0.03149763916959173,0.04395203327388986,0.03149763916959173,0.6437058916891685,0.10636304735971529,0.998197882664853,0.8100890207715133,0.14285714285714285
4402,ReFAM_new2_sta4_j5_k2,0.1027999967336654,resnet18,mnist,resnet18mnist,2,NO,NO,1.0,1.0,1.0,1.0,1.0,1.0,1.0,1.0,1.0,1.0,1.0,1.0,1.0,0.2857142857142857
4403,ReFAM_sta2_j4_k2_const1,0.9455999732017516,vgg16,mnist,vgg16mnist,1,NO,YES,0.06586189851109889,0.009626652739917968,0.08740333956288375,0.08733205374280231,0.004775286064351547,1.0,1.0,1.0,1.0,0.0787341967400899,1.0,0.8988319836119318,0.04154302670623145,1.0
4404,mul8_423,0.0099999997764825,resnet34,cifar100,resnet34cifar100,2,NO,NO,1.0,0.6571910108781495,0.9360091065811618,0.9359404990403072,0.7496314381947604,0.05139692158701421,0.03823860453764072,0.05139692158701421,0.03823860453764072,0.8940006737946302,0.11805518233878527,0.9962094447238687,0.9310089020771514,0.14285714285714285
4405,mul8_395,0.0970999971032142,resnet34,mnist,resnet34mnist,2,NO,NO,0.20435604218547498,1.0,1.0,1.0,1.0,0.078394917854181,0.04366614398870595,0.078394917854181,0.04366614398870595,1.0,0.13435430513008842,1.0,1.0,0.42857142857142855
4406,ReFAM_new_sta1_j2_k7,0.0103000001981854,resnet34,cifar100,resnet34cifar100,2,NO,NO,0.3843388419693731,0.25477904356354925,0.27317507435565835,0.2732725527831094,0.2948943713694238,0.007339190954474249,0.001343276506006114,0.007339190954474249,0.001343276506006114,0.41119618404975594,0.021522664708025056,0.4459354618002032,0.5652818991097923,0.06098442857142857
4407,mul8_417,0.9031000137329102,vgg16,mnist,vgg16mnist,2,NO,NO,0.821648849024153,0.28878514945354494,0.4827002196405796,0.48272552783109407,0.32858319138200365,0.028049549476301203,0.01674266860754026,0.028049549476301203,0.01674266860754026,0.5186969699616754,0.07648331273176762,0.9900415199688855,0.6580118694362018,0.3125
4408,ReFAM_new1_sta3_j4_k2,0.1000000014901161,resnet18,cifar,resnet18cifar,2,NO,YES,0.27991306867217025,0.01622626773749777,0.15070734143626527,0.15067178502879078,0.020713208402270887,1.0,1.0,1.0,1.0,0.14587354088525445,1.0,0.7949292287141434,0.0830860534124629,1.0
4409,ReFAM_sta3_j1_k6_const1,0.5569999814033508,vgg16,mnist,vgg16mnist,2,NO,YES,0.12999058916664255,0.04157882836980613,0.18157380635763645,0.1816218809980806,0.020016578356478465,1.0,1.0,1.0,1.0,0.16277114590582653,1.0,1.0,0.13204747774480713,1.0
4410,ReFAM_sta2_j1_k1_const0,0.9225000143051147,resnet18,cifar,resnet18cifar,0,YES,NO,0.006932831422220936,1.592234988408529e-05,0.003689850746718048,0.003598848368522073,2.0951416182239038e-05,0.0005989516990172855,0.00019315087014467003,0.0005989516990172855,0.00019315087014467003,0.004060406186414293,0.007856213014218065,0.5090726935443474,0.002225519287833828,0.14285714285714285
4411,mul8_261,0.1111999973654747,resnet34,mnist,resnet34mnist,2,NO,NO,1.0,1.0,1.0,1.0,1.0,0.09031794126840442,0.05873015594298889,0.09031794126840442,0.05873015594298889,1.0,0.1555769035548151,1.0,1.0,1.0
4412,ReFAM_new_sta2_j7_k2,0.1020999997854232,resnet34,cifar,resnet34cifar,2,NO,NO,0.5216955645221254,0.3522461658981479,0.4620240856335838,0.46209213051823417,0.2956201731279181,0.014018902662670042,0.001508332704129741,0.014018902662670042,0.001508332704129741,0.4940883883132317,0.02475994697336128,0.6462840747807425,0.47477744807121663,0.04444442857142857
4413,mul8_468,0.9307000041007996,vgg16,mnist,vgg16mnist,1,NO,NO,0.45756687386658174,0.07032424273303951,0.25904085385035486,0.2591170825335893,0.08293957813734096,0.017655072479479353,0.009910395555422885,0.017655072479479353,0.009910395555422885,0.2690221252588803,0.05794265001821298,0.9599797592697047,0.3590504451038576,1.0
4414,mul8_092,0.1671999990940094,resnet18,cifar,resnet18cifar,2,NO,NO,0.1123335341381736,0.012335514037143658,0.08664663235144832,0.08661228406909789,0.011389675708386974,0.007644538879463455,0.0034345736545724954,0.007644538879463455,0.0034345736545724954,0.09497274369785776,0.03361339519774518,0.9219489746257807,0.16765578635014836,0.14285714285714285
4415,mul8_309,0.1134999990463256,resnet18,mnist,resnet18mnist,2,NO,NO,0.5263738738299972,0.1881075646574784,0.3940497769426186,0.3939539347408829,0.15298606461611594,0.029556414384236097,0.020035012985006224,0.029556414384236097,0.020035012985006224,0.387878243111726,0.08338931584887407,0.9824288469096233,0.5445103857566765,0.14285714285714285
4416,ReFAM_new1_sta1_j2_k7,0.0979999974370002,vgg16,mnist,vgg16mnist,2,NO,YES,1.0,1.0,1.0,1.0,1.0,1.0,1.0,1.0,1.0,1.0,1.0,0.9415859447065603,0.7566765578635015,1.0
4417,mul8_409,0.1011999994516372,resnet18,cifar,resnet18cifar,2,NO,NO,1.0,1.0,1.0,1.0,1.0,0.09031794126840442,0.05873015594298889,0.09031794126840442,0.05873015594298889,1.0,0.1555769035548151,1.0,1.0,1.0
4418,mul8_122,0.100100003182888,resnet34,mnist,resnet34mnist,2,NO,NO,0.2969404839508731,1.0,1.0,1.0,1.0,0.07513636766058318,0.039163972797333815,0.07513636766058318,0.039163972797333815,1.0,0.12759684228755008,1.0,1.0,0.42857142857142855
4419,mul8_285,0.1242000013589859,resnet34,cifar,resnet34cifar,2,NO,NO,0.43156875603325323,0.15723599151657197,0.3197893905514848,0.31981765834932824,0.1459527747872971,0.021655310976083485,0.013877012061393882,0.021655310976083485,0.013877012061393882,0.34473920469890557,0.06872861467906344,0.9726882499913457,0.4473293768545994,0.3452381428571428
4420,ReFAM_new1_sta4_j2_k4,0.1032000035047531,resnet18,mnist,resnet18mnist,2,NO,YES,1.0,1.0,1.0,1.0,1.0,1.0,1.0,1.0,1.0,1.0,1.0,1.0,1.0,1.0
4421,ReFAM_new2_sta3_j4_k2,0.9677000045776368,vgg16,mnist,vgg16mnist,0,NO,NO,0.25911457440550745,0.019273805505311697,0.1396377891961111,0.13963531669865645,0.02477045014596148,0.019665129086286984,0.02696210555519462,0.019665129086286984,0.02696210555519462,0.14602416029927076,0.09391178946991276,0.6726326592532108,0.0830860534124629,0.2857142857142857
4422,ReFAM_new2_sta2_j3_k2,0.6883999705314636,vgg16,cifar,vgg16cifar,0,YES,NO,0.12132454988886637,0.003792703742389117,0.06457238806756584,0.06453934740882918,0.0049906273346093395,0.008727710956570128,0.008798900093590377,0.008727710956570128,0.008798900093590377,0.06652680750950685,0.05332745143703386,0.7119065994147701,0.04154302670623145,0.2857142857142857
4423,ReFAM_new_sta1_j3_k5,0.1146000027656555,resnet34,mnist,resnet34mnist,2,NO,NO,0.1893529582194093,0.060228228976129214,0.12781873602302987,0.12787907869481768,0.071641726720251,0.004902731328155066,0.0008305487416220811,0.004902731328155066,0.0008305487416220811,0.20028136232766885,0.016727575643574997,0.39572460389053715,0.2789317507418398,0.060421
4424,mul8_084,0.1092000007629394,resnet18,cifar,resnet18cifar,2,NO,NO,0.3996330493925207,0.17536930768348918,0.3545042554163098,0.35460652591170827,0.1317394958612436,0.026694455134633137,0.016791834283577084,0.026694455134633137,0.016791834283577084,0.35387782284885794,0.07625415763482082,0.989932578412467,0.5682492581602374,0.2857142857142857
4425,ReFAM_sta3_j6_k2_const0,0.1004000008106231,resnet34,cifar,resnet34cifar,2,YES,NO,1.0,0.1712990089929432,0.8339062687582788,0.8339731285988484,0.22540371585500046,0.057842653672215326,0.03942384851352846,0.057842653672215326,0.03942384851352846,0.6876047430839026,0.12162761326382544,0.9855209544502116,0.47477744807121663,0.14285714285714285
4426,ReFAM_sta4_j1_k3_const1,0.9854999780654908,vgg16,mnist,vgg16mnist,0,NO,YES,0.05719585923332272,0.00030809747025705044,0.030671884332093773,0.030710172744721688,0.0003880595157906919,1.0,1.0,1.0,1.0,0.02599928430197783,1.0,0.986328343742173,0.01112759643916914,1.0
4427,ReFAM_sta4_j2_k6_const0,0.100100003182888,resnet34,cifar,resnet34cifar,2,YES,NO,1.0,0.10086171757572669,0.6475688060490173,0.647552783109405,0.13271884094801142,0.0554287789515906,0.04730089218142837,0.0554287789515906,0.04730089218142837,0.5326445464201321,0.13079083140753478,0.998197882664853,0.3798219584569733,0.14285714285714285
4428,ReFAM_sta4_j7_k3_const0,0.1000000014901161,resnet18,cifar,resnet18cifar,2,YES,NO,1.0,1.0,1.0,1.0,1.0,0.14936843569715988,0.11064559800387355,0.14936843569715988,0.11064559800387355,1.0,0.224365232917122,1.0,1.0,0.14285714285714285
4429,ReFAM_new_sta1_j3_k4,0.6764000058174133,vgg16,cifar,vgg16cifar,1,NO,NO,0.0922933183083162,0.014865454156370216,0.06287159933392586,0.06285988483685222,0.01766489908386369,0.003068836985764282,0.00044073516733011064,0.003068836985764282,0.00044073516733011064,0.09924719554985761,0.012095209090963377,0.36689072652818533,0.13649851632047477,0.05960485714285714
4430,mul8_295,0.2980000078678131,vgg16,mnist,vgg16mnist,2,NO,NO,0.7751772133970783,0.13492554510483276,0.4318307712534887,0.43186180422264875,0.15752114090049688,0.02867108608101296,0.016823440789600755,0.02867108608101296,0.016823440789600755,0.4113698936402857,0.0768072648883634,0.981232526079794,0.5222551928783383,0.14285714285714285
4431,ReFAM_new2_sta4_j2_k2,0.1020999997854232,resnet34,mnist,resnet34mnist,2,NO,NO,1.0,1.0,1.0,1.0,1.0,1.0,1.0,1.0,1.0,1.0,1.0,1.0,1.0,0.2857142857142857
4432,ReFAM_sta2_j1_k4_const1,0.6110000014305115,vgg16,cifar,vgg16cifar,2,NO,YES,0.06759510636665413,0.0024416923547244795,0.052119141797392424,0.05206333973128599,0.0014621469568180069,1.0,1.0,1.0,1.0,0.045838450584297724,1.0,1.0,0.022997032640949554,1.0
4433,ReFAM_new2_sta3_j1_k3,0.1050999984145164,resnet34,mnist,resnet34mnist,2,YES,NO,0.07972756135554075,0.0011814383613991287,0.04243328358725755,0.04246641074856046,0.0015545950807221366,0.006312029443489855,0.006430168058816196,0.006312029443489855,0.006430168058816196,0.04060406186414293,0.045468999122194154,0.8272431270095645,0.02225519287833828,0.2857142857142857
4434,mul8_014,0.1000000014901161,vgg16,cifar,vgg16cifar,2,NO,NO,1.0,0.2805346180291952,0.6076711694456507,0.6077255278310941,0.2918012078345574,0.03565704911042573,0.023970022984953546,0.03565704911042573,0.023970022984953546,0.571229668757829,0.09205316995395998,0.9961157753482566,0.6364985163204748,0.14285714285714285
4435,ReFAM_new1_sta2_j4_k4,0.1027999967336654,resnet18,mnist,resnet18mnist,2,NO,YES,0.6568857772554336,0.3346296779863959,0.4960831385657916,0.4961612284069098,0.2878298506556761,1.0,1.0,1.0,1.0,0.5082126384587343,1.0,0.8498011562059016,0.36795252225519287,1.0
4436,ReFAM_sta4_j3_k7_const1,0.0979999974370002,vgg16,mnist,vgg16mnist,2,NO,YES,1.0,1.0,1.0,1.0,1.0,1.0,1.0,1.0,1.0,1.0,1.0,1.0,1.0,1.0
4437,ReFAM_sta3_j6_k3_const1,0.0998999997973442,resnet18,cifar,resnet18cifar,2,NO,YES,0.3072110923971652,0.7691692653300385,0.7425572389573025,0.7425623800383878,0.36621716021230644,1.0,1.0,1.0,1.0,0.6759109546318391,1.0,0.9644229457389598,0.6646884272997032,1.0
4438,mul8_329,0.1134999990463256,resnet34,mnist,resnet34mnist,2,NO,NO,0.7470125857443058,0.35312507961174944,0.5741478939114187,0.5741362763915547,0.253437377481466,0.04193926647839889,0.03214030479207309,0.04193926647839889,0.03214030479207309,0.5368512842316299,0.1067668679051492,0.9956810272679698,0.6461424332344213,0.14285714285714285
4439,ReFAM_sta1_j8_k2_const1,0.0979999974370002,vgg16,mnist,vgg16mnist,2,NO,YES,1.0,1.0,1.0,1.0,1.0,1.0,1.0,1.0,1.0,1.0,1.0,0.9296542989152679,1.0,1.0
4440,ReFAM_new2_sta3_j6_k1,0.1019999980926513,resnet18,cifar,resnet18cifar,2,NO,NO,0.3761061046554858,0.06726794767278935,0.2074964505849727,0.20753358925143955,0.08483974396580378,0.028419941929690478,0.041943589410415746,0.028419941929690478,0.041943589410415746,0.24548206656776617,0.11772973731510841,0.46408186703428506,0.142433234421365,0.2857142857142857
4441,ReFAM_sta1_j4_k1_const0,0.988099992275238,vgg16,mnist,vgg16mnist,0,YES,NO,0.12479096559997684,0.003311848775889741,0.06641731344092486,0.06645873320537428,0.00435789456590572,0.00602836302796734,0.002086029397562436,0.00602836302796734,0.002086029397562436,0.06541609963883796,0.02620578874139362,0.7477005186432601,0.05341246290801187,0.14285714285714285
4442,mul8_168,0.9247999787330629,resnet18,cifar,resnet18cifar,0,NO,NO,0.0,0.0,0.0,0.0,0.0,0.0,0.0,0.0,0.0,0.0,0.0,0.0,0.0,0.0
4443,mul8_279,0.1081999987363815,resnet34,mnist,resnet34mnist,2,NO,NO,1.0,1.0,1.0,1.0,1.0,0.09031794126840442,0.05873015594298889,0.09031794126840442,0.05873015594298889,1.0,0.1555769035548151,1.0,1.0,1.0
4444,mul8_305,0.1887000054121017,resnet34,cifar,resnet34cifar,2,NO,NO,0.1237580638448744,0.012470265724912746,0.08812221104476235,0.08805182341650672,0.012190102857962253,0.0075180634075744344,0.0030570514992897314,0.0075180634075744344,0.0030570514992897314,0.09751173734172228,0.031761493583657284,0.9221974021002303,0.1446587537091988,0.14285714285714285
4445,mul8_467,0.1134999990463256,resnet34,mnist,resnet34mnist,2,NO,NO,0.5474770313735094,0.11427509073191858,0.33234465750495423,0.3322936660268714,0.11891602324448124,0.020799794748377048,0.010819960562104151,0.020799794748377048,0.010819960562104151,0.33381427310680184,0.061063488651224455,0.9642050626261227,0.49851632047477745,0.2857142857142857
4446,ReFAM_sta3_j3_k6_const0,0.1000000014901161,vgg16,cifar,vgg16cifar,2,YES,NO,1.0,0.7973406789799506,1.0,1.0,1.0,0.11675492847812063,0.0932304131848296,0.11675492847812063,0.0932304131848296,1.0,0.19720251637675187,1.0,1.0,0.14285714285714285
4447,mul8_275,0.1134999990463256,resnet18,mnist,resnet18mnist,2,NO,NO,0.7470125857443058,0.35312507961174944,0.5741478939114187,0.5741362763915547,0.253437377481466,0.04193926647839889,0.03214030479207309,0.04193926647839889,0.03214030479207309,0.5368512842316299,0.1067668679051492,0.9956810272679698,0.6461424332344213,0.14285714285714285
4448,ReFAM_new2_sta2_j4_k3,0.6183000206947327,vgg16,cifar,vgg16cifar,2,NO,NO,0.31544382971105256,0.06850113367131175,0.21723996271302506,0.21713051823416507,0.06673837921420196,0.024223666451658365,0.03440016997276573,0.024223666451658365,0.03440016997276573,0.23361356425137617,0.10637648316344506,0.7027096921331978,0.17804154302670624,0.2857142857142857
4449,ReFAM_new1_sta2_j1_k1,0.287200003862381,resnet34,mnist,resnet34mnist,2,YES,YES,0.027731325688883743,6.368939953634117e-05,0.014759402986872191,0.01487523992322457,8.380566472895615e-05,1.0,1.0,1.0,1.0,0.012404746626742444,1.0,0.8908772137026079,0.004451038575667656,1.0
4450,mul8_061,0.0105999996885657,resnet34,cifar100,resnet34cifar100,2,NO,NO,1.0,1.0,1.0,1.0,1.0,0.08982649372049283,0.05875298286400598,0.08982649372049283,0.05875298286400598,1.0,0.15540597027403066,1.0,1.0,1.0
4451,mul8_475,0.7832000255584717,vgg16,mnist,vgg16mnist,2,NO,NO,1.0,0.8529573717040736,0.8825691015322651,0.8824376199616123,0.6531510093079862,0.058063082351793326,0.051074357817254695,0.058063082351793326,0.051074357817254695,0.8394964583093504,0.1360434842323379,1.0,0.9577151335311572,0.2857142857142857
4452,mul8_217,0.009800000116229,resnet34,cifar100,resnet34cifar100,2,NO,NO,0.7816767428554104,0.17173289302728453,0.4484258676071516,0.4484165067178503,0.1914992234056981,0.03009212834730887,0.019982335474966768,0.03009212834730887,0.019982335474966768,0.4381111576202066,0.08341768032341472,0.978498805715461,0.5934718100890207,0.42857142857142855
4453,mul8_472,0.0966000035405159,resnet34,mnist,resnet34mnist,2,NO,NO,0.45255682164232525,0.24197487734695436,0.3968361972528087,0.3968330134357006,0.195954934367929,0.02997468683769764,0.023260632516422214,0.02997468683769764,0.023260632516422214,0.41282004334732636,0.08940930235335566,0.9869494124282971,0.594213649851632,0.30357142857142855
4454,mul8_249,0.1591999977827072,vgg16,mnist,vgg16mnist,2,NO,NO,0.2803463706360591,1.0,1.0,1.0,1.0,0.0738038582246096,0.03664598781744784,0.0738038582246096,0.03664598781744784,1.0,0.12388184255626616,1.0,1.0,0.4330357142857143
4455,ReFAM_sta3_j8_k2_const1,0.1000000014901161,vgg16,cifar,vgg16cifar,2,NO,YES,0.6105224671193311,1.0,1.0,1.0,1.0,1.0,1.0,1.0,1.0,1.0,1.0,0.9096283972966204,1.0,1.0
4456,ReFAM_sta1_j4_k6_const0,0.101000003516674,vgg16,mnist,vgg16mnist,2,YES,NO,1.0,1.0,1.0,1.0,1.0,0.09637521297566069,0.056623055541410665,0.09637521297566069,0.056623055541410665,1.0,0.1559098129138974,0.9490428415215979,1.0,0.14285714285714285
4457,ReFAM_sta4_j5_k1_const0,0.1134999990463256,resnet18,mnist,resnet18mnist,2,YES,NO,0.20105211124440714,0.005209792882072708,0.10700567165482339,0.10700575815738964,0.0068553033748286136,0.011573409074073069,0.006115858915580779,0.011573409074073069,0.006115858915580779,0.09570469146558301,0.045075628646327845,0.8242599610253946,0.05934718100890208,0.14285714285714285
4458,mul8_213,0.991699993610382,resnet18,mnist,resnet18mnist,0,NO,NO,0.0,0.0,0.0,0.0,0.0,0.0,0.0,0.0,0.0,0.0,0.0,0.0,0.0,0.0
4459,mul8_392,0.092299997806549,resnet18,mnist,resnet18mnist,2,NO,NO,0.2609831873915701,1.0,1.0,1.0,1.0,0.043288940442700284,0.0256065376301793,0.043288940442700284,0.0256065376301793,1.0,0.09697589915384294,0.7989834836455306,1.0,0.19047614285714287
4460,mul8_454,0.0098999999463558,resnet34,cifar100,resnet34cifar100,2,NO,NO,1.0,0.2568716601533641,0.5823487126509249,0.5822936660268714,0.303317276782602,0.03778545062307238,0.02653892955787766,0.03778545062307238,0.02653892955787766,0.5613553104207734,0.0969303667078698,0.9925115406779627,0.5593471810089021,1.0
4461,ReFAM_sta1_j3_k7_const1,0.1000000014901161,resnet18,cifar,resnet18cifar,2,NO,YES,1.0,1.0,1.0,1.0,1.0,1.0,1.0,1.0,1.0,1.0,1.0,1.0,1.0,1.0
4462,ReFAM_sta2_j1_k5_const0,0.1134999990463256,resnet34,mnist,resnet34mnist,2,YES,NO,0.34144194754438106,0.010211799098158102,0.18172514927586386,0.1816218809980806,0.013437190768479008,0.017424706441395783,0.010236996117667511,0.017424706441395783,0.010236996117667511,0.15377811226621935,0.058782387751324175,0.9545113003956514,0.08827893175074183,0.14285714285714285
4463,mul8_060,0.6018000245094299,resnet34,cifar100,resnet34cifar100,2,NO,NO,0.0204735177937462,0.0007869341578987593,0.015162980412294478,0.015115163147792706,0.0008986152407846243,0.0014382067946237084,0.00031255322623410233,0.0014382067946237084,0.00031255322623410233,0.02272860546332146,0.010033559651982826,0.44245544086713406,0.02967359050445104,0.14285714285714285
4464,ReFAM_sta2_j2_k7_const0,0.1134999990463256,resnet18,mnist,resnet18mnist,2,YES,NO,1.0,0.9788360125340738,1.0,1.0,1.0,0.11297511866109451,0.07894602837913058,0.11297511866109451,0.07894602837913058,1.0,0.18374805180845918,1.0,1.0,0.14285714285714285
4465,mul8_389,0.1033999994397163,resnet34,cifar,resnet34cifar,2,NO,NO,1.0,0.9780770695615622,0.8582424136890039,0.8582053742802304,0.7579981017101447,0.04863885290360581,0.036524829544357096,0.04863885290360581,0.036524829544357096,0.8531113981722038,0.11491120426601698,0.9999837096738066,1.0,0.21651785714285715
4466,mul8_252,0.5888000130653381,vgg16,mnist,vgg16mnist,2,NO,NO,0.6798507813415405,0.14894716447150536,0.3945282361990948,0.3944337811900192,0.16555086786407708,0.02295710494031261,0.011390633587531585,0.02295710494031261,0.011390633587531585,0.3951526069693098,0.06303855179950198,0.9654797806507578,0.56973293768546,0.2857142857142857
4467,mul8_417,0.1118000000715255,resnet18,mnist,resnet18mnist,2,NO,NO,0.821648849024153,0.28878514945354494,0.4827002196405796,0.48272552783109407,0.32858319138200365,0.028049549476301203,0.01674266860754026,0.028049549476301203,0.01674266860754026,0.5186969699616754,0.07648331273176762,0.9900415199688855,0.6580118694362018,0.3125
4468,ReFAM_new1_sta3_j3_k1,0.6392999887466431,vgg16,cifar,vgg16cifar,2,YES,YES,0.07972756135554075,0.0010158459226046416,0.04243328358725755,0.04246641074856046,0.0013367003524268506,1.0,1.0,1.0,1.0,0.03941360490903541,1.0,0.7556552885525841,0.017804154302670624,1.0
4469,ReFAM_new2_sta2_j1_k7,0.0935999974608421,resnet18,mnist,resnet18mnist,2,NO,NO,0.46276649743324744,0.30037751891575165,0.4348979154084891,0.43498080614203455,0.23709036439505868,0.04420950119880679,0.07591004788385662,0.04420950119880679,0.07591004788385662,0.45325644833309486,0.15943969712712658,0.9162310701318905,0.37833827893175076,0.2857142857142857
4470,ReFAM_new1_sta3_j1_k8,0.1009000018239021,resnet34,mnist,resnet34mnist,2,NO,YES,1.0,1.0,0.9861144127075627,0.986084452975048,1.0,1.0,1.0,1.0,1.0,1.0,1.0,1.0,0.7581602373887241,1.0
4471,mul8_203,0.891700029373169,vgg16,mnist,vgg16mnist,2,NO,NO,0.76469672041231,0.34451610585178205,0.5506354528121371,0.5506238003838773,0.28398939904809745,0.037852301943928,0.02804023859400214,0.037852301943928,0.02804023859400214,0.5360340652270525,0.09937642942023014,0.9965820859355433,0.7136498516320475,0.15178571428571427
4472,ReFAM_new1_sta2_j4_k1,0.100100003182888,resnet34,cifar,resnet34cifar,2,YES,YES,0.12479096559997684,0.004127073089954908,0.06641731344092486,0.06645873320537428,0.005430607074436359,1.0,1.0,1.0,1.0,0.06890737763866477,1.0,0.6085006994658809,0.03560830860534125,1.0
4473,mul8_422,0.3937999904155731,resnet34,mnist,resnet34mnist,2,NO,NO,0.0898873068945601,0.010918243318981988,0.07175030269321615,0.07173704414587333,0.010846639204019314,0.0062840241604287155,0.0029955944042437004,0.0062840241604287155,0.0029955944042437004,0.0866748786667393,0.031261383111493284,0.9111973593381241,0.1446587537091988,0.7142857142857143
4474,mul8_307,0.0186999998986721,resnet34,cifar100,resnet34cifar100,2,NO,NO,0.1022321838382236,0.005279975415891779,0.0701456751598864,0.07005758157389635,0.004534897426331287,0.00734641812429648,0.007251937215431701,0.00734641812429648,0.007251937215431701,0.06804904025410628,0.048350232588691235,0.9097994457216513,0.08531157270029674,1.0
4475,ReFAM_new1_sta4_j4_k3,0.1000000014901161,resnet18,cifar,resnet18cifar,2,NO,YES,1.0,1.0,1.0,1.0,1.0,1.0,1.0,1.0,1.0,1.0,1.0,1.0,1.0,1.0
4476,ReFAM_new1_sta2_j7_k2,0.1000000014901161,resnet18,cifar,resnet18cifar,2,NO,YES,1.0,1.0,0.874350494022309,0.8742802303262956,1.0,1.0,1.0,1.0,1.0,0.9491435289134716,1.0,0.6231049768982811,0.6646884272997032,1.0
4477,ReFAM_new2_sta1_j6_k2,0.156700000166893,resnet34,mnist,resnet34mnist,2,NO,NO,0.2911789197332793,0.25633709525386594,0.30625761197759793,0.30614203454894434,0.2514002330539227,0.015768781155877404,0.02073035611752704,0.015768781155877404,0.02073035611752704,0.40048039585950196,0.08214202540262626,0.4295300851780431,0.3323442136498516,0.2857142857142857
4478,mul8_411,0.0111999996006488,resnet34,cifar100,resnet34cifar100,2,NO,NO,1.0,1.0,1.0,1.0,1.0,0.09031794126840442,0.05873015594298889,0.09031794126840442,0.05873015594298889,1.0,0.1555769035548151,1.0,1.0,1.0
4479,ReFAM_sta4_j1_k4_const0,0.1700000017881393,resnet18,mnist,resnet18mnist,2,YES,NO,0.10919209489997973,0.0013016521030239727,0.058115149260809254,0.058061420345489445,0.0017127782728980415,0.007424110199885449,0.004256342811188001,0.007424110199885449,0.004256342811188001,0.05066024519022623,0.037260469476839655,0.9067857353758687,0.030415430267062313,0.14285714285714285
4480,mul8_346,0.0648000016808509,resnet34,cifar100,resnet34cifar100,2,NO,NO,0.06353290392161226,0.0026027623111609306,0.035432836023121375,0.03550863723608445,0.0032868423313990266,0.0028538286835529487,0.0006409097054800414,0.0028538286835529487,0.0006409097054800414,0.045963167313782166,0.014453939079080155,0.7042939263555078,0.05637982195845697,0.14285714285714285
4481,mul8_325,0.0104999998584389,resnet34,cifar100,resnet34cifar100,2,NO,NO,0.4965369709770393,0.1689863496802792,0.3529820591486617,0.35292706333973134,0.1549503179605265,0.02416946267799164,0.015975332877965525,0.02416946267799164,0.015975332877965525,0.3671471815411856,0.07394693156100153,0.9830662059219408,0.46958456973293766,0.7142857142857143
4482,ReFAM_sta3_j4_k3_const0,0.1134999990463256,resnet34,mnist,resnet34mnist,2,YES,NO,0.7296805071887534,0.040270011209334315,0.3883567910920745,0.3884357005758158,0.05298927423730986,0.03340397891834563,0.022702250910003986,0.03340397891834563,0.022702250910003986,0.3230114866535978,0.08924732627505778,0.9783745919782361,0.2195845697329377,0.14285714285714285
4483,mul8_393,0.4476000070571899,vgg16,mnist,vgg16mnist,2,NO,NO,0.6558456861541464,0.11306763880467735,0.38106041749805153,0.3809980806142035,0.12001670182065986,0.02786435324960657,0.01714652951784275,0.02786435324960657,0.01714652951784275,0.3614105530590208,0.07727229298412187,0.9764472427604772,0.43991097922848665,0.14285714285714285
4484,ReFAM_sta1_j3_k6_const0,0.1134999990463256,resnet18,mnist,resnet18mnist,2,YES,NO,1.0,1.0,1.0,1.0,1.0,0.06020503480785665,0.04018591649209925,0.06020503480785665,0.04018591649209925,1.0,0.12339292858721032,0.9167289432261769,1.0,0.14285714285714285
4485,ReFAM_sta1_j1_k2_const0,0.8093000054359436,resnet18,cifar,resnet18cifar,2,YES,NO,0.029464533544438978,0.00020619443099890455,0.015681865673551704,0.015595009596928982,0.00027132083955999555,0.002041675474779887,0.0007269496385444853,0.002041675474779887,0.0007269496385444853,0.015841945430041124,0.015288451777407546,0.6999749536234776,0.012611275964391691,0.14285714285714285
4486,mul8_128,0.1028999984264373,resnet34,cifar,resnet34cifar,2,NO,NO,0.25494404646949337,1.0,1.0,1.0,1.0,0.08226145370907388,0.04579255947729863,0.08226145370907388,0.04579255947729863,1.0,0.13838429981548164,1.0,1.0,0.42857142857142855
4487,mul8_238,0.1026000007987022,resnet34,cifar,resnet34cifar,2,NO,NO,0.7111703880522745,1.0,1.0,1.0,1.0,0.0493949955462566,0.027006003480227497,0.0493949955462566,0.027006003480227497,1.0,0.10116786991753401,0.9049367833529156,1.0,0.5714285714285714
4488,mul8_122,0.1063999980688095,resnet18,mnist,resnet18mnist,2,NO,NO,0.2969404839508731,1.0,1.0,1.0,1.0,0.07513636766058318,0.039163972797333815,0.07513636766058318,0.039163972797333815,1.0,0.12759684228755008,1.0,1.0,0.42857142857142855
4489,mul8_419,0.100100003182888,vgg16,cifar,vgg16cifar,2,NO,NO,0.5892906708887795,0.11558193004356355,0.34617957207708694,0.34620921305182345,0.12565479026671494,0.02447029362184195,0.014505630347864716,0.02447029362184195,0.014505630347864716,0.3455867116266962,0.07079324985220616,0.9694250940257265,0.4992581602373887,0.14285714285714285
4490,ReFAM_sta4_j1_k6_const0,0.1150000020861625,resnet18,cifar,resnet18cifar,2,YES,NO,0.5528933059221196,0.02361841770055792,0.2942655970507643,0.2941458733205375,0.031078283193924278,0.029452523818041542,0.022660108901972422,0.029452523818041542,0.022660108901972422,0.24533650912679558,0.08821724798910804,0.9823514678602046,0.16691394658753708,0.14285714285714285
4491,mul8_227,0.1134999990463256,resnet34,mnist,resnet34mnist,2,NO,NO,1.0,0.8730022626805595,1.0,1.0,1.0,0.058348555559771406,0.042767114484032566,0.058348555559771406,0.042767114484032566,1.0,0.12607337143130123,0.9989126207265893,1.0,0.14285714285714285
4492,mul8_049,0.100500002503395,resnet18,cifar,resnet18cifar,2,NO,NO,1.0,1.0,1.0,1.0,1.0,0.06299743254792065,0.04661608455091545,0.06299743254792065,0.04661608455091545,1.0,0.13229041639048625,1.0,1.0,0.14285714285714285
4493,mul8_493,0.1002999991178512,resnet18,cifar,resnet18cifar,2,NO,NO,1.0,0.364189764845999,0.6526431404538144,0.652591170825336,0.39527512395478853,0.03815222949155053,0.024612688607434905,0.03815222949155053,0.024612688607434905,0.634069007561394,0.09382744247983137,0.9857072750560489,0.7344213649851632,0.14285714285714285
4494,ReFAM_new1_sta2_j2_k6,0.0979999974370002,vgg16,mnist,vgg16mnist,2,NO,YES,0.7054155972109802,0.33942548977148246,0.517825871899186,0.5177543186180423,0.2900560393259258,1.0,1.0,1.0,1.0,0.5206898173179675,1.0,0.9778767188839498,0.3768545994065282,1.0
4495,mul8_179,0.1134999990463256,resnet34,mnist,resnet34mnist,2,NO,NO,0.4094094232195541,0.09262294698494382,0.27810493265446773,0.2780710172744722,0.08511512632957693,0.022169343429689573,0.013357260629004589,0.022169343429689573,0.013357260629004589,0.28077607268900173,0.06763061094092426,0.9773798639350504,0.39762611275964393,0.14285714285714285
4496,ReFAM_sta3_j1_k1_const1,0.9024999737739564,resnet18,cifar,resnet18cifar,0,YES,YES,0.013865662844441871,1.592234988408529e-05,0.007379701493436096,0.007437619961612285,2.0951416182239038e-05,1.0,1.0,1.0,1.0,0.006202373313371222,1.0,0.8908772137026079,0.002225519287833828,1.0
4497,ReFAM_sta2_j3_k6_const0,0.1133999973535537,resnet34,cifar,resnet34cifar,2,YES,NO,1.0,0.9776951761648791,1.0,1.0,1.0,0.11253606809439405,0.07799783319842038,0.11253606809439405,0.07799783319842038,1.0,0.1827426058293474,1.0,1.0,0.14285714285714285
4498,ReFAM_sta1_j6_k2_const1,0.1000000014901161,resnet34,cifar,resnet34cifar,2,NO,YES,0.38823855964437237,0.2616870048149186,0.4723008955799101,0.47216890595009603,0.12228922597249282,1.0,1.0,1.0,1.0,0.416551851688824,1.0,0.9107626112578372,0.3323442136498516,1.0
4499,ReFAM_new1_sta3_j6_k3,0.1000000014901161,resnet34,cifar,resnet34cifar,2,NO,YES,1.0,1.0,0.8908034794643129,0.8908349328214972,1.0,1.0,1.0,1.0,1.0,0.9430559865939896,1.0,0.7445463042340593,0.712166172106825,1.0
4500,mul8_206,0.9312999844551086,resnet34,cifar,resnet34cifar,0,NO,NO,0.0,0.0,0.0,0.0,0.0,0.0,0.0,0.0,0.0,0.0,0.0,0.0,0.0,0.0
4501,mul8_384,0.1068999990820884,resnet18,cifar,resnet18cifar,2,NO,NO,0.0915892060834126,1.0,1.0,1.0,1.0,0.055548027253657394,0.03179263322581268,0.055548027253657394,0.03179263322581268,1.0,0.11042961728859509,0.9835783330516465,0.9903560830860534,0.2857142857142857
4502,ReFAM_sta2_j5_k1_const0,0.1137000024318695,resnet18,cifar,resnet18cifar,2,YES,NO,0.28424608831105835,0.008699971976664203,0.15128388061543996,0.1513915547024952,0.01144785380197541,0.013540102661947323,0.006033330816518964,0.013540102661947323,0.006033330816518964,0.1316139601084961,0.04516370780411195,0.8849118998796552,0.0712166172106825,0.14285714285714285
4503,mul8_325,0.100100003182888,vgg16,cifar,vgg16cifar,2,NO,NO,0.4965369709770393,0.1689863496802792,0.3529820591486617,0.35292706333973134,0.1549503179605265,0.02416946267799164,0.015975332877965525,0.02416946267799164,0.015975332877965525,0.3671471815411856,0.07394693156100153,0.9830662059219408,0.46958456973293766,0.7142857142857143
4504,ReFAM_sta2_j5_k5_const1,0.1027999967336654,resnet18,mnist,resnet18mnist,2,NO,YES,0.006932831422220936,1.0,1.0,1.0,1.0,1.0,1.0,1.0,1.0,1.0,1.0,1.0,1.0,1.0
4505,mul8_091,0.7001000046730042,vgg16,cifar,vgg16cifar,0,NO,NO,0.03141439238193861,0.000900794499783456,0.017325004179124956,0.01727447216890595,0.0011599381315869873,0.0015339667947682518,0.00031782097723804793,0.0015339667947682518,0.00031782097723804793,0.02585798487362807,0.010108203006037155,0.4528955036663415,0.02967359050445104,0.14285714285714285
4506,ReFAM_sta1_j6_k2_const0,0.9675999879837036,vgg16,mnist,vgg16mnist,0,YES,NO,1.0,0.2616870048149186,0.619894925448632,0.6199616122840691,0.34434071523833504,0.030541116272514886,0.017334412636983477,0.030541116272514886,0.017334412636983477,0.5977859379249595,0.07834118581417986,0.8192893752456275,0.49851632047477745,0.14285714285714285
4507,ReFAM_sta1_j7_k3_const1,0.1027999967336654,resnet18,mnist,resnet18mnist,2,NO,YES,1.0,1.0,1.0,1.0,1.0,1.0,1.0,1.0,1.0,1.0,1.0,0.9731545605786324,1.0,1.0
4508,ReFAM_sta4_j1_k9_const1,0.1000000014901161,resnet18,cifar,resnet18cifar,2,NO,YES,1.0,1.0,1.0,1.0,1.0,1.0,1.0,1.0,1.0,1.0,1.0,1.0,1.0,1.0
4509,mul8_029,0.4077999889850616,resnet34,mnist,resnet34mnist,2,NO,NO,0.09445982812776024,0.0038068348279112424,0.05148494870030026,0.051583493282149714,0.004857549017643039,0.004291132081948878,0.0011852439758877479,0.004291132081948878,0.0011852439758877479,0.05958337758386553,0.019717041973450852,0.7074318504385152,0.07270029673590504,0.14285714285714285
4510,ReFAM_new_sta2_j5_k4,0.100100003182888,vgg16,cifar,vgg16cifar,2,NO,NO,0.5823578394665586,0.3601890301378239,0.483638899221291,0.4836852207293666,0.3042637264363282,0.015367673230743655,0.00169094807226652,0.015367673230743655,0.00169094807226652,0.5088250424544566,0.026419268733989,0.7175461067138543,0.5103857566765578,0.046083
4511,mul8_411,0.1018999963998794,resnet18,cifar,resnet18cifar,2,NO,NO,1.0,1.0,1.0,1.0,1.0,0.09031794126840442,0.05873015594298889,0.09031794126840442,0.05873015594298889,1.0,0.1555769035548151,1.0,1.0,1.0
4512,ReFAM_new2_sta3_j2_k1,0.4162999987602234,resnet18,mnist,resnet18mnist,2,YES,NO,0.032930949255549444,0.0002730683005120628,0.017526791046910725,0.01751439539347409,0.00035931678752539953,0.002669535853086092,0.0019666270414730037,0.002669535853086092,0.0019666270414730037,0.017955792890688407,0.025075688361011088,0.6045238235839125,0.008902077151335312,0.2857142857142857
4513,ReFAM_sta1_j6_k1_const0,0.0856000036001205,resnet34,mnist,resnet34mnist,2,YES,NO,0.49916386239990734,0.052989580414235855,0.26566925376369943,0.265595009596929,0.06972631305449152,0.015888029457944194,0.006914801151179185,0.015888029457944194,0.006914801151179185,0.26166439855535184,0.048648059571368,0.7477005186432601,0.21364985163204747,0.14285714285714285
4514,ReFAM_sta1_j4_k6_const0,0.1000000014901161,vgg16,cifar,vgg16cifar,2,YES,NO,1.0,1.0,1.0,1.0,1.0,0.09637521297566069,0.056623055541410665,0.09637521297566069,0.056623055541410665,1.0,0.1559098129138974,0.9490428415215979,1.0,0.14285714285714285
4515,ReFAM_sta2_j1_k2_const0,0.9869999885559082,resnet34,mnist,resnet34mnist,0,YES,NO,0.019065286411107572,7.244669197258808e-05,0.01014708955347463,0.010076775431861805,9.532894362918763e-05,0.0015439041532738175,0.000618082784462944,0.0015439041532738175,0.000618082784462944,0.009853401227258852,0.014058329302592215,0.6999749536234776,0.0051928783382789315,0.14285714285714285
4516,mul8_416,0.0998999997973442,resnet18,cifar,resnet18cifar,2,NO,NO,0.826352546360693,0.21033863522533308,0.5037624817688164,0.5038387715930902,0.20248430489149358,0.032307255897822275,0.02316405708134988,0.032307255897822275,0.02316405708134988,0.4744488153574112,0.08979147632611383,0.996085230986644,0.7626112759643917,0.5089285714285714
4517,ReFAM_new2_sta1_j3_k3,0.6437000036239624,resnet34,cifar,resnet34cifar,2,NO,NO,0.07799435349998553,0.01711254553792067,0.08140733209946693,0.08133397312859886,0.016480318499963943,0.007392491331913193,0.007680380963752606,0.007392491331913193,0.007680380963752606,0.10378554944153727,0.04974083827472337,0.49714104775305495,0.08902077151335312,0.2857142857142857
4518,ReFAM_new2_sta4_j6_k1,0.1000000014901161,vgg16,cifar,vgg16cifar,2,NO,NO,1.0,1.0,1.0,1.0,1.0,1.0,1.0,1.0,1.0,1.0,1.0,1.0,1.0,0.2857142857142857
4519,mul8_045,0.1061000004410743,resnet34,cifar,resnet34cifar,2,NO,NO,0.604022937660999,0.4629731724326803,0.5954165589107254,0.5954894433781189,0.29998979473781734,0.041942880063310005,0.029499405622095055,0.041942880063310005,0.029499405622095055,0.5674049393742241,0.10276747699491827,1.0,0.766320474777448,0.2857142857142857
4520,ReFAM_sta4_j4_k6_const1,0.0979999974370002,vgg16,mnist,vgg16mnist,2,NO,YES,1.0,1.0,1.0,1.0,1.0,1.0,1.0,1.0,1.0,1.0,1.0,1.0,1.0,1.0
4521,mul8_286,0.1090999990701675,resnet34,cifar,resnet34cifar,2,NO,NO,0.23224985264440134,0.02247280462639798,0.1558745752133125,0.15595009596928983,0.01846963852096213,1.0,1.0,1.0,1.0,0.1454333495436478,1.0,0.97626092215464,0.15207715133531158,1.0
4522,ReFAM_sta3_j2_k4_const0,0.1050999984145164,vgg16,cifar,vgg16cifar,2,YES,NO,0.32670968077216156,0.009562764311008077,0.173884216439088,0.1739443378119002,0.01258315866635049,0.01762977738510155,0.011118466452327731,0.01762977738510155,0.011118466452327731,0.1475591318915457,0.06115753927733291,0.954014445446752,0.10682492581602374,0.14285714285714285
4523,mul8_410,0.0104000000283122,resnet34,cifar100,resnet34cifar100,2,NO,NO,1.0,0.3074685916617838,0.68961697991384,0.6895393474088292,0.3343298682525443,0.04122287326977037,0.027113114417307724,0.04122287326977037,0.027113114417307724,0.6341211783670144,0.09880913992941724,0.9961931543976753,0.6824925816023739,0.14285714285714285
4524,mul8_198,0.1118000000715255,resnet34,cifar,resnet34cifar,2,NO,NO,0.3852596121090525,1.0,1.0,1.0,1.0,0.07289413822323643,0.036298316251187436,0.07289413822323643,0.036298316251187436,1.0,0.1230652442629118,1.0,1.0,0.44642857142857145
4525,ReFAM_new1_sta2_j1_k5,0.1000000014901161,resnet34,cifar,resnet34cifar,2,YES,YES,0.3241098689888287,0.018450022928183832,0.17250052240906874,0.17250479846449138,0.024277453501169485,1.0,1.0,1.0,1.0,0.1631814093469018,1.0,0.9912999476673271,0.09347181008902077,1.0
4526,ReFAM_new1_sta1_j1_k8,0.1000000014901161,resnet18,cifar,resnet18cifar,2,NO,YES,1.0,1.0,1.0,1.0,1.0,1.0,1.0,1.0,1.0,1.0,1.0,0.9818535947659182,0.7581602373887241,1.0
4527,mul8_307,0.1494999974966049,resnet18,cifar,resnet18cifar,2,NO,NO,0.1022321838382236,0.005279975415891779,0.0701456751598864,0.07005758157389635,0.004534897426331287,0.00734641812429648,0.007251937215431701,0.00734641812429648,0.007251937215431701,0.06804904025410628,0.048350232588691235,0.9097994457216513,0.08531157270029674,1.0
4528,mul8_186,0.100100003182888,vgg16,cifar,vgg16cifar,2,NO,NO,0.5976994397253085,0.15187035352711895,0.38230853534208414,0.3821976967370442,0.14448415649113777,0.02699528607848345,0.01672862127152974,0.02699528607848345,0.01672862127152974,0.37659908168391937,0.07619295008449628,0.9922936575651257,0.5044510385756676,0.28968257142857146
4529,mul8_086,0.7087000012397766,vgg16,cifar,vgg16cifar,0,NO,NO,0.0,0.0,0.0,0.0,0.0,0.0,0.0,0.0,0.0,0.0,0.0,0.0,0.0,0.0
4530,ReFAM_new1_sta4_j1_k6,0.101000003516674,vgg16,mnist,vgg16mnist,2,NO,YES,1.0,1.0,1.0,1.0,1.0,1.0,1.0,1.0,1.0,1.0,1.0,1.0,1.0,1.0
4531,mul8_099,0.1134999990463256,resnet34,mnist,resnet34mnist,2,NO,NO,0.9770974121951874,0.5338846641148447,0.715238853337259,0.71521113243762,0.4056669129418313,0.053278695929477274,0.04351162329259021,0.053278695929477274,0.04351162329259021,0.6728065061155172,0.12547547816532606,1.0,0.8019287833827893,0.21428571428571427
4532,ReFAM_new_sta2_j1_k8,0.0092000002041459,resnet34,cifar100,resnet34cifar100,2,NO,NO,0.5884240669610019,0.3612874732504522,0.4859783863597848,0.4858445297504798,0.30539324319542427,0.015570033985766087,0.0017260664122928236,0.015570033985766087,0.0017260664122928236,0.5105071631669272,0.02670963138126034,0.7302230349284956,0.516320474777448,0.04686314285714286
4533,ReFAM_sta2_j6_k1_const0,0.1134999990463256,resnet34,mnist,resnet34mnist,2,YES,NO,0.6932831422220935,0.0457544646269075,0.36898507467180475,0.3690019193857966,0.060205989541282104,0.026239143435832668,0.01254427105739566,0.026239143435832668,0.01254427105739566,0.31558758074310567,0.06671025838543439,0.9241858400412146,0.18991097922848665,0.14285714285714285
4534,mul8_355,0.1006999984383583,resnet34,cifar,resnet34cifar,2,NO,NO,1.0,1.0,1.0,1.0,1.0,0.06340938122778775,0.04257571953088922,0.06340938122778775,0.04257571953088922,1.0,0.12749234159187403,1.0,1.0,0.2857142857142857
4535,ReFAM_sta3_j5_k1_const0,0.1134999990463256,resnet18,mnist,resnet18mnist,2,YES,NO,0.27298023724994935,0.00817274316612743,0.14528787315202313,0.14539347408829176,0.010754100033641021,0.013879779643592119,0.006870903226146307,0.013879779643592119,0.006870903226146307,0.126735563440329,0.048080770080555106,0.8938603796867778,0.09495548961424333,0.14285714285714285
4536,mul8_034,0.0105999996885657,resnet34,cifar100,resnet34cifar100,2,NO,NO,0.7227747554060677,1.0,1.0,1.0,1.0,1.0,1.0,1.0,1.0,1.0,1.0,0.9527244552413107,1.0,1.0
4537,ReFAM_new_sta1_j4_k5,0.9889000058174132,vgg16,mnist,vgg16mnist,0,NO,NO,0.3787059164388186,0.25334508668127276,0.2708869351801558,0.270873320537428,0.2930411798731265,0.0070799162371017604,0.0012818194109600828,0.0070799162371017604,0.0012818194109600828,0.4093924108610029,0.0210009076631853,0.4175984393867507,0.5578635014836796,0.060421
4538,ReFAM_new1_sta1_j3_k4,0.1000000014901161,vgg16,cifar,vgg16cifar,2,NO,YES,0.6984827657887592,0.12553737930858788,0.3995416511680636,0.3994721689059501,0.13880180636819536,1.0,1.0,1.0,1.0,0.3828761854196828,1.0,0.8411632107418411,0.18397626112759644,1.0
4539,ReFAM_sta3_j1_k3_const1,0.2312999963760376,resnet18,mnist,resnet18mnist,2,NO,YES,0.048529819955546546,0.000436272386823937,0.028596343287064868,0.028550863723608447,0.00038864877018053416,1.0,1.0,1.0,1.0,0.024698487162223233,1.0,0.986328343742173,0.01112759643916914,1.0
4540,ReFAM_new2_sta3_j1_k1,0.9031000137329102,resnet18,cifar,resnet18cifar,0,YES,NO,0.013865662844441871,6.368939953634117e-05,0.007379701493436096,0.007437619961612285,8.380566472895615e-05,0.0011988067942623499,0.0007743593975799951,0.0011988067942623499,0.0007743593975799951,0.008120812372828586,0.01571242602843613,0.5090726935443474,0.004451038575667656,0.2857142857142857
4541,ReFAM_new2_sta4_j4_k2,0.101000003516674,vgg16,mnist,vgg16mnist,2,NO,NO,1.0,1.0,1.0,1.0,1.0,1.0,1.0,1.0,1.0,1.0,1.0,1.0,1.0,0.2857142857142857
4542,ReFAM_new_sta3_j4_k1,0.9887999892234802,vgg16,mnist,vgg16mnist,0,NO,NO,0.001949858837499638,0.00042571138511706113,0.008878703359290302,0.008877159309021113,0.00046445034024369014,0.0007299441520451986,0.00011589052208680202,0.0007299441520451986,0.00011589052208680202,0.015667532035772428,0.0060856726560493965,0.1928906980201145,0.011869436201780416,0.063492
4543,ReFAM_sta1_j1_k8_const1,0.1000000014901161,vgg16,cifar,vgg16cifar,2,NO,YES,0.8926020456109455,1.0,1.0,1.0,0.502021954692714,1.0,1.0,1.0,1.0,0.8729180812050324,1.0,1.0,0.755192878338279,1.0
4544,ReFAM_sta1_j1_k6_const1,0.4867999851703644,vgg16,mnist,vgg16mnist,2,NO,YES,0.22705022907773564,0.07465910248898174,0.2587147485312106,0.258637236084453,0.03381732735069707,1.0,1.0,1.0,1.0,0.2254043595428068,1.0,1.0,0.18545994065281898,1.0
4545,mul8_177,0.9312000274658204,resnet34,cifar,resnet34cifar,0,NO,NO,0.0,0.0,0.0,0.0,0.0,0.0,0.0,0.0,0.0,0.0,0.0,0.0,0.0,0.0
4546,ReFAM_new1_sta2_j5_k2,0.1009000018239021,resnet34,mnist,resnet34mnist,2,NO,YES,0.3865053517888172,0.07494888925687208,0.24376076495506102,0.2437619961612284,0.07756626752090008,1.0,1.0,1.0,1.0,0.25668847634446196,1.0,0.6686547652258552,0.1661721068249258,1.0
4547,ReFAM_new2_sta2_j3_k2,0.1216999962925911,resnet18,mnist,resnet18mnist,2,YES,NO,0.12132454988886637,0.003792703742389117,0.06457238806756584,0.06453934740882918,0.0049906273346093395,0.008727710956570128,0.008798900093590377,0.008727710956570128,0.008798900093590377,0.06652680750950685,0.05332745143703386,0.7119065994147701,0.04154302670623145,0.2857142857142857
4548,mul8_332,0.0104999998584389,resnet34,cifar100,resnet34cifar100,2,NO,NO,1.0,0.3139761699997452,0.6260998153628206,0.6259596928982726,0.32695755144018157,1.0,1.0,1.0,1.0,0.5949029331342947,1.0,0.9963020959540939,0.7655786350148368,1.0
4549,ReFAM_sta2_j7_k2_const1,0.0979999974370002,vgg16,mnist,vgg16mnist,2,NO,YES,0.49916386239990734,0.9118283952818893,0.8144480733060582,0.814299424184261,0.47011264663284386,1.0,1.0,1.0,1.0,0.7500122116716056,1.0,0.9163552838691155,0.6646884272997032,1.0
4550,ReFAM_new2_sta3_j1_k5,0.9574999809265136,vgg16,mnist,vgg16mnist,1,NO,NO,0.29551193937216735,0.019210116105775353,0.15890861033756262,0.1588291746641075,0.024643636537089526,0.022650853619095628,0.034623171431932755,0.022650853619095628,0.034623171431932755,0.15608962842083365,0.10647351952371568,0.9545113003956514,0.09347181008902077,0.2857142857142857
4551,mul8_017,0.1002999991178512,resnet34,cifar,resnet34cifar,2,NO,NO,0.9651259652832505,1.0,1.0,1.0,1.0,0.08996561673957074,0.058724888191984945,0.08996561673957074,0.058724888191984945,1.0,0.1554335883150308,1.0,1.0,1.0
4552,mul8_475,0.1000000014901161,resnet18,cifar,resnet18cifar,2,NO,NO,1.0,0.8529573717040736,0.8825691015322651,0.8824376199616123,0.6531510093079862,0.058063082351793326,0.051074357817254695,0.058063082351793326,0.051074357817254695,0.8394964583093504,0.1360434842323379,1.0,0.9577151335311572,0.2857142857142857
4553,mul8_145,0.1017000004649162,resnet18,cifar,resnet18cifar,2,NO,NO,0.27135535488536633,0.04379019087713041,0.17573184278319362,0.17562380038387718,0.04528138836369668,0.013501256624152838,0.007575025943673695,0.013501256624152838,0.007575025943673695,0.1908300901944252,0.05028050972453617,0.929530085178043,0.19955489614243324,0.21428571428571427
4554,ReFAM_new2_sta2_j1_k6,0.0995000004768371,resnet34,cifar,resnet34cifar,2,NO,NO,0.3535744025332677,0.06863169694036125,0.23470909984201832,0.23464491362763915,0.06608658965750089,0.027171448342900296,0.0411165525027963,0.027171448342900296,0.0411165525027963,0.24194933452771356,0.11640705708126571,0.8928656516435921,0.1884272997032641,0.2857142857142857
4555,mul8_097,0.12950000166893,vgg16,mnist,vgg16mnist,2,NO,NO,0.2619310371707847,1.0,1.0,1.0,1.0,0.08522097975127695,0.050851356358087664,0.08522097975127695,0.050851356358087664,1.0,0.14523655971766897,1.0,1.0,0.42857142857142855
4556,ReFAM_sta4_j1_k6_const1,0.1009000018239021,resnet34,mnist,resnet34mnist,2,NO,YES,0.3275762846999392,0.02361841770055792,0.19570622621577557,0.19577735124760076,0.021347110477892204,1.0,1.0,1.0,1.0,0.17304826946719992,1.0,1.0,0.09421364985163205,1.0
4557,mul8_021,0.7092000246047974,vgg16,cifar,vgg16cifar,0,NO,NO,0.0,0.0,0.0,0.0,0.0,0.0,0.0,0.0,0.0,0.0,0.0,0.0,0.0,0.0
4558,ReFAM_new_sta2_j1_k2,0.1134999990463256,resnet18,mnist,resnet18mnist,2,NO,NO,0.0,0.0,0.0,0.0,0.0,0.0,0.0,0.0,0.0,0.0,0.0,0.0,0.0,0.0
4559,ReFAM_new1_sta4_j4_k3,0.101000003516674,vgg16,mnist,vgg16mnist,2,NO,YES,1.0,1.0,1.0,1.0,1.0,1.0,1.0,1.0,1.0,1.0,1.0,1.0,1.0,1.0
4560,ReFAM_new2_sta2_j3_k3,0.0878000035881996,resnet34,mnist,resnet34mnist,2,YES,NO,0.23051664478884612,0.014399377117672535,0.12268753732837509,0.12260076775431861,0.018947413224407874,0.015271009834371333,0.018900690602156617,0.015271009834371333,0.018900690602156617,0.1280012245318838,0.07846285448128841,0.7685806442416752,0.08902077151335312,0.2857142857142857
4561,ReFAM_sta2_j5_k5_const0,0.0998999997973442,resnet34,cifar,resnet34cifar,2,YES,NO,1.0,1.0,1.0,1.0,1.0,0.17257849158125055,0.1153461878163943,0.17257849158125055,0.1153461878163943,1.0,0.23860569200360673,1.0,1.0,0.14285714285714285
4562,ReFAM_new1_sta3_j5_k4,0.1009000018239021,resnet34,mnist,resnet34mnist,2,NO,YES,1.0,1.0,0.9335106200841411,0.9335412667946258,1.0,1.0,1.0,1.0,1.0,0.9686600850965311,1.0,0.8464606211908635,0.7359050445103857,1.0
4563,ReFAM_sta1_j7_k3_const1,0.0979999974370002,vgg16,mnist,vgg16mnist,2,NO,YES,1.0,1.0,1.0,1.0,1.0,1.0,1.0,1.0,1.0,1.0,1.0,0.9731545605786324,1.0,1.0
4564,ReFAM_new_sta3_j5_k1,0.7064999938011169,vgg16,cifar,vgg16cifar,0,NO,NO,0.011699153024997829,0.002294758922884875,0.02490649254034682,0.02495201535508637,0.0023036082092371822,0.001758009059257372,0.0003037736412275265,0.001758009059257372,0.0003037736412275265,0.03661877048523984,0.009932791124009481,0.280884931244642,0.03560830860534125,0.063492
4565,ReFAM_sta2_j4_k1_const0,0.1145000010728836,resnet18,cifar,resnet18cifar,2,YES,NO,0.1282573813110873,0.002136779354444246,0.06826223881428388,0.06837811900191938,0.002811680051656479,0.007073592463507309,0.0028322941231213885,0.007073592463507309,0.0028322941231213885,0.061131255853938346,0.030544060479031188,0.839174772800857,0.03560830860534125,0.14285714285714285
4566,mul8_411,0.1000000014901161,vgg16,cifar,vgg16cifar,2,NO,NO,1.0,1.0,1.0,1.0,1.0,0.09031794126840442,0.05873015594298889,0.09031794126840442,0.05873015594298889,1.0,0.1555769035548151,1.0,1.0,1.0
4567,mul8_238,0.1084000021219253,resnet34,mnist,resnet34mnist,2,NO,NO,0.7111703880522745,1.0,1.0,1.0,1.0,0.0493949955462566,0.027006003480227497,0.0493949955462566,0.027006003480227497,1.0,0.10116786991753401,0.9049367833529156,1.0,0.5714285714285714
4568,mul8_367,0.1134999990463256,resnet34,mnist,resnet34mnist,2,NO,NO,0.7747439114331895,0.352297117417777,0.5798675684524137,0.57989443378119,0.25893833088002566,0.042053094403099005,0.03215084029408098,0.042053094403099005,0.03215084029408098,0.5423712467327502,0.1068116539175818,0.9955252510237451,0.6461424332344213,0.14285714285714285
4569,ReFAM_sta2_j2_k6_const1,0.1023999974131584,resnet18,cifar,resnet18cifar,2,NO,YES,0.18718644839996526,0.2457455481109724,0.42314912806317756,0.42322456813819576,0.11515202157787144,1.0,1.0,1.0,1.0,0.38302447686748564,1.0,1.0,0.3264094955489614,1.0
4570,mul8_175,0.1005999967455864,resnet34,cifar,resnet34cifar,2,NO,NO,1.0,0.7083547739026317,0.966057044531687,0.9659309021113245,0.7868625690004595,0.05090637743533037,0.03518682078935493,0.05090637743533037,0.03518682078935493,0.9199310475897496,0.11372959997133696,1.0,1.0,0.15178571428571427
4571,ReFAM_new2_sta2_j2_k4,0.0998999997973442,resnet18,cifar,resnet18cifar,2,YES,NO,0.24091589192217752,0.014450328637301607,0.12822231344845217,0.1281190019193858,0.01901445775619104,0.016150014364000022,0.02073562386853098,0.016150014364000022,0.02073562386853098,0.1310001133151089,0.08220621868711298,0.8401684826986554,0.09198813056379822,0.2857142857142857
4572,mul8_086,0.9247000217437744,resnet18,cifar,resnet18cifar,0,NO,NO,0.0,0.0,0.0,0.0,0.0,0.0,0.0,0.0,0.0,0.0,0.0,0.0,0.0,0.0
4573,mul8_284,0.1134999990463256,resnet18,mnist,resnet18mnist,2,NO,NO,1.0,1.0,1.0,1.0,1.0,0.09031794126840442,0.05873015594298889,0.09031794126840442,0.05873015594298889,1.0,0.1555769035548151,1.0,1.0,1.0
4574,mul8_261,0.1134999990463256,resnet18,mnist,resnet18mnist,2,NO,NO,1.0,1.0,1.0,1.0,1.0,0.09031794126840442,0.05873015594298889,0.09031794126840442,0.05873015594298889,1.0,0.1555769035548151,1.0,1.0,1.0
4575,ReFAM_sta2_j8_k1_const1,0.1005999967455864,resnet34,cifar,resnet34cifar,2,NO,YES,0.4437012110221399,0.8005502764119939,0.748463162404589,0.7483205374280231,0.43241063152488624,1.0,1.0,1.0,1.0,0.70038050797246,1.0,0.8081030118776841,0.56973293768546,1.0
4576,mul8_138,0.0970000028610229,resnet18,cifar,resnet18cifar,2,NO,NO,0.39013425920280165,1.0,1.0,1.0,1.0,0.07579855709554499,0.039393997924506104,0.07579855709554499,0.039393997924506104,1.0,0.12814994954109266,1.0,1.0,0.42857142857142855
4577,mul8_395,0.1146000027656555,resnet34,cifar,resnet34cifar,2,NO,NO,0.20435604218547498,1.0,1.0,1.0,1.0,0.078394917854181,0.04366614398870595,0.078394917854181,0.04366614398870595,1.0,0.13435430513008842,1.0,1.0,0.42857142857142855
4578,mul8_451,0.1064999997615814,resnet34,cifar,resnet34cifar,2,NO,NO,0.39013425920280165,1.0,1.0,1.0,1.0,0.07579855709554499,0.039393997924506104,0.07579855709554499,0.039393997924506104,1.0,0.12814994954109266,1.0,1.0,0.42857142857142855
4579,mul8_136,0.0896999984979629,resnet34,mnist,resnet34mnist,2,NO,NO,0.2741718176506436,0.2557517218811301,0.2908207745327328,0.2907869481765835,0.2586238473407822,0.013441632473119445,0.013899838982410978,0.013441632473119445,0.013899838982410978,0.3982235300652194,0.06733576969240966,0.31436460600827953,0.47477744807121663,0.5626374285714285
4580,ReFAM_new_sta1_j3_k6,0.1075000017881393,resnet34,cifar,resnet34cifar,2,NO,NO,0.38347223804159547,0.25464012106081063,0.2728759935033831,0.2727927063339731,0.29468058420817383,0.007293117746857536,0.001330985086996908,0.007293117746857536,0.001330985086996908,0.41097560383714776,0.021415178278186824,0.4404670029261498,0.5637982195845698,0.06082428571428571
4581,ReFAM_sta3_j3_k6_const1,0.0979999974370002,vgg16,mnist,vgg16mnist,2,NO,YES,0.2448156095971768,0.7973406789799506,0.7534691423243031,0.753358925143954,0.37117831492159414,1.0,1.0,1.0,1.0,0.6839665541743765,1.0,1.0,0.6706231454005934,1.0
4582,ReFAM_sta4_j1_k5_const0,0.9002000093460083,vgg16,mnist,vgg16mnist,2,YES,NO,0.24784872334439845,0.005530628232237027,0.1319121641951702,0.13195777351247603,0.00727747441090073,0.015068649079348904,0.010112326010574133,0.015068649079348904,0.010112326010574133,0.11201129353797264,0.05799564679959155,0.9545113003956514,0.07195845697329377,0.14285714285714285
4583,ReFAM_sta2_j7_k1_const0,0.1000000014901161,vgg16,cifar,vgg16cifar,2,YES,NO,1.0,0.207474587929585,0.8560453732385871,0.8560460652591171,0.27300533342104755,0.048516894412855685,0.0246583424494691,0.048516894412855685,0.0246583424494691,0.716761055455379,0.0971132429253029,0.9560028833877363,0.42729970326409494,0.14285714285714285
4584,ReFAM_sta4_j3_k3_const1,0.1036000028252601,resnet18,mnist,resnet18mnist,2,NO,YES,0.17505399341107863,0.005393696023233893,0.0999718936688921,0.10004798464491363,0.0054796955888671605,1.0,1.0,1.0,1.0,0.08817306027202788,1.0,0.9624660703049752,0.04451038575667656,1.0
4585,mul8_041,0.9243999719619752,resnet18,cifar,resnet18cifar,0,NO,NO,0.0,0.0,0.0,0.0,0.0,0.0,0.0,0.0,0.0,0.0,0.0,0.0,0.0,0.0
4586,mul8_465,0.508899986743927,vgg16,mnist,vgg16mnist,2,NO,NO,1.0,0.5183351829796449,0.577167066316861,0.5772552783109406,0.6397082353893617,0.03287549212509508,0.02133790339998209,0.03287549212509508,0.02133790339998209,0.6774563939512627,0.08665197685458877,0.978498805715461,0.973293768545994,0.42857142857142855
4587,ReFAM_sta2_j1_k5_const1,0.1000000014901161,resnet34,cifar,resnet34cifar,2,NO,YES,0.09532643205553787,0.010211799098158102,0.09573433254688346,0.09572936660268715,0.005323180933953743,1.0,1.0,1.0,1.0,0.08520405337139735,1.0,1.0,0.04673590504451038,1.0
4588,ReFAM_sta3_j4_k3_const1,0.1000000014901161,resnet18,cifar,resnet18cifar,2,NO,YES,0.1022592634777588,0.040270011209334315,0.17477785401173415,0.17466410748560462,0.01902974471397198,1.0,1.0,1.0,1.0,0.1573520195319397,1.0,0.9594829043208054,0.13056379821958458,1.0
4589,mul8_153,0.9241999983787536,resnet18,cifar,resnet18cifar,0,NO,NO,0.0,0.0,0.0,0.0,0.0,0.0,0.0,0.0,0.0,0.0,0.0,0.0,0.0,0.0
4590,mul8_481,0.1134999990463256,resnet18,mnist,resnet18mnist,2,NO,NO,0.8095705602471682,0.14034222202124677,0.4428807303861777,0.44289827255278313,0.1717567843235679,0.028117304193384606,0.014637324122963355,0.028117304193384606,0.014637324122963355,0.42503006101418084,0.07200172575434574,0.9768209021175388,0.5348664688427299,0.14285714285714285
4591,ReFAM_sta3_j5_k4_const1,0.0979999974370002,vgg16,mnist,vgg16mnist,2,NO,YES,0.27947976670828145,0.7866265297429496,0.7498144263363953,0.7497600767754319,0.37018155127996294,1.0,1.0,1.0,1.0,0.6814819212485357,1.0,0.9921857341540943,0.6765578635014837,1.0
4592,ReFAM_new_sta1_j2_k4,0.9539999961853028,resnet18,mnist,resnet18mnist,1,NO,NO,0.04463010228054727,0.0036374110768603676,0.030700713135977883,0.030710172744721688,0.004320557466155676,0.0018456384933519072,0.00022651329316965844,0.0018456384933519072,0.00022651329316965844,0.04894993172413463,0.008625785994518192,0.34004426896143064,0.06676557863501484,0.05924957142857142
4593,mul8_295,0.1134999990463256,resnet18,mnist,resnet18mnist,2,NO,NO,0.7751772133970783,0.13492554510483276,0.4318307712534887,0.43186180422264875,0.15752114090049688,0.02867108608101296,0.016823440789600755,0.02867108608101296,0.016823440789600755,0.4113698936402857,0.0768072648883634,0.981232526079794,0.5222551928783383,0.14285714285714285
4594,ReFAM_new_sta3_j3_k4,0.9308000206947328,resnet34,mnist,resnet34mnist,1,NO,NO,0.04798819250068554,0.011692897944106183,0.06816854981397397,0.06813819577735125,0.010468397019017629,0.004348046044298936,0.0008639111646470695,0.004348046044298936,0.0008639111646470695,0.08412763698444146,0.01693732346846766,0.463335566465549,0.08605341246290801,0.06762471428571429
4595,ReFAM_new2_sta4_j7_k2,0.1027999967336654,resnet18,mnist,resnet18mnist,2,NO,NO,1.0,1.0,1.0,1.0,1.0,1.0,1.0,1.0,1.0,1.0,1.0,1.0,1.0,0.2857142857142857
4596,ReFAM_sta1_j7_k2_const0,0.0947000011801719,resnet18,cifar,resnet18cifar,2,YES,NO,1.0,0.9684864851094184,1.0,1.0,1.0,0.04667125591950378,0.02617018698760147,0.04667125591950378,0.02617018698760147,1.0,0.09894946943503938,0.8451400866238096,0.9970326409495549,0.14285714285714285
4597,ReFAM_new1_sta3_j5_k3,0.1000000014901161,vgg16,cifar,vgg16cifar,2,NO,YES,0.8527382649331751,0.25757266960487096,0.49817309216783723,0.49808061420345495,0.2869813661198078,1.0,1.0,1.0,1.0,0.5089474366316024,1.0,0.7967934529179028,0.3560830860534125,1.0
4598,mul8_065,0.1114000007510185,resnet18,cifar,resnet18cifar,2,NO,NO,0.1230712975641892,0.6600085825924134,0.5952444974805552,0.5952495201535509,0.43756308255298615,0.029050512496680014,0.01221240274414709,0.029050512496680014,0.01221240274414709,0.6180464390225563,0.06671697628729928,0.9749566779137794,0.787833827893175,0.14285714285714285
4599,ReFAM_new2_sta1_j1_k3,0.7293000221252441,resnet34,mnist,resnet34mnist,2,NO,NO,0.024264909977773273,0.0010031080426973734,0.02064010261445408,0.020633397312859885,0.0010008065945090094,0.002732773589030601,0.0022739125167031606,0.002732773589030601,0.0022739125167031606,0.025822537527620672,0.026951475848396363,0.5249812152176082,0.02225519287833828,0.2857142857142857
4600,mul8_148,0.1134999990463256,resnet18,mnist,resnet18mnist,2,NO,NO,0.5045801369485174,0.22877041991694902,0.39539158378696115,0.39539347408829173,0.19735295690078453,1.0,1.0,1.0,1.0,0.4128142721566668,1.0,0.9865767712166227,0.7225519287833828,1.0
4601,mul8_149,0.1448000073432922,vgg16,mnist,vgg16mnist,2,NO,NO,0.7669444760831909,0.6687313310447609,0.685430763064972,0.6854606525911708,0.5066911123640625,0.044990938935835376,0.032156108045084925,0.044990938935835376,0.032156108045084925,0.6887403953832434,0.10763497011280103,1.0,0.9851632047477745,0.14285714285714285
4602,ReFAM_new_sta2_j6_k2,0.1222999989986419,resnet18,cifar,resnet18cifar,2,NO,NO,0.2608477822610627,0.08466052753929636,0.22299094194775532,0.2228886756238004,0.07391292134549644,0.007966147936552676,0.0007146582195352791,0.007966147936552676,0.0007146582195352791,0.24305223559075467,0.016440198730465833,0.5887395156478764,0.21364985163204747,0.040816285714285715
4603,mul8_283,0.1000000014901161,vgg16,cifar,vgg16cifar,2,NO,NO,0.655477545872795,0.11314438932056149,0.38101379992371753,0.3809980806142035,0.1199930846468494,0.027867966834517685,0.017148285434844066,0.027867966834517685,0.017148285434844066,0.36136981365028376,0.07727378585120295,0.9824909537782357,0.43991097922848665,0.14285714285714285
4604,mul8_236,0.1134999990463256,resnet34,mnist,resnet34mnist,2,NO,NO,1.0,1.0,1.0,1.0,1.0,0.06325490047283758,0.043460701699552066,0.06325490047283758,0.043460701699552066,1.0,0.1285373485486346,1.0,1.0,0.2857142857142857
4605,mul8_489,0.100100003182888,vgg16,cifar,vgg16cifar,2,NO,NO,0.4965369709770393,0.1689863496802792,0.3529820591486617,0.35292706333973134,0.1549503179605265,0.02416946267799164,0.015975332877965525,0.02416946267799164,0.015975332877965525,0.3671471815411856,0.07394693156100153,0.9830662059219408,0.46958456973293766,0.7142857142857143
4606,ReFAM_new1_sta4_j7_k1,0.1009000018239021,resnet34,mnist,resnet34mnist,2,NO,YES,1.0,1.0,1.0,1.0,1.0,1.0,1.0,1.0,1.0,1.0,1.0,1.0,1.0,1.0
4607,ReFAM_new1_sta2_j6_k1,0.1000000014901161,resnet18,cifar,resnet18cifar,2,NO,YES,0.3085109982888316,0.0679151911955774,0.20455610077118178,0.2046545105566219,0.07104513923417818,1.0,1.0,1.0,1.0,0.2314708527166184,1.0,0.5080779655011617,0.142433234421365,1.0
4608,ReFAM_sta1_j4_k2_const0,0.1083000004291534,resnet34,cifar,resnet34cifar,2,YES,NO,0.2911789197332793,0.01635543780093241,0.154973731362158,0.15499040307101727,0.02152129470239594,0.012186815112734815,0.005432807202069173,0.012186815112734815,0.005432807202069173,0.14944648448123987,0.042724362993616496,0.8192893752456275,0.12462908011869436,0.14285714285714285
4609,mul8_269,0.0099999997764825,resnet34,cifar100,resnet34cifar100,2,NO,NO,1.0,0.5860835308001936,0.8040382737591187,0.8039827255278311,0.6092581138009195,0.047379518562082286,0.03264776480545317,0.047379518562082286,0.03264776480545317,0.783761041046351,0.10904946167213056,0.9971726102600547,1.0,0.14285714285714285
4610,ReFAM_sta1_j2_k4_const0,0.1172999963164329,vgg16,cifar,vgg16cifar,2,YES,NO,0.318910245422163,0.018196061447532674,0.1697331343490302,0.1696257197696737,0.023943278413062773,0.01406858945519787,0.007208039290398822,0.01406858945519787,0.007208039290398822,0.16115942722275345,0.04921833479634307,0.8650254841790388,0.13649851632047477,0.14285714285714285
4611,mul8_427,0.1134999990463256,resnet18,mnist,resnet18mnist,2,NO,NO,0.6603521929665441,0.4890661223345986,0.6181097941066236,0.618042226487524,0.32525830982699544,0.04243071402631051,0.029624075729188435,0.04243071402631051,0.029624075729188435,0.5897595354098399,0.10309665418629786,1.0,0.8115727002967359,0.2857142857142857
4612,mul8_163,0.0099999997764825,resnet34,cifar100,resnet34cifar100,2,NO,NO,1.0,0.7046280654981785,0.9559904675215056,0.9558541266794626,0.7749995295489396,0.04952056762191783,0.034986646251205,0.04952056762191783,0.034986646251205,0.9114130354560163,0.11302944531030736,1.0,1.0,0.6190475714285714
4613,ReFAM_sta1_j1_k4_const0,0.987600028514862,vgg16,mnist,vgg16mnist,0,YES,NO,0.1542554991444158,0.004396956920490153,0.08209917911447656,0.08205374280230326,0.00578573357872531,0.008070038502747227,0.0037102526237789792,0.008070038502747227,0.0037102526237789792,0.0784661747415996,0.03495697557072308,0.8431516486828253,0.06602373887240356,0.14285714285714285
4614,ReFAM_new_sta1_j1_k7,0.0099999997764825,resnet34,cifar100,resnet34cifar100,2,NO,NO,0.1902195621471869,0.060303462079331516,0.12811421189112557,0.1281190019193858,0.0717623343855607,0.004946094347088444,0.0008428401606312873,0.004946094347088444,0.0008428401606312873,0.20051446212601853,0.016849244310683555,0.40218779080777617,0.28041543026706234,0.06074242857142857
4615,ReFAM_sta3_j3_k5_const0,0.1000000014901161,resnet18,cifar,resnet18cifar,2,YES,NO,1.0,0.1853743662904746,0.9040134329459217,0.9040307101727448,0.24392476776009978,0.0658467442503347,0.052120884350038546,0.0658467442503347,0.052120884350038546,0.739236816718535,0.13963681529651326,0.9980421064206284,0.5103857566765578,0.14285714285714285
4616,ReFAM_new1_sta3_j1_k3,0.973699986934662,vgg16,mnist,vgg16mnist,0,YES,YES,0.1074588870444245,0.0011814383613991287,0.057192686574129736,0.05710172744721689,0.0015545950807221366,1.0,1.0,1.0,1.0,0.049396974324446466,1.0,0.986328343742173,0.02225519287833828,1.0
4617,ReFAM_new1_sta4_j2_k1,0.100500002503395,resnet34,cifar,resnet34cifar,2,NO,YES,1.0,1.0,1.0,1.0,1.0,1.0,1.0,1.0,1.0,1.0,1.0,1.0,1.0,1.0
4618,mul8_095,0.0115999998524785,resnet34,cifar100,resnet34cifar100,2,NO,NO,0.31398143904934356,1.0,1.0,1.0,1.0,0.07454102954647703,0.037655640093204074,0.07454102954647703,0.037655640093204074,1.0,0.12546428166221793,1.0,1.0,0.42857142857142855
4619,mul8_109,0.8938000202178955,resnet34,cifar,resnet34cifar,1,NO,NO,0.012565756952775446,0.07332834234326038,0.013721632464357739,0.013675623800383879,0.09631233435061459,0.0006097924537506301,0.0007164141365365942,0.0006097924537506301,0.0007164141365365942,0.20544210881428943,0.015086168287920317,0.003045272852782286,1.0,0.14271771428571428
4620,mul8_233,0.1134999990463256,resnet18,mnist,resnet18mnist,2,NO,NO,0.9333324302164935,0.7216198045372328,0.6881432018676903,0.6880998080614203,0.6703537431303829,0.04135296232657051,0.028366839156246763,0.04135296232657051,0.028366839156246763,0.740214386577289,0.10083869272615442,0.9935062687211483,1.0,0.15178571428571427
4621,ReFAM_new1_sta2_j1_k1,0.987500011920929,vgg16,mnist,vgg16mnist,0,YES,YES,0.027731325688883743,6.368939953634117e-05,0.014759402986872191,0.01487523992322457,8.380566472895615e-05,1.0,1.0,1.0,1.0,0.012404746626742444,1.0,0.8908772137026079,0.004451038575667656,1.0
4622,ReFAM_new2_sta2_j1_k6,0.1032000035047531,resnet18,mnist,resnet18mnist,2,NO,NO,0.3535744025332677,0.06863169694036125,0.23470909984201832,0.23464491362763915,0.06608658965750089,0.027171448342900296,0.0411165525027963,0.027171448342900296,0.0411165525027963,0.24194933452771356,0.11640705708126571,0.8928656516435921,0.1884272997032641,0.2857142857142857
4623,mul8_328,0.0110999997705221,resnet34,cifar100,resnet34cifar100,2,NO,NO,1.0,1.0,1.0,1.0,1.0,0.09031794126840442,0.05873015594298889,0.09031794126840442,0.05873015594298889,1.0,0.1555769035548151,1.0,1.0,1.0
4624,ReFAM_sta1_j4_k4_const0,0.1000000014901161,resnet34,cifar,resnet34cifar,2,YES,NO,1.0,0.29434692889715436,0.6863122388895568,0.6861804222648753,0.3873162601113438,0.03656947930048223,0.023376523038509015,0.03656947930048223,0.023376523038509015,0.6502512285645439,0.09127090760347062,0.8729802540883628,0.5519287833827893,0.14285714285714285
4625,mul8_086,0.991599977016449,resnet18,mnist,resnet18mnist,0,NO,NO,0.0,0.0,0.0,0.0,0.0,0.0,0.0,0.0,0.0,0.0,0.0,0.0,0.0,0.0
4626,mul8_024,0.1130999997258186,resnet18,mnist,resnet18mnist,2,NO,NO,0.42891478497085,1.0,1.0,1.0,1.0,0.07492587633951076,0.03905335002625096,0.07492587633951076,0.03905335002625096,1.0,0.12737589795954926,1.0,1.0,0.42857142857142855
4627,ReFAM_sta3_j8_k2_const0,0.101000003516674,vgg16,mnist,vgg16mnist,2,YES,NO,1.0,1.0,1.0,1.0,1.0,0.15618004325461138,0.09700914657165985,0.15618004325461138,0.09700914657165985,1.0,0.21779288559263835,0.991734695747614,1.0,0.14285714285714285
4628,mul8_124,0.100500002503395,resnet18,cifar,resnet18cifar,2,NO,NO,0.8246819627713747,0.3560250091075841,0.5707351620253314,0.5707773512476008,0.30463293658314167,0.03870601137917888,0.028379130575255967,0.03870601137917888,0.028379130575255967,0.5554167687667081,0.10013704519804374,0.996488416559931,0.8167655786350149,0.15178571428571427
4629,ReFAM_sta3_j1_k4_const1,0.1325999945402145,resnet18,mnist,resnet18mnist,2,NO,YES,0.07626114564443029,0.0021431482943978803,0.05237858627294641,0.052303262955854135,0.0014706738144592535,1.0,1.0,1.0,1.0,0.04603783547661287,1.0,1.0,0.025222551928783383,1.0
4630,ReFAM_sta4_j2_k5_const0,0.2834999859333038,vgg16,mnist,vgg16mnist,2,YES,NO,0.5511600980665644,0.023517310778793977,0.29334313436408477,0.293426103646833,0.03094524170116706,0.029291719289496934,0.02232121692071859,0.029291719289496934,0.02232121692071859,0.24462238924916616,0.08757009010945702,0.9821030403857549,0.1661721068249258,0.14285714285714285
4631,ReFAM_sta1_j4_k5_const1,0.1000000014901161,resnet34,cifar,resnet34cifar,2,NO,YES,0.8735367591998379,1.0,0.9947030458301012,0.9947216890595011,0.49518478590834825,1.0,1.0,1.0,1.0,0.8654413927210544,1.0,1.0,0.7477744807121661,1.0
4632,ReFAM_new2_sta3_j1_k1,0.6093999743461609,resnet34,cifar100,resnet34cifar100,2,YES,NO,0.013865662844441871,6.368939953634117e-05,0.007379701493436096,0.007437619961612285,8.380566472895615e-05,0.0011988067942623499,0.0007743593975799951,0.0011988067942623499,0.0007743593975799951,0.008120812372828586,0.01571242602843613,0.5090726935443474,0.004451038575667656,0.2857142857142857
4633,ReFAM_new2_sta1_j6_k3,0.1045000031590461,resnet34,mnist,resnet34mnist,2,NO,NO,0.6239548279998842,0.9549843324077141,0.6484912687356968,0.6485124760076776,0.8746619140723605,0.029628686082458392,0.03296558578269122,0.029628686082458392,0.03296558578269122,0.7801992987575651,0.10516427509360275,0.5428781748318533,0.712166172106825,0.2857142857142857
4634,ReFAM_new2_sta3_j4_k3,0.0997999981045723,resnet18,cifar,resnet18cifar,2,NO,NO,0.49743065454435215,0.07678314396351871,0.2722129752922576,0.27231285988483683,0.09609961916438335,0.037666202321005586,0.06445268945027507,0.037666202321005586,0.06445268945027507,0.2861682298449984,0.14635546359494336,0.7475763049060354,0.17804154302670624,0.2857142857142857
4635,ReFAM_new2_sta3_j5_k2,0.1013000011444091,resnet34,mnist,resnet34mnist,2,NO,NO,0.4541004581554713,0.07494650090438948,0.24920906204318727,0.2492802303262956,0.09407144025009156,0.034345317787691045,0.055569505340621564,0.034345317787691045,0.055569505340621564,0.2730386249197322,0.13578596466085044,0.617822838630065,0.1661721068249258,0.2857142857142857
4636,ReFAM_sta1_j2_k7_const1,0.1000000014901161,vgg16,cifar,vgg16cifar,2,NO,YES,0.8874024220442798,1.0,1.0,1.0,0.5014956585877708,1.0,1.0,1.0,1.0,0.8719721635659704,1.0,1.0,0.755192878338279,1.0
4637,mul8_316,0.989400029182434,vgg16,mnist,vgg16mnist,0,NO,NO,0.027551910944508085,0.0008266599750337553,0.01660793334441076,0.016554702495201537,0.0010129191110379502,0.0015420973608182601,0.0003213328112406783,0.0015420973608182601,0.0003213328112406783,0.024315986071713175,0.010173889157604964,0.4664429461869437,0.02967359050445104,0.14285714285714285
4638,ReFAM_new1_sta1_j2_k5,0.1000000014901161,resnet34,cifar,resnet34cifar,2,NO,YES,0.7140816364887563,0.1271877308740733,0.40761319967650933,0.4076295585412668,0.14063688853305722,1.0,1.0,1.0,1.0,0.3884620293646464,1.0,0.8968425275255605,0.18694362017804153,1.0
4639,ReFAM_new1_sta3_j1_k5,0.1009000018239021,resnet34,mnist,resnet34mnist,2,NO,YES,0.337108927905493,0.01757966747764502,0.18094682322890338,0.1809021113243762,0.022454392823123538,1.0,1.0,1.0,1.0,0.1656437831260287,1.0,1.0,0.09347181008902077,1.0
4640,ReFAM_new2_sta4_j5_k4,0.1000000014901161,vgg16,cifar,vgg16cifar,2,NO,NO,1.0,1.0,1.0,1.0,1.0,1.0,1.0,1.0,1.0,1.0,1.0,1.0,1.0,0.2857142857142857
4641,ReFAM_new2_sta4_j2_k6,0.1027999967336654,resnet18,mnist,resnet18mnist,2,NO,NO,1.0,1.0,1.0,1.0,1.0,1.0,1.0,1.0,1.0,1.0,1.0,1.0,1.0,0.2857142857142857
4642,mul8_182,0.1000000014901161,vgg16,cifar,vgg16cifar,2,NO,NO,0.7049822952470913,0.2261237895065345,0.45272457693573487,0.45273512476007677,0.21853951873809155,1.0,1.0,1.0,1.0,0.4537042136857079,1.0,0.9864525574793978,0.5207715133531158,1.0
4643,mul8_049,0.1006999984383583,resnet34,cifar,resnet34cifar,2,NO,NO,1.0,1.0,1.0,1.0,1.0,0.06299743254792065,0.04661608455091545,0.06299743254792065,0.04661608455091545,1.0,0.13229041639048625,1.0,1.0,0.14285714285714285
4644,mul8_080,0.1041999980807304,resnet34,cifar,resnet34cifar,2,NO,NO,0.4800985759887998,0.29799493828497187,0.30046575657629554,0.30038387715930903,0.3613541828000585,1.0,1.0,1.0,1.0,0.45449111499076,1.0,0.6723832136333739,0.4280415430267062,1.0
4645,ReFAM_sta2_j5_k5_const0,0.1134999990463256,resnet34,mnist,resnet34mnist,2,YES,NO,1.0,1.0,1.0,1.0,1.0,0.17257849158125055,0.1153461878163943,0.17257849158125055,0.1153461878163943,1.0,0.23860569200360673,1.0,1.0,0.14285714285714285
4646,mul8_189,0.1134999990463256,resnet18,mnist,resnet18mnist,2,NO,NO,0.49022701286111636,0.20555776634906886,0.38094826448460506,0.3809980806142035,0.17563329832997496,1.0,1.0,1.0,1.0,0.39355514572582595,1.0,0.9873536161469713,0.4970326409495549,1.0
4647,mul8_301,0.1000000014901161,vgg16,cifar,vgg16cifar,2,NO,NO,0.6400411668756719,1.0,0.5890050373547207,0.5890115163147793,1.0,0.034138440051529724,0.020270305863182462,0.034138440051529724,0.020270305863182462,0.8379130217088343,0.0850157945337179,0.9642681876401222,1.0,0.32722828571428575
4648,ReFAM_new1_sta1_j2_k5,0.1000000014901161,resnet18,cifar,resnet18cifar,2,NO,YES,0.7140816364887563,0.1271877308740733,0.40761319967650933,0.4076295585412668,0.14063688853305722,1.0,1.0,1.0,1.0,0.3884620293646464,1.0,0.8968425275255605,0.18694362017804153,1.0
4649,ReFAM_new1_sta4_j1_k8,0.1000000014901161,resnet18,cifar,resnet18cifar,2,NO,YES,1.0,1.0,1.0,1.0,1.0,1.0,1.0,1.0,1.0,1.0,1.0,1.0,1.0,1.0
4650,ReFAM_sta2_j1_k2_const1,0.2554999887943268,resnet34,mnist,resnet34mnist,2,YES,YES,0.029464533544438978,7.244669197258808e-05,0.015681865673551704,0.015595009596928982,9.532894362918763e-05,1.0,1.0,1.0,1.0,0.013191980885101902,1.0,0.9545113003956514,0.0051928783382789315,1.0
4651,mul8_450,0.2167000025510788,resnet34,cifar,resnet34cifar,2,NO,NO,0.07409463582498625,0.005389989096374799,0.06418637802154867,0.06429942418426104,0.003935006086298992,0.00661015019865683,0.005093915220815343,0.00661015019865683,0.005093915220815343,0.06275012355883698,0.04057164866268967,0.8982720036490331,0.07270029673590504,1.0
4652,ReFAM_sta3_j1_k8_const0,0.1134999990463256,resnet18,mnist,resnet18mnist,2,YES,NO,1.0,0.799380332000102,1.0,1.0,1.0,0.11735388017713791,0.094642170453887,0.11735388017713791,0.094642170453887,1.0,0.19857670052489207,1.0,1.0,0.14285714285714285
4653,ReFAM_sta3_j2_k3_const1,0.6158000230789185,vgg16,cifar,vgg16cifar,2,NO,YES,0.07106152207776459,0.0020945851272514203,0.05024539131000004,0.05014395393474089,0.0014091454050508142,1.0,1.0,1.0,1.0,0.04443831696066123,1.0,0.9704198220689122,0.025222551928783383,1.0
4654,ReFAM_new1_sta1_j1_k6,0.0957999974489212,resnet18,mnist,resnet18mnist,2,NO,YES,0.7244808836220877,0.12771953736020178,0.41287411876401575,0.4129078694817659,0.14123959545848513,1.0,1.0,1.0,1.0,0.3917771831857313,1.0,0.9604766142186039,0.1884272997032641,1.0
4655,ReFAM_new2_sta4_j1_k1,0.1027999967336654,resnet18,mnist,resnet18mnist,2,NO,NO,1.0,1.0,1.0,1.0,1.0,1.0,1.0,1.0,1.0,1.0,1.0,1.0,1.0,0.2857142857142857
4656,ReFAM_sta3_j1_k7_const1,0.1000000014901161,vgg16,cifar,vgg16cifar,2,NO,YES,0.06239548279998842,0.18642205691284744,0.3640619687998619,0.3639635316698656,0.08349249196059244,1.0,1.0,1.0,1.0,0.3283800772120885,1.0,1.0,0.3219584569732938,1.0
4657,mul8_118,0.3876999914646148,resnet34,cifar100,resnet34cifar100,2,NO,NO,0.031847694345827425,0.00037844191526762285,0.01801685119413459,0.017994241842610365,0.00045205851619534073,0.002132918493785537,0.0007322173895484308,0.002132918493785537,0.0007322173895484308,0.019295832502765967,0.01533696995754286,0.5836436979854975,0.01483679525222552,0.14285714285714285
4658,ReFAM_sta4_j5_k4_const1,0.1009000018239021,resnet34,mnist,resnet34mnist,2,NO,YES,0.8299899118290126,0.43316970547474076,0.6616327570367003,0.6617082533589251,0.2713020262442153,1.0,1.0,1.0,1.0,0.595150842587475,1.0,0.9884257232395757,0.47477744807121663,1.0
4659,mul8_085,0.1149000003933906,resnet34,mnist,resnet34mnist,2,NO,NO,0.49673330876291655,0.2918734246809161,0.4898530211420478,0.4899232245681382,0.17470242881976722,0.03512585212849185,0.02863900629145062,0.03512585212849185,0.02863900629145062,0.4533409399719592,0.0996481312289879,0.9966289206233494,0.49554896142433236,0.4017857142857143
4660,ReFAM_new2_sta3_j3_k6,0.0979999974370002,resnet18,cifar,resnet18cifar,2,NO,NO,1.0,1.0,0.949292477023078,0.9491362763915548,1.0,0.11354335488836731,0.24795479567271816,0.11354335488836731,0.24795479567271816,1.0,0.295768318971952,0.9201305669644403,0.7537091988130564,0.2857142857142857
4661,ReFAM_sta4_j1_k3_const0,0.839900016784668,resnet18,mnist,resnet18mnist,2,YES,NO,0.046796612099991315,0.00030809747025705044,0.02490649254034682,0.02495201535508637,0.00040540990312632543,0.0034952400052758337,0.0016821684872599441,0.0034952400052758337,0.0016821684872599441,0.022607386097032243,0.02328275499662612,0.8272431270095645,0.012611275964391691,0.14285714285714285
4662,ReFAM_sta2_j1_k9_const1,0.1000000014901161,resnet18,cifar,resnet18cifar,2,NO,YES,0.039863780677770376,1.0,1.0,1.0,1.0,1.0,1.0,1.0,1.0,1.0,1.0,1.0,1.0,1.0
4663,mul8_323,0.0103000001981854,resnet34,cifar100,resnet34cifar100,2,NO,NO,0.5778081688457261,0.1611135688482409,0.3641228882356902,0.3642034548944338,0.16520392489914323,0.0265092589079385,0.019092085555299974,0.0265092589079385,0.019092085555299974,0.37891867263296974,0.08085741327935127,0.9791972534510038,0.43991097922848665,0.7142857142857143
4664,ReFAM_sta4_j1_k6_const0,0.2809000015258789,vgg16,mnist,vgg16mnist,2,YES,NO,0.5528933059221196,0.02361841770055792,0.2942655970507643,0.2941458733205375,0.031078283193924278,0.029452523818041542,0.022660108901972422,0.029452523818041542,0.022660108901972422,0.24533650912679558,0.08821724798910804,0.9823514678602046,0.16691394658753708,0.14285714285714285
4665,ReFAM_sta1_j4_k3_const0,0.1027000024914741,resnet34,mnist,resnet34mnist,2,YES,NO,0.6239548279998842,0.0709754668432986,0.3320865672046243,0.33205374280230326,0.09339303277394874,0.021915489089683753,0.011896337683910357,0.021915489089683753,0.011896337683910357,0.31651496398139545,0.06405146211401921,0.8550832944741178,0.26706231454005935,0.14285714285714285
4666,ReFAM_sta1_j4_k5_const0,0.1000000014901161,vgg16,cifar,vgg16cifar,2,YES,NO,1.0,1.0,1.0,1.0,1.0,0.05885807103223859,0.03851077167284457,0.05885807103223859,0.03851077167284457,1.0,0.12076772182511958,0.9117573393010228,1.0,0.14285714285714285
4667,mul8_130,0.5997999906539917,vgg16,cifar,vgg16cifar,2,NO,NO,0.06105495744901921,0.004830115927445036,0.05803992796348666,0.058061420345489445,0.003508595137275775,0.005801610574794883,0.002877947965155583,0.005801610574794883,0.002877947965155583,0.057851882332168134,0.030596310826869217,0.8947919827159639,0.07344213649851632,0.7142857142857143
4668,mul8_319,0.1134999990463256,resnet34,mnist,resnet34mnist,2,NO,NO,0.7114818247054235,0.2360446574147199,0.4052196599144268,0.4052303262955854,0.2849789015993252,0.024581411357858733,0.014040312342516193,0.024581411357858733,0.014040312342516193,0.4614737928025992,0.06976839660104023,0.9653861112751457,0.701780415430267,0.2857142857142857
4669,ReFAM_sta1_j3_k4_const0,0.1134999990463256,resnet18,mnist,resnet18mnist,2,YES,NO,0.644753322266547,0.07358673222428859,0.3431561194447784,0.34309021113243765,0.09682906502783595,0.023263356261529592,0.013292291699955928,0.023263356261529592,0.013292291699955928,0.3251256129288032,0.06773063303535706,0.8729802540883628,0.27596439169139464,0.14285714285714285
4670,ReFAM_sta2_j3_k5_const1,0.0974999964237213,resnet18,cifar,resnet18cifar,2,NO,YES,0.19585248767774144,0.24491042085955214,0.42289328857180314,0.42298464491362764,0.11547715356544218,1.0,1.0,1.0,1.0,0.38305795356302386,1.0,1.0,0.3264094955489614,1.0
4671,mul8_368,0.0441999994218349,resnet34,cifar100,resnet34cifar100,2,NO,NO,0.028922906089577965,0.009937956449188597,0.07756253714019269,0.07749520153550864,0.00596247136183334,0.007355452086574267,0.004215956720157752,0.007355452086574267,0.004215956720157752,0.07644852101044594,0.037079832560028184,0.7926913451533225,0.08011869436201781,0.2857142857142857
4672,ReFAM_sta3_j2_k2_const0,0.4595000147819519,resnet34,cifar,resnet34cifar,2,YES,NO,0.05372944352221225,0.00041318497949201336,0.028596343287064868,0.028550863723608447,0.0005436892499291031,0.0037499977415094304,0.0016663652342481076,0.0037499977415094304,0.0016663652342481076,0.0260344907305515,0.023204379474869075,0.8192893752456275,0.017804154302670624,0.14285714285714285
4673,mul8_233,0.1044000014662742,vgg16,cifar,vgg16cifar,2,NO,NO,0.9333324302164935,0.7216198045372328,0.6881432018676903,0.6880998080614203,0.6703537431303829,0.04135296232657051,0.028366839156246763,0.04135296232657051,0.028366839156246763,0.740214386577289,0.10083869272615442,0.9935062687211483,1.0,0.15178571428571427
4674,mul8_044,0.0098999999463558,resnet34,cifar100,resnet34cifar100,2,NO,NO,0.03396004488620107,1.0,1.0,1.0,1.0,0.08037064540433304,0.045090192676772556,0.08037064540433304,0.045090192676772556,1.0,0.13681007147847585,1.0,1.0,0.42857142857142855
4675,mul8_441,0.1134999990463256,resnet34,mnist,resnet34mnist,2,NO,NO,0.9142671438053859,0.46781794544366034,0.6658943058784135,0.6657869481765836,0.3611921511176692,0.04494486572821866,0.03382774103033698,0.04494486572821866,0.03382774103033698,0.6297195979042555,0.11005863981894508,0.9946862992247841,0.7796735905044511,0.14732142857142858
4676,ReFAM_new2_sta4_j2_k5,0.1000000014901161,resnet18,cifar,resnet18cifar,2,NO,NO,1.0,1.0,1.0,1.0,1.0,1.0,1.0,1.0,1.0,1.0,1.0,1.0,1.0,0.2857142857142857
4677,ReFAM_sta4_j6_k4_const0,0.1000000014901161,vgg16,cifar,vgg16cifar,2,YES,NO,1.0,1.0,1.0,1.0,1.0,0.1570120711803956,0.12245413983771815,0.1570120711803956,0.12245413983771815,1.0,0.23597824594089442,1.0,1.0,0.14285714285714285
4678,ReFAM_new2_sta4_j1_k5,0.1000000014901161,vgg16,cifar,vgg16cifar,2,NO,NO,1.0,1.0,1.0,1.0,1.0,1.0,1.0,1.0,1.0,1.0,1.0,1.0,1.0,0.2857142857142857
4679,mul8_138,0.1151999980211258,vgg16,mnist,vgg16mnist,2,NO,NO,0.39013425920280165,1.0,1.0,1.0,1.0,0.07579855709554499,0.039393997924506104,0.07579855709554499,0.039393997924506104,1.0,0.12814994954109266,1.0,1.0,0.42857142857142855
4680,ReFAM_new2_sta1_j5_k1,0.0603000000119209,resnet34,cifar100,resnet34cifar100,2,NO,NO,0.06239548279998842,0.014049881537716863,0.06641731344092486,0.06645873320537428,0.014414574333380458,0.0054619335931500885,0.0048410631726259565,0.0054619335931500885,0.0048410631726259565,0.093143825767061,0.03945423765249637,0.3261252033745411,0.0712166172106825,0.2857142857142857
4681,ReFAM_new1_sta3_j4_k2,0.1000000014901161,resnet34,cifar,resnet34cifar,2,NO,YES,0.27991306867217025,0.01622626773749777,0.15070734143626527,0.15067178502879078,0.020713208402270887,1.0,1.0,1.0,1.0,0.14587354088525445,1.0,0.7949292287141434,0.0830860534124629,1.0
4682,mul8_206,0.7078999876976013,vgg16,cifar,vgg16cifar,0,NO,NO,0.0,0.0,0.0,0.0,0.0,0.0,0.0,0.0,0.0,0.0,0.0,0.0,0.0,0.0
4683,ReFAM_new1_sta1_j1_k4,0.0979000031948089,resnet18,cifar,resnet18cifar,2,NO,YES,0.18372003268885478,0.007652281354291392,0.1039500140051975,0.10388675623800385,0.008537206953634057,1.0,1.0,1.0,1.0,0.09771256773863979,1.0,0.926671132931098,0.04599406528189911,1.0
4684,ReFAM_sta3_j2_k4_const0,0.1134999990463256,resnet34,mnist,resnet34mnist,2,YES,NO,0.32670968077216156,0.009562764311008077,0.173884216439088,0.1739443378119002,0.01258315866635049,0.01762977738510155,0.011118466452327731,0.01762977738510155,0.011118466452327731,0.1475591318915457,0.06115753927733291,0.954014445446752,0.10682492581602374,0.14285714285714285
4685,mul8_127,0.7041000127792358,vgg16,cifar,vgg16cifar,0,NO,NO,0.01939026288402418,0.0007474268208799327,0.015162980412294478,0.015115163147792706,0.0008315707090014593,0.0014409169833070445,0.00031255322623410233,0.0014409169833070445,0.00031255322623410233,0.022074406353253674,0.010031320351361195,0.46234185656775045,0.02967359050445104,0.14285714285714285
4686,mul8_218,0.9782000184059144,vgg16,mnist,vgg16mnist,0,NO,NO,0.15685531092774865,0.03145121869666013,0.09821705231166346,0.09812859884836853,0.0380892278010285,0.009138756240209442,0.004630353132468135,0.009138756240209442,0.004630353132468135,0.14779481952210485,0.03906683864495441,0.648024085247277,0.2195845697329377,0.14285714285714285
4687,ReFAM_sta2_j3_k1_const0,0.7832000255584717,resnet18,mnist,resnet18mnist,2,YES,NO,0.050263027811101785,0.0004386607393065498,0.026751417913705847,0.02663147792706334,0.0005772115158206855,0.0032856520804311726,0.001215094564910106,0.0032856520804311726,0.001215094564910106,0.025248631596420507,0.019822289102667454,0.7477005186432601,0.01483679525222552,0.14285714285714285
4688,mul8_492,0.0109000001102685,resnet34,cifar100,resnet34cifar100,2,NO,NO,1.0,0.2686244836318243,0.5906072996937218,0.5906909788867564,0.27277248593520115,0.03619276307349851,0.024586349852415177,0.03619276307349851,0.024586349852415177,0.5540576669010541,0.09324895648591032,0.9945315411259467,0.766320474777448,0.14285714285714285
4689,mul8_413,0.1085999980568885,resnet34,mnist,resnet34mnist,2,NO,NO,1.0,1.0,1.0,1.0,1.0,0.09031794126840442,0.05873015594298889,0.09031794126840442,0.05873015594298889,1.0,0.1555769035548151,1.0,1.0,1.0
4690,mul8_206,0.9921000003814696,resnet34,mnist,resnet34mnist,0,NO,NO,0.0,0.0,0.0,0.0,0.0,0.0,0.0,0.0,0.0,0.0,0.0,0.0,0.0,0.0
4691,mul8_288,0.0113000003620982,resnet34,cifar100,resnet34cifar100,2,NO,NO,1.0,0.9780736611851323,0.8575849118047447,0.8574856046065259,0.7568702980896859,0.048634335922466916,0.03654238871437025,0.048634335922466916,0.03654238871437025,0.8524663322691179,0.11493509013931436,0.9999531653121939,1.0,0.21651785714285715
4692,ReFAM_new1_sta2_j4_k1,0.1315000057220459,resnet18,cifar,resnet18cifar,2,YES,YES,0.12479096559997684,0.004127073089954908,0.06641731344092486,0.06645873320537428,0.005430607074436359,1.0,1.0,1.0,1.0,0.06890737763866477,1.0,0.6085006994658809,0.03560830860534125,1.0
4693,mul8_483,0.5181999802589417,vgg16,mnist,vgg16mnist,2,NO,NO,1.0,0.5131080745420732,0.5665010915021291,0.5664587332053742,0.6312796628695232,0.03234158495447786,0.020946333908688806,0.03234158495447786,0.020946333908688806,0.6698487519538979,0.08579432471650454,0.978498805715461,0.973293768545994,0.42857142857142855
4694,mul8_480,0.1005999967455864,vgg16,cifar,vgg16cifar,2,NO,NO,0.4602750111408868,0.0316568626856546,0.24506878752596659,0.2449616122840691,0.04159697351760885,0.019488063425642358,0.009977120401472864,0.019488063425642358,0.009977120401472864,0.224740518321515,0.058521882445674564,0.9425796546043589,0.24629080118694363,0.14285714285714285
4695,ReFAM_new1_sta2_j7_k1,0.1000000014901161,vgg16,cifar,vgg16cifar,2,NO,YES,0.3917049753554829,0.28583484064912235,0.37336677243353245,0.37332053742802307,0.25800562532179283,1.0,1.0,1.0,1.0,0.4333806030482243,1.0,0.47924408813880987,0.28486646884273,1.0
4696,ReFAM_new1_sta2_j5_k3,0.1000000014901161,resnet34,cifar,resnet34cifar,2,NO,YES,0.6100891651554423,0.32710875601864825,0.4742034748711866,0.4740882917466411,0.283392779581783,1.0,1.0,1.0,1.0,0.49488858068120073,1.0,0.7560279297642587,0.3560830860534125,1.0
4697,ReFAM_sta1_j1_k4_const0,0.1134999990463256,resnet34,mnist,resnet34mnist,2,YES,NO,0.1542554991444158,0.004396956920490153,0.08209917911447656,0.08205374280230326,0.00578573357872531,0.008070038502747227,0.0037102526237789792,0.008070038502747227,0.0037102526237789792,0.0784661747415996,0.03495697557072308,0.8431516486828253,0.06602373887240356,0.14285714285714285
4698,ReFAM_sta1_j1_k1_const1,0.1134999990463256,resnet34,mnist,resnet34mnist,2,NO,YES,0.012132454988886637,2.7864112297149264e-05,0.007379701493436096,0.007437619961612285,2.0951416182239038e-05,1.0,1.0,1.0,1.0,0.006202373313371222,1.0,0.8908772137026079,0.002225519287833828,1.0
4699,ReFAM_new2_sta1_j7_k1,0.1020999997854232,resnet34,cifar,resnet34cifar,2,NO,NO,0.24958193119995367,0.2247981046034698,0.26566925376369943,0.265595009596929,0.23063318933408733,0.012531009075518504,0.015272966077439451,0.012531009075518504,0.015272966077439451,0.372575303068244,0.07037972567074517,0.3261252033745411,0.28486646884273,0.2857142857142857
4700,mul8_452,0.8661999702453613,vgg16,mnist,vgg16mnist,2,NO,NO,0.20384149437014917,1.0,1.0,1.0,1.0,0.04618071176781994,0.025596002128171407,0.04618071176781994,0.025596002128171407,1.0,0.09786714080125163,0.8993593829224438,1.0,0.14285714285714285
4701,mul8_009,0.1010999977588653,vgg16,mnist,vgg16mnist,2,NO,NO,1.0,0.2598248366112144,0.5709753491698383,0.571017274472169,0.2985070580533049,0.037054603074799394,0.026301880762700108,0.037054603074799394,0.026301880762700108,0.5531340760821424,0.09634814854624603,0.99199839540287,0.5593471810089021,1.0
4702,ReFAM_sta1_j1_k7_const0,0.5753999948501587,vgg16,mnist,vgg16mnist,2,YES,NO,1.0,0.30149526787761444,0.7019941045631086,0.7020153550863725,0.39672239840636,0.03861025137903434,0.025954209196439704,0.03861025137903434,0.025954209196439704,0.662311040978813,0.09619438323689411,0.8849118998796552,0.564540059347181,0.14285714285714285
4703,mul8_488,0.1009000018239021,resnet34,mnist,resnet34mnist,2,NO,NO,0.5976858999055409,1.0,1.0,1.0,1.0,0.08769176843425172,0.05915333194030585,0.08769176843425172,0.05915333194030585,1.0,0.1549819960230021,1.0,1.0,1.0
4704,mul8_447,0.1042999997735023,resnet34,cifar,resnet34cifar,2,NO,NO,0.775123054118008,0.310813138205997,0.5542190063385437,0.5542226487523992,0.240365804043909,0.03520896458144749,0.02575052282428714,0.03520896458144749,0.02575052282428714,0.5199926401618853,0.09495679642667335,0.9959447269232258,0.620919881305638,0.344246
4705,ReFAM_sta3_j2_k5_const0,0.1000000014901161,vgg16,cifar,vgg16cifar,2,YES,NO,0.748745793599861,0.041417216518482666,0.39850388064554915,0.39851247600767753,0.05449882377324019,0.03488283854321938,0.025257110146917575,0.03488283854321938,0.025257110146917575,0.3305956459685178,0.09404764037429163,0.9822272541229797,0.22551928783382788,0.14285714285714285
4706,ReFAM_new_sta3_j3_k2,0.991100013256073,resnet18,mnist,resnet18mnist,0,NO,NO,0.0028164627652772552,0.00043417013986192136,0.009166972948877649,0.009117082533589253,0.00047061709627710564,0.0007651766049285684,0.00012115827309074755,0.0007651766049285684,0.00012115827309074755,0.015841945430041124,0.006243170133104029,0.21078765763435955,0.01483679525222552,0.063492
4707,mul8_002,0.1134999990463256,resnet34,mnist,resnet34mnist,2,NO,NO,1.0,1.0,1.0,1.0,1.0,0.060498638581884735,0.04153797258311194,0.060498638581884735,0.04153797258311194,1.0,0.12521646572675757,1.0,1.0,1.0
4708,ReFAM_new2_sta1_j6_k1,0.1020999997854232,resnet18,mnist,resnet18mnist,2,NO,NO,0.12479096559997684,0.05619952615086745,0.13283462688184972,0.13291746641074856,0.05765829733352183,0.008505475484536566,0.008841042101621942,0.008505475484536566,0.008841042101621942,0.186287651534122,0.05343045926562883,0.3261252033745411,0.142433234421365,0.2857142857142857
4709,mul8_421,0.0080000003799796,resnet34,cifar100,resnet34cifar100,2,NO,NO,0.3317468195687847,1.0,1.0,1.0,1.0,0.07522580388713328,0.03901296393522071,0.07522580388713328,0.03901296393522071,1.0,0.1274453162788198,1.0,1.0,0.42857142857142855
4710,ReFAM_new1_sta2_j3_k5,0.1000000014901161,resnet18,cifar,resnet18cifar,2,NO,YES,0.6880835186554278,0.33767403128423307,0.5099633165370344,0.5098368522072937,0.28927731806141005,1.0,1.0,1.0,1.0,0.5161669092114209,1.0,0.9308974544329032,0.37388724035608306,1.0
4711,mul8_440,0.097800001502037,resnet18,cifar,resnet18cifar,2,NO,NO,1.0,0.6321583277711258,0.7183261514570379,0.7183301343570058,0.6797488926925509,1.0,1.0,1.0,1.0,0.758202960480589,1.0,0.9850699160437314,1.0,1.0
4712,mul8_098,0.4417999982833862,resnet34,cifar100,resnet34cifar100,2,NO,NO,0.02859792961666136,0.00036283054798359364,0.0170079057856535,0.017034548944337813,0.0004065188532042848,0.0019685003803298117,0.0007357292235510612,0.0019685003803298117,0.0007357292235510612,0.01825929201149813,0.015372798767488937,0.5786720940603434,0.01483679525222552,0.2857142857142857
4713,ReFAM_new2_sta1_j1_k1,0.914900004863739,resnet18,cifar,resnet18cifar,0,YES,NO,0.008666039277776169,4.378646218123456e-05,0.00461231343339756,0.0045585412667946265,5.761639450115736e-05,0.0007597562275618961,0.00046882983935115356,0.0007597562275618961,0.00046882983935115356,0.006052896226962023,0.012216131324531388,0.3818045201582605,0.004451038575667656,0.2857142857142857
4714,ReFAM_new1_sta4_j7_k2,0.1032000035047531,resnet18,mnist,resnet18mnist,2,NO,YES,1.0,1.0,1.0,1.0,1.0,1.0,1.0,1.0,1.0,1.0,1.0,1.0,1.0,1.0
4715,mul8_498,0.0109999999403953,resnet34,cifar100,resnet34cifar100,2,NO,NO,0.19758569553329666,0.014416095585050824,0.1291159510210983,0.12907869481765835,0.012060419810174515,0.0109907185071558,0.0042984848192195654,0.0109907185071558,0.0042984848192195654,0.11935107866003206,0.038033774624842503,0.8600548983992718,0.0771513353115727,0.2857142857142857
4716,ReFAM_new1_sta2_j5_k4,0.1009000018239021,resnet34,mnist,resnet34mnist,2,NO,YES,1.0,1.0,0.9715117582702619,0.9714491362763915,1.0,1.0,1.0,1.0,1.0,1.0,1.0,0.8216972890860924,0.7359050445103857,1.0
4717,ReFAM_new2_sta3_j1_k2,0.695900022983551,resnet18,cifar,resnet18cifar,2,YES,NO,0.03639736496665991,0.000285806180419331,0.01937171642026975,0.019433781190019195,0.00037607792047119075,0.002989338117719755,0.0024284332128188964,0.002989338117719755,0.0024284332128188964,0.019140938834504094,0.027867349802642973,0.6999749536234776,0.010385756676557863,0.2857142857142857
4718,mul8_048,0.1134999990463256,resnet34,mnist,resnet34mnist,2,NO,NO,0.8148785093048061,0.3521875820701602,0.5672886532455086,0.5671785028790788,0.29880684050340844,0.03867168232252329,0.028370350990249395,0.03867168232252329,0.028370350990249395,0.5512076434363727,0.10011465219182744,0.9958052410051945,0.706973293768546,0.15178571428571427
4719,mul8_430,0.1000000014901161,vgg16,cifar,vgg16cifar,2,NO,NO,0.3879677493833576,1.0,1.0,1.0,1.0,0.07342443180894254,0.03728338568892525,0.07342443180894254,0.03728338568892525,1.0,0.12454243623964696,1.0,1.0,0.44642857142857145
4720,ReFAM_new_sta2_j4_k2,0.9351000189781188,resnet18,mnist,resnet18mnist,1,NO,NO,0.018198682483329957,0.002408852508088554,0.029057574630404627,0.029030710172744723,0.002245729922033747,0.0016252098137739014,0.00010535502007891092,0.0016252098137739014,0.00010535502007891092,0.0378971244065334,0.005919964410048787,0.3827992482014462,0.02373887240356083,0.040816285714285715
4721,ReFAM_sta4_j5_k2_const0,0.1134999990463256,resnet18,mnist,resnet18mnist,2,YES,NO,0.5060966938221283,0.02278806715410287,0.2693591045104175,0.2694337811900192,0.029985666840020513,0.02595728381276571,0.01731509754996901,0.02595728381276571,0.01731509754996901,0.2283795490885905,0.077162567253662,0.9535165723524657,0.1543026706231454,0.14285714285714285
4722,mul8_288,0.1072999984025955,resnet34,mnist,resnet34mnist,2,NO,NO,1.0,0.9780736611851323,0.8575849118047447,0.8574856046065259,0.7568702980896859,0.048634335922466916,0.03654238871437025,0.048634335922466916,0.03654238871437025,0.8524663322691179,0.11493509013931436,0.9999531653121939,1.0,0.21651785714285715
4723,ReFAM_sta3_j2_k7_const0,0.101000003516674,vgg16,mnist,vgg16mnist,2,YES,NO,1.0,0.7987605545308639,1.0,1.0,1.0,0.1171939790448211,0.09424708912859107,0.1171939790448211,0.09424708912859107,1.0,0.19819601941921497,1.0,1.0,0.14285714285714285
4724,ReFAM_new_sta3_j2_k4,0.8773999810218811,resnet18,cifar,resnet18cifar,1,NO,NO,0.01689877659166353,0.002369992026087178,0.02656404360293676,0.02663147792706334,0.002349428939666606,0.0019450120784075652,0.00034240381525646045,0.0019450120784075652,0.00034240381525646045,0.037508424429245416,0.010555316696822583,0.33606739307946215,0.03857566765578635,0.063492
4725,mul8_255,0.1134999990463256,resnet18,mnist,resnet18mnist,2,NO,NO,0.7685422788082388,0.2262242820421369,0.4716799896353569,0.4716890595009597,0.22976074296523172,0.030305329857064647,0.020071887242033844,0.030305329857064647,0.020071887242033844,0.46923727048246117,0.08364235681911826,0.9844641195384136,0.5756676557863502,0.36153842857142854
4726,ReFAM_sta4_j1_k7_const1,0.1009000018239021,resnet34,mnist,resnet34mnist,2,NO,YES,0.5494268902110091,0.10106472753674878,0.3614531299365591,0.3613243761996161,0.07741691104303383,1.0,1.0,1.0,1.0,0.3227363129263445,1.0,1.0,0.1913946587537092,1.0
4727,ReFAM_new1_sta4_j3_k2,0.1000000014901161,resnet18,cifar,resnet18cifar,2,NO,YES,1.0,1.0,1.0,1.0,1.0,1.0,1.0,1.0,1.0,1.0,1.0,1.0,1.0,1.0
4728,mul8_159,0.989199995994568,vgg16,mnist,vgg16mnist,0,NO,NO,0.022531702122218042,0.0003240198201411357,0.013836940300192679,0.013915547024952016,0.00036769735399829514,0.0015186090588960135,0.00041966416331432846,0.0015186090588960135,0.00041966416331432846,0.01624162474565717,0.011614505890853501,0.4295300851780431,0.011869436201780416,0.14285714285714285
4729,ReFAM_new1_sta4_j3_k6,0.1009000018239021,resnet34,mnist,resnet34mnist,2,NO,YES,1.0,1.0,1.0,1.0,1.0,1.0,1.0,1.0,1.0,1.0,1.0,1.0,1.0,1.0
4730,mul8_358,0.1000000014901161,vgg16,cifar,vgg16cifar,2,NO,NO,0.25451074450560457,1.0,1.0,1.0,1.0,0.08236624767149622,0.04616656979857876,0.08236624767149622,0.04616656979857876,1.0,0.1388545529460239,1.0,1.0,0.42857142857142855
4731,ReFAM_sta3_j1_k5_const0,0.1134999990463256,resnet34,mnist,resnet34mnist,2,YES,NO,0.3284428886277168,0.009653521705347362,0.1748066791257675,0.17490403071017277,0.012702581738589252,0.017789678517418382,0.011409948674546052,0.017789678517418382,0.011409948674546052,0.14832065836487027,0.061941294494903355,0.9545113003956514,0.10756676557863501,0.14285714285714285
4732,ReFAM_new2_sta3_j3_k3,0.9621000289916992,vgg16,mnist,vgg16mnist,1,NO,NO,0.2816462765277255,0.01950945628359616,0.15162980412294477,0.15163147792706333,0.02502946202851441,0.021455660409744393,0.031220204283383936,0.021455660409744393,0.031220204283383936,0.1526962278655991,0.10109770516472295,0.8018892705802818,0.08902077151335312,0.2857142857142857
4733,ReFAM_sta3_j4_k5_const0,0.1134999990463256,resnet34,mnist,resnet34mnist,2,YES,NO,1.0,0.7940893351336203,1.0,1.0,1.0,0.11571511941994735,0.09102498143117772,0.11571511941994735,0.09102498143117772,1.0,0.1949968052644465,1.0,1.0,0.14285714285714285
4734,ReFAM_new1_sta2_j4_k3,0.1000000014901161,vgg16,cifar,vgg16cifar,2,NO,YES,0.4333019638888085,0.0789461951952717,0.2676294869728934,0.2675143953934741,0.08117781697867194,1.0,1.0,1.0,1.0,0.2720977124080293,1.0,0.7936860731965082,0.17804154302670624,1.0
4735,ReFAM_new2_sta2_j1_k4,0.1273999959230423,resnet18,mnist,resnet18mnist,2,YES,NO,0.13519021273330825,0.0038309173821109216,0.07195208956100194,0.07197696737044146,0.005040910733446713,0.009926517750832479,0.011035938353265919,0.009926517750832479,0.011035938353265919,0.07064017763421673,0.05974304771800338,0.8431516486828253,0.04599406528189911,0.2857142857142857
4736,mul8_360,0.0965000018477439,resnet18,cifar,resnet18cifar,2,NO,NO,1.0,1.0,1.0,1.0,1.0,0.06589010726926808,0.036312363587197964,0.06589010726926808,0.036312363587197964,1.0,0.12035718337782077,1.0,1.0,0.44642857142857145
4737,mul8_018,0.1055999994277954,resnet34,cifar,resnet34cifar,2,NO,NO,0.36955241591808324,1.0,1.0,1.0,1.0,0.07328259860118128,0.03792253947740399,0.07328259860118128,0.03792253947740399,1.0,0.12529708054913624,1.0,1.0,1.0
4738,mul8_162,0.1026000007987022,resnet34,mnist,resnet34mnist,2,NO,NO,0.2562439523611598,1.0,1.0,1.0,1.0,0.08255686427555751,0.046591501712897034,0.08255686427555751,0.046591501712897034,1.0,0.139416617402053,1.0,1.0,0.42857142857142855
4739,ReFAM_sta4_j2_k3_const0,0.1288000047206878,resnet18,cifar,resnet18cifar,2,YES,NO,0.1074588870444245,0.0012769724607036405,0.057192686574129736,0.05710172744721689,0.001680303577815571,0.007264209067568616,0.004031585435019657,0.007264209067568616,0.004031585435019657,0.049950147821658804,0.03626547356729547,0.9028088594939003,0.02967359050445104,0.14285714285714285
4740,ReFAM_sta3_j4_k5_const1,0.1027999967336654,resnet18,mnist,resnet18mnist,2,NO,YES,0.25868127244161865,0.7940893351336203,0.7525043422901557,0.7523992322456814,0.37112330640852914,1.0,1.0,1.0,1.0,0.6833770698181078,1.0,1.0,0.6706231454005934,1.0
4741,mul8_171,0.8363000154495239,resnet18,cifar,resnet18cifar,2,NO,NO,0.026512665648654322,0.0008126414032048506,0.01575393214848585,0.015834932821497123,0.0010089025066610867,0.0014571781154070612,0.0003213328112406783,0.0014571781154070612,0.0003213328112406783,0.023971590539793888,0.010167917689280617,0.443947023859219,0.02967359050445104,0.14285714285714285
4742,mul8_105,0.1112999990582466,resnet18,mnist,resnet18mnist,2,NO,NO,0.32838872934864644,1.0,1.0,1.0,1.0,0.07523483784941108,0.03907090919626411,0.07523483784941108,0.03907090919626411,1.0,0.12752070606641466,1.0,1.0,0.42857142857142855
4743,ReFAM_sta4_j2_k2_const0,0.6019999980926514,resnet34,cifar,resnet34cifar,2,YES,NO,0.045063404244436084,0.00029615570784398643,0.02398402985366731,0.023992322456813823,0.0003896963409896461,0.0033353388729590017,0.0015118445381323716,0.0033353388729590017,0.0015118445381323716,0.021907805180487638,0.02207801126218926,0.8113346053363036,0.011869436201780416,0.14285714285714285
4744,ReFAM_sta3_j2_k3_const1,0.1412000060081482,resnet18,mnist,resnet18mnist,2,NO,YES,0.07106152207776459,0.0020945851272514203,0.05024539131000004,0.05014395393474089,0.0014091454050508142,1.0,1.0,1.0,1.0,0.04443831696066123,1.0,0.9704198220689122,0.025222551928783383,1.0
4745,mul8_268,0.0076999999582767,resnet34,cifar100,resnet34cifar100,2,NO,NO,0.25410452218125096,1.0,1.0,1.0,1.0,0.04410109365147334,0.025978792034458117,0.04410109365147334,0.025978792034458117,1.0,0.09783131199130553,0.839221607488663,1.0,0.19047614285714287
4746,mul8_068,0.010700000450015,resnet34,cifar100,resnet34cifar100,2,NO,NO,0.7210144679109773,0.1673550429266553,0.43124984115192533,0.43114203454894434,0.1725508707030275,0.028066714004628998,0.020459944899324498,0.028066714004628998,0.020459944899324498,0.4189581512585165,0.08384538674214602,0.9775356401792751,0.4755192878338279,1.0
4747,ReFAM_new2_sta2_j3_k3,0.1032000035047531,resnet18,mnist,resnet18mnist,2,YES,NO,0.23051664478884612,0.014399377117672535,0.12268753732837509,0.12260076775431861,0.018947413224407874,0.015271009834371333,0.018900690602156617,0.015271009834371333,0.018900690602156617,0.1280012245318838,0.07846285448128841,0.7685806442416752,0.08902077151335312,0.2857142857142857
4748,mul8_375,0.158500000834465,resnet18,cifar,resnet18cifar,2,YES,NO,0.09705963991109309,0.003209945736631595,0.051657910454052665,0.051583493282149714,0.00422380550233939,0.004404056610421217,0.0015416951271547297,0.004404056610421217,0.0015416951271547297,0.057295065297137855,0.02241913139021754,0.44543860685130393,0.02373887240356083,0.14285714285714285
4749,mul8_449,0.1134999990463256,resnet18,mnist,resnet18mnist,2,NO,NO,1.0,0.633027501477594,0.6958351569805674,0.6957773512476008,0.6656470634001824,1.0,1.0,1.0,1.0,0.742690414148952,1.0,0.9915331029609704,1.0,1.0
4750,ReFAM_new1_sta4_j7_k2,0.1000000014901161,resnet34,cifar,resnet34cifar,2,NO,YES,1.0,1.0,1.0,1.0,1.0,1.0,1.0,1.0,1.0,1.0,1.0,1.0,1.0,1.0
4751,ReFAM_new1_sta2_j4_k4,0.1000000014901161,resnet34,cifar,resnet34cifar,2,NO,YES,0.6568857772554336,0.3346296779863959,0.4960831385657916,0.4961612284069098,0.2878298506556761,1.0,1.0,1.0,1.0,0.5082126384587343,1.0,0.8498011562059016,0.36795252225519287,1.0
4752,ReFAM_new1_sta2_j3_k1,0.1174999997019767,resnet34,mnist,resnet34mnist,2,YES,YES,0.07799435349998553,0.0010882926145772299,0.04151082090057804,0.04150671785028791,0.0014320292960560382,1.0,1.0,1.0,1.0,0.03941360490903541,1.0,0.7317919969699993,0.017804154302670624,1.0
4753,mul8_064,0.0997999981045723,resnet18,cifar,resnet18cifar,2,NO,NO,1.0,0.7885498045627086,1.0,1.0,0.8929757853005661,0.05313686272171602,0.03805072141849999,0.05313686272171602,0.03805072141849999,0.9692161712584477,0.11832688414754304,0.9988810582195896,1.0,0.14285714285714285
4754,ReFAM_sta1_j7_k2_const1,0.1027999967336654,resnet18,mnist,resnet18mnist,2,NO,YES,0.7764771192887447,0.9684864851094184,0.9178503732461144,0.9177063339731286,0.4475128215153439,1.0,1.0,1.0,1.0,0.8056311575366164,1.0,0.9187173811671612,0.6646884272997032,1.0
4755,ReFAM_sta2_j4_k4_const0,0.1002999991178512,resnet34,cifar,resnet34cifar,2,YES,NO,1.0,0.24349412783736274,1.0,1.0,0.3204016271085087,0.06439769670097766,0.043130589303304816,0.06439769670097766,0.043130589303304816,0.8416703916607442,0.12851719484303994,0.9972031546216674,0.5103857566765578,0.14285714285714285
4756,ReFAM_sta3_j4_k5_const1,0.0979999974370002,vgg16,mnist,vgg16mnist,2,NO,YES,0.25868127244161865,0.7940893351336203,0.7525043422901557,0.7523992322456814,0.37112330640852914,1.0,1.0,1.0,1.0,0.6833770698181078,1.0,1.0,0.6706231454005934,1.0
4757,mul8_223,0.1024999991059303,resnet34,cifar,resnet34cifar,2,NO,NO,1.0,1.0,1.0,1.0,1.0,0.09031794126840442,0.05873015594298889,0.09031794126840442,0.05873015594298889,1.0,0.1555769035548151,1.0,1.0,1.0
4758,mul8_008,0.1136000007390976,resnet18,mnist,resnet18mnist,2,NO,NO,1.0,1.0,1.0,1.0,1.0,0.08837112239754132,0.04508141309176598,0.08837112239754132,0.04508141309176598,1.0,0.14013020786681238,1.0,1.0,0.36160714285714285
4759,ReFAM_new_sta3_j5_k4,0.1001999974250793,resnet18,cifar,resnet18cifar,2,NO,NO,0.5749917060804488,0.27699311000433086,0.4313107605877537,0.43138195777351246,0.2507585772614395,0.018291063423835567,0.004396816171293215,0.018291063423835567,0.004396816171293215,0.45797870072789465,0.04029397538560757,0.6760658454984738,0.5103857566765578,0.06762471428571429
4760,ReFAM_sta3_j1_k8_const0,0.1004000008106231,resnet18,cifar,resnet18cifar,2,YES,NO,1.0,0.799380332000102,1.0,1.0,1.0,0.11735388017713791,0.094642170453887,0.11735388017713791,0.094642170453887,1.0,0.19857670052489207,1.0,1.0,0.14285714285714285
4761,ReFAM_new_sta2_j2_k6,0.0122999995946884,resnet34,cifar100,resnet34cifar100,2,NO,NO,0.28511269223883595,0.08703454990701348,0.23268400643639853,0.23272552783109407,0.07621903001406873,0.008627433975286692,0.0008112336546076141,0.008627433975286692,0.0008112336546076141,0.24991938401884056,0.017562088341902392,0.653352040057912,0.2314540059347181,0.046083
4762,mul8_080,0.4442000091075897,vgg16,mnist,vgg16mnist,2,NO,NO,0.4800985759887998,0.29799493828497187,0.30046575657629554,0.30038387715930903,0.3613541828000585,1.0,1.0,1.0,1.0,0.45449111499076,1.0,0.6723832136333739,0.4280415430267062,1.0
4763,mul8_453,0.7042999863624573,vgg16,cifar,vgg16cifar,0,YES,NO,0.8874024220442798,1.0,0.4723008955799101,0.47216890595009603,1.0,0.010302330581588422,0.005601375234195431,0.010302330581588422,0.005601375234195431,0.98001604234001,0.04301099347318512,0.12726817338608684,0.7596439169139466,0.14285714285714285
4764,mul8_386,0.1011999994516372,resnet34,cifar,resnet34cifar,2,NO,NO,0.7879596213317982,0.4949865371563957,0.6505785213669959,0.6506717850287909,0.34678682514165876,0.04540650120061358,0.03392431646540932,0.04540650120061358,0.03392431646540932,0.6159526364337826,0.11032660946000011,1.0,0.7618694362017804,0.2857142857142857
4765,ReFAM_new_sta1_j3_k1,0.9918000102043152,resnet34,mnist,resnet34mnist,0,NO,NO,0.007366133386109744,0.0001671349196239778,0.005996007463416828,0.005998080614203456,0.00019458627779254508,0.00047608981203938085,3.687425702761882e-05,0.00047608981203938085,3.687425702761882e-05,0.010218464226666987,0.003440312188363997,0.23067407333497592,0.011869436201780416,0.04664728571428572
4766,ReFAM_sta4_j4_k3_const1,0.1085999980568885,vgg16,cifar,vgg16cifar,2,NO,YES,0.2981117511555002,0.02314472779150638,0.1836853824850578,0.18378119001919385,0.01990932874424804,1.0,1.0,1.0,1.0,0.16389830112848786,1.0,0.9584881762776197,0.08902077151335312,1.0
4767,mul8_261,0.0110999997705221,resnet34,cifar100,resnet34cifar100,2,NO,NO,1.0,1.0,1.0,1.0,1.0,0.09031794126840442,0.05873015594298889,0.09031794126840442,0.05873015594298889,1.0,0.1555769035548151,1.0,1.0,1.0
4768,mul8_032,0.9876999855041504,vgg16,mnist,vgg16mnist,0,NO,NO,0.10399247133331403,0.0052876133671311745,0.0694315340666651,0.06933781190019193,0.004794251470652172,0.006889299633040451,0.0036926934537658274,0.006889299633040451,0.0036926934537658274,0.06848655443456733,0.03469870956569511,0.8935498453437157,0.07566765578635015,0.8571427142857143
4769,ReFAM_new1_sta3_j3_k2,0.9174000024795532,vgg16,mnist,vgg16mnist,1,NO,YES,0.16465474627774723,0.004304607291162459,0.08809518657789339,0.08805182341650672,0.005564434245300411,1.0,1.0,1.0,1.0,0.08129830534968611,1.0,0.8650254841790388,0.04154302670623145,1.0
4770,ReFAM_new2_sta2_j6_k2,0.9509999752044678,vgg16,mnist,vgg16mnist,1,NO,NO,0.3275762846999392,0.2888879512393957,0.37918981814319686,0.3790786948176584,0.240542812251136,0.034992149486780595,0.05243519349327396,0.034992149486780595,0.05243519349327396,0.42725043999847223,0.13218815499543182,0.5709667697708563,0.3323442136498516,0.2857142857142857
4771,ReFAM_sta1_j6_k2_const1,0.0979999974370002,vgg16,mnist,vgg16mnist,2,NO,YES,0.38823855964437237,0.2616870048149186,0.4723008955799101,0.47216890595009603,0.12228922597249282,1.0,1.0,1.0,1.0,0.416551851688824,1.0,0.9107626112578372,0.3323442136498516,1.0
4772,ReFAM_sta3_j3_k4_const1,0.1009000018239021,resnet34,mnist,resnet34mnist,2,NO,YES,0.11612492632220067,0.041059759763584947,0.17843527097038855,0.17850287907869483,0.019534518853767592,1.0,1.0,1.0,1.0,0.16023606378658825,1.0,0.9908030927184278,0.13353115727002968,1.0
4773,mul8_346,0.426800012588501,resnet34,cifar,resnet34cifar,2,NO,NO,0.06353290392161226,0.0026027623111609306,0.035432836023121375,0.03550863723608445,0.0032868423313990266,0.0028538286835529487,0.0006409097054800414,0.0028538286835529487,0.0006409097054800414,0.045963167313782166,0.014453939079080155,0.7042939263555078,0.05637982195845697,0.14285714285714285
4774,ReFAM_new_sta3_j1_k4,0.6898000240325928,resnet34,cifar100,resnet34cifar100,0,NO,NO,0.0028164627652772552,0.00043417013986192136,0.009166972948877649,0.009117082533589253,0.00047061709627710564,0.0007651766049285684,0.00012115827309074755,0.0007651766049285684,0.00012115827309074755,0.015841945430041124,0.006243170133104029,0.21078765763435955,0.01483679525222552,0.063492
4775,ReFAM_new2_sta2_j4_k2,0.1033999994397163,resnet18,mnist,resnet18mnist,2,YES,NO,0.20625173481107284,0.014100036939851731,0.10977305971486191,0.1098848368522073,0.01855352660018178,0.01338200832208605,0.01572599266377877,0.01338200832208605,0.01572599266377877,0.12081556430784832,0.07150161528218174,0.6134723033910351,0.0830860534124629,0.2857142857142857
4776,mul8_292,0.1000000014901161,resnet18,cifar,resnet18cifar,2,NO,NO,1.0,0.26155904325784013,0.6023666695309748,0.6024472168905951,0.2806506629920133,0.03665710873457677,0.02460390902242833,0.03665710873457677,0.02460390902242833,0.5638919598567996,0.09340272179526223,0.9941273374072724,0.766320474777448,0.14285714285714285
4777,mul8_370,0.1008000001311302,resnet34,cifar,resnet34cifar,2,NO,NO,1.0,0.5429154598884162,0.8506797288071873,0.85052783109405,0.611419280304165,0.04777068912871047,0.03251958286435717,0.04777068912871047,0.03251958286435717,0.8104092513442293,0.10898078978640058,0.9942831136514969,1.0,0.14732142857142858
4778,ReFAM_new_sta1_j5_k3,0.0109999999403953,resnet34,cifar100,resnet34cifar100,2,NO,NO,0.17505399341107863,0.05775912032201361,0.1215344589700257,0.12164107485604606,0.0685047800220817,0.00435346642166561,0.0007111463855326486,0.00435346642166561,0.0007111463855326486,0.19467378708879565,0.015442217086759464,0.3281136413155253,0.26112759643916916,0.05793285714285714
4779,mul8_497,0.1000000014901161,vgg16,cifar,vgg16cifar,2,NO,NO,0.7330385974088918,0.15654485890250427,0.4356404351438034,0.43570057581573896,0.15973760700740317,0.03009845212090332,0.020481015903340283,0.03009845212090332,0.020481015903340283,0.41469600514419896,0.08436191875220198,0.981667274160081,0.5459940652818991,0.42857142857142855
4780,ReFAM_new2_sta4_j2_k5,0.1027999967336654,resnet18,mnist,resnet18mnist,2,NO,NO,1.0,1.0,1.0,1.0,1.0,1.0,1.0,1.0,1.0,1.0,1.0,1.0,1.0,0.2857142857142857
4781,mul8_195,0.0991000011563301,resnet18,cifar,resnet18cifar,2,NO,NO,1.0,1.0,1.0,1.0,1.0,0.07571454124636157,0.04996813010642613,0.07571454124636157,0.04996813010642613,1.0,0.14060046099735465,1.0,1.0,0.42857142857142855
4782,ReFAM_sta1_j8_k2_const0,0.1000000014901161,resnet18,cifar,resnet18cifar,2,YES,NO,1.0,1.0,1.0,1.0,1.0,0.07445972388597694,0.03618769348010458,0.07445972388597694,0.03618769348010458,1.0,0.12356162256737309,0.8690033782063944,1.0,0.14285714285714285
4783,ReFAM_new_sta1_j2_k1,0.0970000028610229,resnet18,cifar,resnet18cifar,2,NO,NO,0.002166509819444042,3.06007693679464e-05,0.00230615671669878,0.002399232245681382,3.5355514807528376e-05,0.0002104913210724397,1.4047336010521454e-05,0.0002104913210724397,1.4047336010521454e-05,0.004280044384787273,0.0021019568501698884,0.1749937384058694,0.004451038575667656,0.040816285714285715
4784,mul8_482,0.1134999990463256,resnet34,mnist,resnet34mnist,2,NO,NO,1.0,0.6160269472779151,0.8559939108902226,0.8560460652591171,0.6114401439925774,0.048927939696495,0.03614379555507171,0.048927939696495,0.03614379555507171,0.8134208410780055,0.11446931561001535,0.9957899688243882,0.9673590504451038,0.6190475714285714
4785,ReFAM_sta4_j5_k1_const1,0.9474999904632568,vgg16,mnist,vgg16mnist,1,NO,YES,0.13172379702219777,0.005209792882072708,0.08152263993530187,0.081573896353167,0.0047243970354974435,1.0,1.0,1.0,1.0,0.07511446643708715,1.0,0.771563810225845,0.03560830860534125,1.0
4786,ReFAM_sta2_j5_k3_const1,0.1080999970436096,resnet34,cifar,resnet34cifar,2,NO,YES,0.22878343693329087,0.238389422464525,0.4187980597524984,0.4186660268714012,0.11601637196753045,1.0,1.0,1.0,1.0,0.38093833491171697,1.0,0.9681829566534783,0.32047477744807124,1.0
4787,mul8_339,0.1022000014781951,resnet18,cifar,resnet18cifar,2,NO,NO,0.7467959347623614,1.0,1.0,1.0,1.0,1.0,1.0,1.0,1.0,1.0,1.0,0.9514039206742565,1.0,1.0
4788,mul8_245,0.1134999990463256,resnet34,mnist,resnet34mnist,2,NO,NO,0.5580116836373483,0.1574520361501032,0.3830713234275502,0.3831573896353167,0.13511494506714275,0.02898004759091328,0.019385323694519608,0.02898004759091328,0.019385323694519608,0.37154423059064057,0.08200244233054466,0.9925115406779627,0.4970326409495549,0.22321428571428573
4789,mul8_498,0.9810000061988832,vgg16,mnist,vgg16mnist,0,NO,NO,0.19758569553329666,0.014416095585050824,0.1291159510210983,0.12907869481765835,0.012060419810174515,0.0109907185071558,0.0042984848192195654,0.0109907185071558,0.0042984848192195654,0.11935107866003206,0.038033774624842503,0.8600548983992718,0.0771513353115727,0.2857142857142857
4790,ReFAM_new1_sta1_j4_k2,0.1000000014901161,resnet34,cifar,resnet34cifar,2,NO,YES,0.31544382971105256,0.02814753012508598,0.18080268658918433,0.1809021113243762,0.03149416880514172,1.0,1.0,1.0,1.0,0.17709247463293043,1.0,0.7198603511787068,0.0830860534124629,1.0
4791,ReFAM_new1_sta2_j4_k3,0.1009000018239021,resnet34,mnist,resnet34mnist,2,NO,YES,0.4333019638888085,0.0789461951952717,0.2676294869728934,0.2675143953934741,0.08117781697867194,1.0,1.0,1.0,1.0,0.2720977124080293,1.0,0.7936860731965082,0.17804154302670624,1.0
4792,ReFAM_new_sta1_j4_k1,0.9312000274658204,resnet34,cifar,resnet34cifar,0,NO,NO,0.014732266772219489,0.0006685396657580313,0.011992014926833655,0.011996161228406911,0.0007783451111701803,0.0007904716993063723,6.84807630512921e-05,0.0007904716993063723,6.84807630512921e-05,0.020436928453333975,0.004688349068152368,0.23067407333497592,0.02373887240356083,0.04664728571428572
4793,ReFAM_sta4_j1_k9_const0,0.1134999990463256,resnet34,mnist,resnet34mnist,2,YES,NO,1.0,1.0,1.0,1.0,1.0,0.16443618138028102,0.13661209861932247,0.16443618138028102,0.13661209861932247,1.0,0.24861088718104896,1.0,1.0,0.14285714285714285
4794,mul8_413,0.095499999821186,resnet18,cifar,resnet18cifar,2,NO,NO,1.0,1.0,1.0,1.0,1.0,0.09031794126840442,0.05873015594298889,0.09031794126840442,0.05873015594298889,1.0,0.1555769035548151,1.0,1.0,1.0
4795,ReFAM_sta2_j3_k2_const0,0.1132000014185905,resnet18,cifar,resnet18cifar,2,YES,NO,0.14038983629997395,0.0023047601457213463,0.07471947762104046,0.07461612284069098,0.003032717492379101,0.008017641521536062,0.0036751342837526755,0.008017641521536062,0.0036751342837526755,0.06580698140771678,0.034789028024100846,0.8869003378206395,0.03857566765578635,0.14285714285714285
4796,mul8_304,0.100100003182888,resnet18,cifar,resnet18cifar,2,NO,NO,1.0,0.47547480494484495,0.7190157476630922,0.7190499040307102,0.46094612985231526,0.042805623460838674,0.02913944263682544,0.042805623460838674,0.02913944263682544,0.6926402910061713,0.10245472134143063,0.9959294547424195,0.836053412462908,0.30357142857142855
4797,ReFAM_sta2_j5_k4_const1,0.0979999974370002,vgg16,mnist,vgg16mnist,2,NO,YES,0.4506340424443608,0.9680151835528494,0.8395293282473217,0.8394913627639156,0.4769022227333275,1.0,1.0,1.0,1.0,0.7666895613120643,1.0,0.9935215409019547,0.7002967359050445,1.0
4798,mul8_094,0.1142000034451484,resnet34,mnist,resnet34mnist,2,NO,NO,0.30591118650549876,0.06765705009808168,0.21680350502759876,0.21689059500959693,0.06379536229376997,0.016201507948983406,0.010456485742831909,0.016201507948983406,0.010456485742831909,0.23062249310352867,0.059136197249541694,0.9520260075057678,0.3353115727002967,1.0
4799,ReFAM_new2_sta2_j3_k6,0.2560999989509582,vgg16,cifar,vgg16cifar,2,NO,NO,0.8856692141887245,1.0,0.8444172993604545,0.8442898272552783,0.9482829405222618,0.06970695633163312,0.12091068879356212,0.06970695633163312,0.12091068879356212,0.8934862067961243,0.2041645020093991,0.8923840688754991,0.7537091988130564,0.2857142857142857
4800,mul8_057,0.0995000004768371,resnet18,cifar,resnet18cifar,2,NO,NO,1.0,1.0,1.0,1.0,1.0,0.07353735633741487,0.0565686221143699,0.07353735633741487,0.0565686221143699,1.0,0.14710936147089207,1.0,1.0,1.0
4801,mul8_185,0.0979000031948089,resnet34,cifar,resnet34cifar,2,NO,NO,0.5183374743019872,1.0,1.0,1.0,1.0,0.058718948013160674,0.035253545635404906,0.058718948013160674,0.035253545635404906,1.0,0.11636152463529258,0.9753761538132599,1.0,0.42857142857142855
4802,ReFAM_sta4_j6_k1_const0,0.1134999990463256,resnet34,mnist,resnet34mnist,2,YES,NO,0.4437012110221399,0.022240338318090337,0.23615044778995506,0.23608445297504801,0.02926493812335149,0.022027510221928313,0.013106164497816517,0.022027510221928313,0.013106164497816517,0.20689928843790756,0.06700883180165171,0.8645286292301395,0.142433234421365,0.14285714285714285
4803,ReFAM_sta1_j2_k5_const0,0.1112999990582466,resnet34,mnist,resnet34mnist,2,YES,NO,0.6516861536887679,0.07444653911802919,0.3468459701914965,0.34692898272552786,0.09796044150167685,0.02379726343214681,0.013977099330468848,0.02379726343214681,0.013977099330468848,0.327980969060276,0.06943772654257956,0.8779518580135169,0.2789317507418398,0.14285714285714285
4804,ReFAM_new2_sta1_j5_k4,0.0998999997973442,resnet18,cifar,resnet18cifar,2,NO,NO,0.644753322266547,0.9801925967441979,0.6669405224692871,0.6669865642994242,0.8871573386834478,0.03157640834954929,0.036737295501516234,0.03157640834954929,0.036737295501516234,0.7919816230130547,0.11107528230116503,0.5950784888278907,0.7359050445103857,0.2857142857142857
4805,mul8_051,0.1050999984145164,resnet18,cifar,resnet18cifar,2,NO,NO,0.5511600980665644,0.1516778972307849,0.3793346300256026,0.3793186180422265,0.12837408007065937,0.0262165585301382,0.015675071070740627,0.0262165585301382,0.015675071070740627,0.365465380247335,0.07377823758083875,0.9855514988118244,0.4072700296735905,0.2380952857142857
4806,ReFAM_sta4_j4_k3_const0,0.120399996638298,resnet18,cifar,resnet18cifar,2,YES,NO,0.533828019511012,0.02314472779150638,0.2841185074972897,0.2840690978886756,0.030454978562502667,0.027911329853451062,0.019980579557965453,0.027911329853451062,0.019980579557965453,0.23824125519996933,0.08289443041149389,0.9746451254253302,0.1661721068249258,0.14285714285714285
4807,mul8_160,0.9883000254631042,vgg16,mnist,vgg16mnist,0,NO,NO,0.30591118650549876,0.06765705009808168,0.21680350502759876,0.21689059500959693,0.06379536229376997,0.016201507948983406,0.010456485742831909,0.016201507948983406,0.010456485742831909,0.23062249310352867,0.059136197249541694,0.9520260075057678,0.3353115727002967,1.0
4808,mul8_355,0.1000000014901161,vgg16,cifar,vgg16cifar,2,NO,NO,1.0,1.0,1.0,1.0,1.0,0.06340938122778775,0.04257571953088922,0.06340938122778775,0.04257571953088922,1.0,0.12749234159187403,1.0,1.0,0.2857142857142857
4809,mul8_434,0.1000000014901161,vgg16,cifar,vgg16cifar,2,NO,NO,0.7652654344395375,0.15538653516928644,0.42726834460218677,0.42730326295585414,0.18394552741785877,0.028217581174668042,0.01619657842013124,0.028217581174668042,0.01619657842013124,0.42269104237499716,0.07538381612654735,0.975205105388229,0.594213649851632,0.14285714285714285
4810,mul8_231,0.1134999990463256,resnet18,mnist,resnet18mnist,2,NO,NO,0.2852210177298082,0.024857720747458793,0.17204649734423733,0.1720249520153551,0.024638169709206795,0.015239390966399079,0.00821066789814979,0.015239390966399079,0.00821066789814979,0.16340647766181476,0.05257355356108513,0.9410880716122739,0.19881305637982197,0.14285714285714285
4811,ReFAM_sta1_j8_k1_const0,0.1000000014901161,vgg16,cifar,vgg16cifar,2,YES,NO,1.0,0.795658930527603,1.0,1.0,1.0,0.03694167854632706,0.01820007971863186,0.03694167854632706,0.01820007971863186,1.0,0.08189570233424696,0.7675859161984895,0.8545994065281899,0.14285714285714285
4812,ReFAM_sta3_j3_k2_const0,0.1041999980807304,resnet18,cifar,resnet18cifar,2,YES,NO,0.13172379702219777,0.002012585025348381,0.0701071641876429,0.07005758157389635,0.0026482590054350144,0.00800409057811938,0.004007002597001245,0.00800409057811938,0.004007002597001245,0.061668287883090964,0.03626472713375492,0.8928656516435921,0.04747774480712166,0.14285714285714285
4813,ReFAM_sta3_j1_k8_const1,0.1000000014901161,vgg16,cifar,vgg16cifar,2,NO,YES,0.23094994675273492,0.799380332000102,0.7538458096682297,0.7538387715930902,0.3708627779954284,1.0,1.0,1.0,1.0,0.6840890755775828,1.0,1.0,0.6698813056379822,1.0
4814,mul8_241,0.1011999994516372,vgg16,mnist,vgg16mnist,2,NO,NO,1.0,1.0,1.0,1.0,1.0,0.07716991256931306,0.052038356250976726,0.07716991256931306,0.052038356250976726,1.0,0.14344810495452726,1.0,1.0,0.42857142857142855
4815,ReFAM_sta1_j2_k6_const1,0.0979999974370002,vgg16,mnist,vgg16mnist,2,NO,YES,0.4437012110221399,0.3010788984281456,0.5167088249333783,0.5167946257197698,0.13614490056245174,1.0,1.0,1.0,1.0,0.45078840081305677,1.0,1.0,0.37537091988130566,1.0
4816,mul8_133,0.1120999976992607,resnet34,mnist,resnet34mnist,2,NO,NO,0.49451940610787026,0.5217689426413268,0.541556202374912,0.5415067178502879,0.4107951513568729,1.0,1.0,1.0,1.0,0.5808886766854446,1.0,0.9942831136514969,0.7307121661721068,1.0
4817,mul8_261,0.1020999997854232,resnet34,cifar,resnet34cifar,2,NO,NO,1.0,1.0,1.0,1.0,1.0,0.09031794126840442,0.05873015594298889,0.09031794126840442,0.05873015594298889,1.0,0.1555769035548151,1.0,1.0,1.0
4818,ReFAM_new_sta3_j3_k1,0.6912000179290771,resnet34,cifar100,resnet34cifar100,0,NO,NO,0.003466415711110468,6.050492955952411e-05,0.0025367723883686576,0.00263915547024952,7.588341467533027e-05,0.00024120679281691587,3.687425702761882e-05,0.00024120679281691587,3.687425702761882e-05,0.006052896226962023,0.003419412049228785,0.1034058999488891,0.005934718100890208,0.063492
4819,ReFAM_new1_sta1_j1_k2,0.2363000065088272,resnet18,mnist,resnet18mnist,2,NO,YES,0.048529819955546546,0.0004076121570325835,0.026751417913705847,0.02663147792706334,0.00047664471814593814,1.0,1.0,1.0,1.0,0.024362437118485757,1.0,0.874968692029347,0.010385756676557863,1.0
4820,ReFAM_sta3_j3_k7_const1,0.1000000014901161,vgg16,cifar,vgg16cifar,2,NO,YES,0.49439754079713044,1.0,1.0,1.0,1.0,1.0,1.0,1.0,1.0,1.0,1.0,1.0,1.0,1.0
4821,ReFAM_sta4_j5_k2_const1,0.1009000018239021,resnet34,mnist,resnet34mnist,2,NO,YES,0.2703804254666165,0.02278806715410287,0.17278879199865607,0.17274472168905952,0.01872430928684323,1.0,1.0,1.0,1.0,0.1557371472667285,1.0,0.8948540895845762,0.0830860534124629,1.0
4822,mul8_079,0.7321000099182129,vgg16,mnist,vgg16mnist,2,NO,NO,0.3990101760862227,0.22278027074363743,0.41755219640727204,0.4174664107485605,0.13402703606066568,1.0,1.0,1.0,1.0,0.39041900709268773,1.0,0.9935062687211483,0.43991097922848665,1.0
4823,ReFAM_sta4_j1_k6_const1,0.1020999997854232,vgg16,cifar,vgg16cifar,2,NO,YES,0.3275762846999392,0.02361841770055792,0.19570622621577557,0.19577735124760076,0.021347110477892204,1.0,1.0,1.0,1.0,0.17304826946719992,1.0,1.0,0.09421364985163205,1.0
4824,mul8_244,0.0986000001430511,resnet18,cifar,resnet18cifar,2,NO,NO,0.25945309069819167,1.0,1.0,1.0,1.0,0.043342240820139225,0.02561004946418193,0.043342240820139225,0.02561004946418193,1.0,0.09699978502714034,0.799169804251368,1.0,0.19047614285714287
4825,mul8_298,0.0983999967575073,resnet18,cifar,resnet18cifar,2,NO,NO,1.0,1.0,1.0,1.0,1.0,0.09031794126840442,0.05873015594298889,0.09031794126840442,0.05873015594298889,1.0,0.1555769035548151,1.0,1.0,1.0
4826,ReFAM_sta2_j6_k1_const0,0.1000000014901161,vgg16,cifar,vgg16cifar,2,YES,NO,0.6932831422220935,0.0457544646269075,0.36898507467180475,0.3690019193857966,0.060205989541282104,0.026239143435832668,0.01254427105739566,0.026239143435832668,0.01254427105739566,0.31558758074310567,0.06671025838543439,0.9241858400412146,0.18991097922848665,0.14285714285714285
4827,ReFAM_new_sta1_j6_k3,0.9890000224113464,vgg16,mnist,vgg16mnist,0,NO,NO,0.35010798682215727,0.24306103992051564,0.2575977052552537,0.25767754318618047,0.28088666693441605,0.006136770575300786,0.0010675975367996306,0.006136770575300786,0.0010675975367996306,0.39813151584716033,0.01908929136585395,0.3499874768117388,0.5222551928783383,0.05793285714285714
4828,ReFAM_new_sta3_j5_k4,0.1098000034689903,resnet34,mnist,resnet34mnist,2,NO,NO,0.5749917060804488,0.27699311000433086,0.4313107605877537,0.43138195777351246,0.2507585772614395,0.018291063423835567,0.004396816171293215,0.018291063423835567,0.004396816171293215,0.45797870072789465,0.04029397538560757,0.6760658454984738,0.5103857566765578,0.06762471428571429
4829,mul8_115,0.1037999987602233,resnet34,cifar,resnet34cifar,2,NO,NO,1.0,1.0,1.0,1.0,1.0,0.09031794126840442,0.05873015594298889,0.09031794126840442,0.05873015594298889,1.0,0.1555769035548151,1.0,1.0,1.0
4830,mul8_398,0.277099996805191,resnet34,cifar100,resnet34cifar100,2,NO,NO,0.03845554929513175,0.03732494558377704,0.02495694017975595,0.02495201535508637,0.048862938796005555,0.0016279200024572377,0.0009025413386760036,0.0016279200024572377,0.0009025413386760036,0.14729819394838198,0.01697389871195428,0.12994080502719466,0.7833827893175074,0.18998142857142858
4831,ReFAM_sta2_j1_k3_const0,0.6998999714851379,resnet34,mnist,resnet34mnist,2,YES,NO,0.05719585923332272,0.000499165668866074,0.030441268660423893,0.03047024952015355,0.0006568268973131939,0.0038846037794484584,0.001740113748303345,0.0038846037794484584,0.001740113748303345,0.02803347200712258,0.023717925750762852,0.8272431270095645,0.017062314540059347,0.14285714285714285
4832,mul8_397,0.1004000008106231,resnet34,cifar,resnet34cifar,2,NO,NO,0.5635092040373955,0.16372413762005453,0.36001122113130885,0.3598848368522073,0.166613395319323,0.025827194755965576,0.018421325260797573,0.025827194755965576,0.018421325260797573,0.37761504674357194,0.07937648913491338,0.9792593603196161,0.43991097922848665,0.7142857142857143
4833,ReFAM_sta4_j4_k2_const1,0.1008000001311302,resnet34,mnist,resnet34mnist,2,NO,YES,0.1594551227110815,0.005311695921330854,0.0931687313546307,0.09309021113243762,0.005169761942967483,1.0,1.0,1.0,1.0,0.08325758126762897,1.0,0.8988319836119318,0.04154302670623145,1.0
4834,ReFAM_new1_sta4_j5_k3,0.1000000014901161,resnet18,cifar,resnet18cifar,2,NO,YES,1.0,1.0,1.0,1.0,1.0,1.0,1.0,1.0,1.0,1.0,1.0,1.0,1.0,1.0
4835,ReFAM_sta1_j8_k1_const0,0.0953999981284141,resnet18,cifar,resnet18cifar,2,YES,NO,1.0,0.795658930527603,1.0,1.0,1.0,0.03694167854632706,0.01820007971863186,0.03694167854632706,0.01820007971863186,1.0,0.08189570233424696,0.7675859161984895,0.8545994065281899,0.14285714285714285
4836,mul8_176,0.1134999990463256,resnet18,mnist,resnet18mnist,2,NO,NO,0.9641239492921341,0.25038409539398265,0.5654502589079713,0.5654990403071017,0.260001467200187,0.03418632005160199,0.022756684337044756,0.03418632005160199,0.022756684337044756,0.5345507176390317,0.08954589969127509,0.9929462887582495,0.6461424332344213,0.14285714285714285
4837,mul8_172,0.010700000450015,resnet34,cifar100,resnet34cifar100,2,NO,NO,1.0,1.0,1.0,1.0,1.0,0.06366323556779356,0.04645454018679445,0.06366323556779356,0.04645454018679445,1.0,0.13231579513086472,1.0,1.0,0.14285714285714285
4838,mul8_358,0.1023999974131584,resnet34,mnist,resnet34mnist,2,NO,NO,0.25451074450560457,1.0,1.0,1.0,1.0,0.08236624767149622,0.04616656979857876,0.08236624767149622,0.04616656979857876,1.0,0.1388545529460239,1.0,1.0,0.42857142857142855
4839,mul8_326,0.1011999994516372,resnet34,mnist,resnet34mnist,2,NO,NO,0.3014156820965681,1.0,1.0,1.0,1.0,0.07507312992463867,0.03900067251621151,0.07507312992463867,0.03900067251621151,1.0,0.12736843362414385,1.0,1.0,0.42857142857142855
4840,mul8_052,0.1001999974250793,resnet18,cifar,resnet18cifar,2,NO,NO,0.002545652504262461,1.0,1.0,1.0,1.0,1.0,1.0,1.0,1.0,1.0,1.0,0.791479752142687,1.0,1.0
4841,mul8_011,0.1000000014901161,vgg16,cifar,vgg16cifar,2,NO,NO,0.3157552663642016,1.0,1.0,1.0,1.0,0.0749918242641386,0.039046326358245696,0.0749918242641386,0.039046326358245696,1.0,0.12739306593098176,1.0,1.0,0.42857142857142855
4842,mul8_362,0.0447000004351139,resnet34,cifar100,resnet34cifar100,2,NO,NO,0.04458948282124448,0.004386647377270527,0.05364877311429513,0.053742802303262956,0.0029222298471582716,0.005379724536422226,0.0026970885140201193,0.005379724536422226,0.0026970885140201193,0.053165253234310456,0.029587879113595242,0.8962835657080489,0.06676557863501484,0.7142857142857143
4843,ReFAM_sta4_j2_k3_const0,0.1781000047922134,resnet18,mnist,resnet18mnist,2,YES,NO,0.1074588870444245,0.0012769724607036405,0.057192686574129736,0.05710172744721689,0.001680303577815571,0.007264209067568616,0.004031585435019657,0.007264209067568616,0.004031585435019657,0.049950147821658804,0.03626547356729547,0.9028088594939003,0.02967359050445104,0.14285714285714285
4844,ReFAM_new_sta1_j1_k7,0.6704999804496765,vgg16,cifar,vgg16cifar,1,NO,NO,0.1902195621471869,0.060303462079331516,0.12811421189112557,0.1281190019193858,0.0717623343855607,0.004946094347088444,0.0008428401606312873,0.004946094347088444,0.0008428401606312873,0.20051446212601853,0.016849244310683555,0.40218779080777617,0.28041543026706234,0.06074242857142857
4845,ReFAM_new1_sta2_j1_k7,0.1009000018239021,resnet34,mnist,resnet34mnist,2,NO,YES,0.7158148443443116,0.3401451799862431,0.5224778217093048,0.522552783109405,0.29019935926500046,1.0,1.0,1.0,1.0,0.5232447791858944,1.0,1.0,0.37833827893175076,1.0
4846,ReFAM_new1_sta2_j6_k1,0.1623000055551529,vgg16,mnist,vgg16mnist,2,NO,YES,0.3085109982888316,0.0679151911955774,0.20455610077118178,0.2046545105566219,0.07104513923417818,1.0,1.0,1.0,1.0,0.2314708527166184,1.0,0.5080779655011617,0.142433234421365,1.0
4847,mul8_139,0.1001999974250793,resnet34,cifar,resnet34cifar,2,NO,NO,0.41694481475200595,0.03335189635187119,0.22746182340203117,0.227447216890595,0.040814703250803164,0.01921162417994207,0.010012238741499166,0.01921162417994207,0.010012238741499166,0.2137489879471417,0.05855621838853956,0.9460596755374281,0.24629080118694363,0.14285714285714285
4848,mul8_170,0.1005999967455864,resnet34,cifar,resnet34cifar,2,NO,NO,0.5606927412721182,0.07071414127582605,0.31098388276145716,0.31094049904030713,0.08362100109215091,0.02259303626051779,0.012465254792336476,0.02259303626051779,0.012465254792336476,0.2976677468096042,0.06560105814418708,0.9668776942672306,0.3241839762611276,0.42857142857142855
4849,ReFAM_new2_sta4_j7_k1,0.1000000014901161,vgg16,cifar,vgg16cifar,2,NO,NO,1.0,1.0,1.0,1.0,1.0,1.0,1.0,1.0,1.0,1.0,1.0,1.0,1.0,0.2857142857142857
4850,mul8_421,0.1049999967217445,resnet34,cifar,resnet34cifar,2,NO,NO,0.3317468195687847,1.0,1.0,1.0,1.0,0.07522580388713328,0.03901296393522071,0.07522580388713328,0.03901296393522071,1.0,0.1274453162788198,1.0,1.0,0.42857142857142855
4851,mul8_187,0.1000000014901161,resnet18,cifar,resnet18cifar,2,NO,NO,1.0,0.5559526799735053,0.8750272495477646,0.875,0.6313619492716398,0.04934982573486766,0.03473906195401956,0.04934982573486766,0.03473906195401956,0.8295147211772262,0.11262935693257614,0.9949968335678462,1.0,0.14732142857142858
4852,mul8_273,0.1000000014901161,vgg16,cifar,vgg16cifar,2,NO,NO,0.9965945169442595,0.41751506254299037,0.6734105982667915,0.673464491362764,0.33746831805559396,0.04656646195708145,0.03506917435026681,0.04656646195708145,0.03506917435026681,0.625774038953355,0.1122852510703857,0.9956189203993574,0.7470326409495549,0.14732142857142858
4853,ReFAM_new2_sta2_j3_k2,0.98580002784729,vgg16,mnist,vgg16mnist,0,YES,NO,0.12132454988886637,0.003792703742389117,0.06457238806756584,0.06453934740882918,0.0049906273346093395,0.008727710956570128,0.008798900093590377,0.008727710956570128,0.008798900093590377,0.06652680750950685,0.05332745143703386,0.7119065994147701,0.04154302670623145,0.2857142857142857
4854,mul8_250,0.100100003182888,resnet18,cifar,resnet18cifar,2,NO,NO,0.3394920887068814,1.0,1.0,1.0,1.0,0.07523574124563884,0.03901647576922334,0.07523574124563884,0.03901647576922334,1.0,0.12745501991484684,1.0,1.0,0.4330357142857143
4855,ReFAM_sta3_j2_k5_const1,0.0961000025272369,resnet18,mnist,resnet18mnist,2,NO,YES,0.12479096559997684,0.041417216518482666,0.18046036806585905,0.1804222648752399,0.019838195199993684,1.0,1.0,1.0,1.0,0.16186263814242868,1.0,1.0,0.13204747774480713,1.0
4856,mul8_243,0.1000000014901161,resnet18,cifar,resnet18cifar,2,NO,NO,0.9025679907803881,0.4901862098947851,0.6794718053929029,0.6794625719769674,0.36072538770755674,0.045626026483963814,0.03405425432350664,0.045626026483963814,0.03405425432350664,0.6373176194458958,0.11057442539546049,0.9945773576683656,0.7826409495548962,0.14732142857142858
4857,ReFAM_new1_sta3_j5_k2,0.1009000018239021,resnet34,mnist,resnet34mnist,2,NO,YES,0.4748989524221341,0.061215066364354316,0.2598173829400017,0.2598368522072937,0.07609319369657545,1.0,1.0,1.0,1.0,0.2638118526445354,1.0,0.7252045963155355,0.1661721068249258,1.0
4858,ReFAM_new2_sta3_j4_k1,0.1465000063180923,resnet18,cifar,resnet18cifar,2,NO,NO,0.12132454988886637,0.004506025017196138,0.06503361941090559,0.06501919385796545,0.005855658930233533,0.009257101146048453,0.009611889665199306,0.009257101146048453,0.009611889665199306,0.06954248201190658,0.05575261401025898,0.5647530284734539,0.03560830860534125,0.2857142857142857
4859,ReFAM_new1_sta3_j1_k8,0.1000000014901161,vgg16,cifar,vgg16cifar,2,NO,YES,1.0,1.0,0.9861144127075627,0.986084452975048,1.0,1.0,1.0,1.0,1.0,1.0,1.0,1.0,0.7581602373887241,1.0
4860,mul8_250,0.0965000018477439,resnet34,mnist,resnet34mnist,2,NO,NO,0.3394920887068814,1.0,1.0,1.0,1.0,0.07523574124563884,0.03901647576922334,0.07523574124563884,0.03901647576922334,1.0,0.12745501991484684,1.0,1.0,0.4330357142857143
4861,ReFAM_sta3_j2_k8_const0,0.1134999990463256,resnet34,mnist,resnet34mnist,2,YES,NO,1.0,1.0,1.0,1.0,1.0,0.19106288179783074,0.1469562056740702,0.19106288179783074,0.1469562056740702,1.0,0.26749192358909135,1.0,1.0,0.14285714285714285
4862,ReFAM_new2_sta3_j1_k4,0.670799970626831,vgg16,cifar,vgg16cifar,1,NO,NO,0.15772191485552628,0.004807753547499554,0.08437651071714197,0.08445297504798464,0.006236679055126254,0.01224553586754043,0.015387100682524938,0.01224553586754043,0.015387100682524938,0.0809822325043858,0.07060365573290817,0.9067857353758687,0.04599406528189911,0.2857142857142857
4863,ReFAM_new2_sta4_j1_k7,0.1027999967336654,resnet18,mnist,resnet18mnist,2,NO,NO,1.0,1.0,1.0,1.0,1.0,1.0,1.0,1.0,1.0,1.0,1.0,1.0,1.0,0.2857142857142857
4864,ReFAM_new_sta2_j2_k7,0.6804999709129333,vgg16,mnist,vgg16mnist,2,NO,NO,0.5884240669610019,0.3612874732504522,0.4859783863597848,0.4858445297504798,0.30539324319542427,0.015570033985766087,0.0017260664122928236,0.015570033985766087,0.0017260664122928236,0.5105071631669272,0.02670963138126034,0.7302230349284956,0.516320474777448,0.04686314285714286
4865,mul8_164,0.1071000024676323,resnet18,mnist,resnet18mnist,2,NO,NO,0.28294618241939196,1.0,1.0,1.0,1.0,0.07380024463969848,0.036756610588530705,0.07380024463969848,0.036756610588530705,1.0,0.12402291849542883,1.0,1.0,0.4330357142857143
4866,ReFAM_new2_sta3_j6_k1,0.9244999885559082,vgg16,mnist,vgg16mnist,1,NO,NO,0.3761061046554858,0.06726794767278935,0.2074964505849727,0.20753358925143955,0.08483974396580378,0.028419941929690478,0.041943589410415746,0.028419941929690478,0.041943589410415746,0.24548206656776617,0.11772973731510841,0.46408186703428506,0.142433234421365,0.2857142857142857
4867,mul8_322,0.9890000224113464,vgg16,mnist,vgg16mnist,0,NO,NO,0.0,0.0,0.0,0.0,0.0,0.0,0.0,0.0,0.0,0.0,0.0,0.0,0.0,0.0
4868,ReFAM_sta3_j2_k3_const0,0.98580002784729,vgg16,mnist,vgg16mnist,0,YES,NO,0.13692342058886348,0.0020945851272514203,0.07287455224768144,0.07293666026871402,0.0027561587987735454,0.008443141144819834,0.0045249981123892235,0.008443141144819834,0.0045249981123892235,0.06374248683079663,0.03853164579638487,0.9047972974348846,0.04747774480712166,0.14285714285714285
4869,ReFAM_new1_sta4_j4_k1,0.101000003516674,vgg16,mnist,vgg16mnist,2,NO,YES,1.0,1.0,1.0,1.0,1.0,1.0,1.0,1.0,1.0,1.0,1.0,1.0,1.0,1.0
4870,ReFAM_sta1_j2_k3_const0,0.120899997651577,resnet34,mnist,resnet34mnist,2,YES,NO,0.15252229128886058,0.0043372481084248335,0.08117671642779704,0.08109404990403071,0.005707165768041914,0.007909233974202618,0.0035171017536343094,0.007909233974202618,0.0035171017536343094,0.07772729450704542,0.034042594483557564,0.839174772800857,0.06528189910979229,0.14285714285714285
4871,mul8_015,0.1134999990463256,resnet34,mnist,resnet34mnist,2,NO,NO,0.35097459074993487,0.028114292219702953,0.1954017397321564,0.1952975047984645,0.03294628308413464,0.016366829458666913,0.008614528808452282,0.016366829458666913,0.008614528808452282,0.1869557534749721,0.05400446665830661,0.9386648855910028,0.22551928783382788,0.14285714285714285
4872,ReFAM_sta2_j2_k4_const0,0.7864000201225281,vgg16,mnist,vgg16mnist,2,YES,NO,0.33970873968882587,0.010145721346139148,0.18080268658918433,0.1809021113243762,0.013350242391322716,0.01726480530907895,0.009963073065462343,0.01726480530907895,0.009963073065462343,0.15306767923740722,0.05800758973624025,0.9535165723524657,0.08753709198813056,0.14285714285714285
4873,ReFAM_sta4_j7_k1_const0,0.1000000014901161,resnet18,cifar,resnet18cifar,2,YES,NO,0.970596399110931,0.09426031131378493,0.5165791045405267,0.5165547024952015,0.12403238379885512,0.04052003100455853,0.026535417723875028,0.04052003100455853,0.026535417723875028,0.44479521150559725,0.097675307381332,0.897650934962909,0.3323442136498516,0.14285714285714285
4874,ReFAM_sta2_j3_k3_const1,0.1000000014901161,resnet34,cifar,resnet34cifar,2,NO,YES,0.08146076921109599,0.009972963849896823,0.09190034516044637,0.09189059500959693,0.0050397158490401404,1.0,1.0,1.0,1.0,0.08215008923865973,1.0,0.9624660703049752,0.04451038575667656,1.0
4875,ReFAM_new_sta2_j1_k3,0.9884999990463256,vgg16,mnist,vgg16mnist,0,YES,NO,0.006066227494443318,7.94127200468754e-05,0.0032286194033782916,0.0031190019193857964,0.00010449518820891721,0.00023578641545024363,1.4047336010521454e-05,0.00023578641545024363,1.4047336010521454e-05,0.007161882485407868,0.0021303213247105333,0.11135965171282598,0.005934718100890208,0.031746
4876,ReFAM_new1_sta2_j7_k1,0.1000000014901161,resnet34,cifar,resnet34cifar,2,NO,YES,0.3917049753554829,0.28583484064912235,0.37336677243353245,0.37332053742802307,0.25800562532179283,1.0,1.0,1.0,1.0,0.4333806030482243,1.0,0.47924408813880987,0.28486646884273,1.0
4877,mul8_089,0.097800001502037,resnet18,cifar,resnet18cifar,2,NO,NO,0.29805759187642983,1.0,1.0,1.0,1.0,0.07508306728314425,0.0390586177772549,0.07508306728314425,0.0390586177772549,1.0,0.12744456984527924,1.0,1.0,0.42857142857142855
4878,ReFAM_sta1_j3_k5_const0,0.1000000014901161,vgg16,cifar,vgg16cifar,2,YES,NO,1.0,0.29940386722033985,0.697381791129711,0.6974568138195777,0.39397042989082287,0.03791644307610029,0.024946312837684788,0.03791644307610029,0.024946312837684788,0.6587709244133759,0.09432307435075211,0.8819287338954853,0.5608308605341247,0.14285714285714285
4879,mul8_343,0.0110999997705221,resnet34,cifar100,resnet34cifar100,2,NO,NO,0.6094392122096091,0.1060136799862431,0.3546032356625905,0.35460652591170827,0.11421977621330473,0.026478543436194026,0.016517911231371918,0.026478543436194026,0.016517911231371918,0.3429404393444491,0.07562864632784555,0.9798651568249339,0.4280415430267062,0.14285714285714285
4880,ReFAM_sta3_j5_k4_const0,0.1134999990463256,resnet18,mnist,resnet18mnist,2,YES,NO,1.0,0.7866265297429496,1.0,1.0,1.0,0.11344398130331165,0.0866966460229358,0.11344398130331165,0.0866966460229358,1.0,0.19051297898640296,1.0,1.0,0.14285714285714285
4881,mul8_013,0.1134999990463256,resnet34,mnist,resnet34mnist,2,NO,NO,1.0,1.0,0.8185640206373057,0.8186180422264876,1.0,0.035075261939736244,0.01928172459144201,0.035075261939736244,0.01928172459144201,1.0,0.08341693388987419,0.8912651270950886,1.0,0.2857142857142857
4882,mul8_048,0.8309999704360962,vgg16,mnist,vgg16mnist,2,NO,NO,0.8148785093048061,0.3521875820701602,0.5672886532455086,0.5671785028790788,0.29880684050340844,0.03867168232252329,0.028370350990249395,0.03867168232252329,0.028370350990249395,0.5512076434363727,0.10011465219182744,0.9958052410051945,0.706973293768546,0.15178571428571427
4883,ReFAM_sta3_j4_k4_const1,0.100100003182888,vgg16,cifar,vgg16cifar,2,NO,YES,0.034664157111104675,0.18370570402262248,0.36001628729638413,0.3598848368522073,0.08258586799906932,1.0,1.0,1.0,1.0,0.32536217219322366,1.0,0.9901810058869166,0.32047477744807124,1.0
4884,mul8_016,0.6247000098228455,resnet34,cifar100,resnet34cifar100,2,NO,NO,0.003791392184027074,0.04238785478816906,0.04796805970733462,0.047984644913627646,0.0529484189757545,0.0029423615138752623,0.002045643306532187,0.0029423615138752623,0.002045643306532187,0.1561600277432937,0.02559445967168867,0.05170244090175101,0.18991097922848665,0.14174971428571428
4885,ReFAM_new1_sta2_j2_k2,0.120399996638298,resnet18,mnist,resnet18mnist,2,YES,YES,0.09532643205553787,0.001209302473696278,0.050735447767373154,0.05062380038387716,0.001591260059041055,1.0,1.0,1.0,1.0,0.04561812211687306,1.0,0.8908772137026079,0.020771513353115726,1.0
4886,ReFAM_new_sta1_j4_k2,0.7657999992370605,resnet18,cifar,resnet18cifar,2,NO,NO,0.038997176749992764,0.00335464009120322,0.028365727615394992,0.02831094049904031,0.003953990550007776,0.0016107554741294423,0.0001826153681367789,0.0016107554741294423,0.0001826153681367789,0.046493177547169744,0.007712151340893212,0.2863533901186954,0.05934718100890208,0.05442171428571429
4887,ReFAM_sta1_j3_k5_const0,0.1000000014901161,resnet18,cifar,resnet18cifar,2,YES,NO,1.0,0.29940386722033985,0.697381791129711,0.6974568138195777,0.39397042989082287,0.03791644307610029,0.024946312837684788,0.03791644307610029,0.024946312837684788,0.6587709244133759,0.09432307435075211,0.8819287338954853,0.5608308605341247,0.14285714285714285
4888,ReFAM_sta1_j2_k6_const1,0.1009000018239021,resnet34,mnist,resnet34mnist,2,NO,YES,0.4437012110221399,0.3010788984281456,0.5167088249333783,0.5167946257197698,0.13614490056245174,1.0,1.0,1.0,1.0,0.45078840081305677,1.0,1.0,0.37537091988130566,1.0
4889,mul8_132,0.6919999718666077,resnet34,cifar100,resnet34cifar100,0,NO,NO,0.0,1.9106819860902353e-05,0.0027673880600385357,0.0028790786948176585,1.571356213667928e-05,0.0002836664155225153,6.145709504603137e-05,0.0002836664155225153,6.145709504603137e-05,0.003315308116519982,0.004415154392313526,0.3818045201582605,0.001483679525222552,0.14285714285714285
4890,mul8_325,0.4063000082969665,vgg16,mnist,vgg16mnist,2,NO,NO,0.4965369709770393,0.1689863496802792,0.3529820591486617,0.35292706333973134,0.1549503179605265,0.02416946267799164,0.015975332877965525,0.02416946267799164,0.015975332877965525,0.3671471815411856,0.07394693156100153,0.9830662059219408,0.46958456973293766,0.7142857142857143
4891,mul8_248,0.9915000200271606,resnet18,mnist,resnet18mnist,0,NO,NO,0.0,0.0,0.0,0.0,0.0,0.0,0.0,0.0,0.0,0.0,0.0,0.0,0.0,0.0
4892,mul8_447,0.009800000116229,resnet34,cifar100,resnet34cifar100,2,NO,NO,0.775123054118008,0.310813138205997,0.5542190063385437,0.5542226487523992,0.240365804043909,0.03520896458144749,0.02575052282428714,0.03520896458144749,0.02575052282428714,0.5199926401618853,0.09495679642667335,0.9959447269232258,0.620919881305638,0.344246
4893,ReFAM_sta4_j7_k2_const1,0.1027999967336654,resnet18,mnist,resnet18mnist,2,NO,YES,0.6982661148068149,0.4185378620487606,0.6196787223339788,0.619721689059501,0.24802594993680369,1.0,1.0,1.0,1.0,0.5613355524842703,1.0,0.8937514381303593,0.47477744807121663,1.0
4894,ReFAM_new_sta1_j3_k2,0.7050999999046326,vgg16,cifar,vgg16cifar,0,NO,NO,0.019498588374996382,0.000838660025985275,0.014182863807697496,0.014155470249520154,0.000988497637501944,0.0009874120769621313,9.833135207365019e-05,0.0009874120769621313,9.833135207365019e-05,0.023246588773584872,0.005632587496939622,0.2863533901186954,0.02967359050445104,0.05442171428571429
4895,mul8_309,0.1062999963760376,resnet34,cifar,resnet34cifar,2,NO,NO,0.5263738738299972,0.1881075646574784,0.3940497769426186,0.3939539347408829,0.15298606461611594,0.029556414384236097,0.020035012985006224,0.029556414384236097,0.020035012985006224,0.387878243111726,0.08338931584887407,0.9824288469096233,0.5445103857566765,0.14285714285714285
4896,mul8_252,0.1234999969601631,resnet18,cifar,resnet18cifar,2,NO,NO,0.6798507813415405,0.14894716447150536,0.3945282361990948,0.3944337811900192,0.16555086786407708,0.02295710494031261,0.011390633587531585,0.02295710494031261,0.011390633587531585,0.3951526069693098,0.06303855179950198,0.9654797806507578,0.56973293768546,0.2857142857142857
4897,ReFAM_sta1_j1_k4_const0,0.1158000007271766,resnet18,mnist,resnet18mnist,2,YES,NO,0.1542554991444158,0.004396956920490153,0.08209917911447656,0.08205374280230326,0.00578573357872531,0.008070038502747227,0.0037102526237789792,0.008070038502747227,0.0037102526237789792,0.0784661747415996,0.03495697557072308,0.8431516486828253,0.06602373887240356,0.14285714285714285
4898,ReFAM_new2_sta2_j2_k7,0.0982000008225441,resnet34,cifar,resnet34cifar,2,NO,NO,0.8960684613220559,1.0,0.8479927425949197,0.8478886756238003,0.947705604672357,0.07050104161585062,0.12333736608937969,0.07050104161585062,0.12333736608937969,0.8951658398330714,0.2062254050148391,0.9216221499565252,0.7566765578635015,0.2857142857142857
4899,mul8_027,0.9233999848365784,resnet18,cifar,resnet18cifar,0,NO,NO,0.0,0.0,0.0,0.0,0.0,0.0,0.0,0.0,0.0,0.0,0.0,0.0,0.0,0.0
4900,mul8_232,0.1070000007748603,vgg16,mnist,vgg16mnist,2,NO,NO,0.7385428842524069,0.2360322949328714,0.4756680209107679,0.47576775431861806,0.22224914118837283,0.033822251371807166,0.022997244966224937,0.033822251371807166,0.022997244966224937,0.4679028450586707,0.08987806261681686,0.9908651995870402,0.6283382789317508,0.14285714285714285
4901,mul8_034,0.0966999977827072,resnet18,cifar,resnet18cifar,2,NO,NO,0.7227747554060677,1.0,1.0,1.0,1.0,1.0,1.0,1.0,1.0,1.0,1.0,0.9527244552413107,1.0,1.0
4902,ReFAM_new2_sta3_j2_k5,0.0992999970912933,resnet18,cifar,resnet18cifar,2,NO,NO,0.5303616037999016,0.07604195857641455,0.2894190629615173,0.2893474088291747,0.0950307930932711,0.04032760760804167,0.07277924787051165,0.04032760760804167,0.07277924787051165,0.29432265967411303,0.15557466425419347,0.9379817100362663,0.18694362017804153,0.2857142857142857
4903,mul8_273,0.1134999990463256,resnet34,mnist,resnet34mnist,2,NO,NO,0.9965945169442595,0.41751506254299037,0.6734105982667915,0.673464491362764,0.33746831805559396,0.04656646195708145,0.03506917435026681,0.04656646195708145,0.03506917435026681,0.625774038953355,0.1122852510703857,0.9956189203993574,0.7470326409495549,0.14732142857142858
4904,ReFAM_sta3_j6_k1_const0,0.1134999990463256,resnet34,mnist,resnet34mnist,2,YES,NO,0.6118223730109975,0.03464623723027539,0.32562932839786773,0.32557581573896355,0.04558923404174304,0.026439697398399544,0.014567087442910747,0.026439697398399544,0.014567087442910747,0.27748419582311484,0.07141055039023546,0.9285353571348575,0.18991097922848665,0.14285714285714285
4905,mul8_320,0.7085000276565552,vgg16,cifar,vgg16cifar,0,YES,NO,0.001733207855555234,1.194176241306397e-05,0.000922462686679512,0.0009596928982725527,1.571356213667928e-05,9.485660391676469e-05,1.0535502007891091e-05,9.485660391676469e-05,1.0535502007891091e-05,0.0027069374576095284,0.0018414515445202822,0.06363408669304342,0.002967359050445104,0.063492
4906,ReFAM_new1_sta3_j7_k2,0.0979999974370002,vgg16,mnist,vgg16mnist,2,NO,YES,1.0,1.0,0.8163074112364339,0.8162188099808062,1.0,1.0,1.0,1.0,1.0,0.8973977395431824,1.0,0.6154139066442132,0.6646884272997032,1.0
4907,ReFAM_new2_sta2_j3_k2,0.1072999984025955,resnet34,cifar,resnet34cifar,2,YES,NO,0.12132454988886637,0.003792703742389117,0.06457238806756584,0.06453934740882918,0.0049906273346093395,0.008727710956570128,0.008798900093590377,0.008727710956570128,0.008798900093590377,0.06652680750950685,0.05332745143703386,0.7119065994147701,0.04154302670623145,0.2857142857142857
4908,mul8_168,0.6998999714851379,resnet34,cifar100,resnet34cifar100,0,NO,NO,0.0,0.0,0.0,0.0,0.0,0.0,0.0,0.0,0.0,0.0,0.0,0.0,0.0,0.0
4909,mul8_493,0.0108000002801418,resnet34,cifar100,resnet34cifar100,2,NO,NO,1.0,0.364189764845999,0.6526431404538144,0.652591170825336,0.39527512395478853,0.03815222949155053,0.024612688607434905,0.03815222949155053,0.024612688607434905,0.634069007561394,0.09382744247983137,0.9857072750560489,0.7344213649851632,0.14285714285714285
4910,ReFAM_new1_sta4_j2_k4,0.1000000014901161,vgg16,cifar,vgg16cifar,2,NO,YES,1.0,1.0,1.0,1.0,1.0,1.0,1.0,1.0,1.0,1.0,1.0,1.0,1.0,1.0
4911,ReFAM_sta2_j5_k3_const1,0.1032000035047531,resnet18,cifar,resnet18cifar,2,NO,YES,0.22878343693329087,0.238389422464525,0.4187980597524984,0.4186660268714012,0.11601637196753045,1.0,1.0,1.0,1.0,0.38093833491171697,1.0,0.9681829566534783,0.32047477744807124,1.0
4912,ReFAM_sta4_j4_k6_const1,0.1000000014901161,vgg16,cifar,vgg16cifar,2,NO,YES,1.0,1.0,1.0,1.0,1.0,1.0,1.0,1.0,1.0,1.0,1.0,1.0,1.0,1.0
4913,mul8_023,0.0111999996006488,resnet34,cifar100,resnet34cifar100,2,NO,NO,1.0,1.0,1.0,1.0,1.0,0.09031794126840442,0.05873015594298889,0.09031794126840442,0.05873015594298889,1.0,0.1555769035548151,1.0,1.0,1.0
4914,mul8_151,0.0094999996945261,resnet34,cifar100,resnet34cifar100,2,NO,NO,1.0,1.0,1.0,1.0,1.0,0.08872073673769168,0.05409102322551418,0.08872073673769168,0.05409102322551418,1.0,0.1501242065411464,1.0,1.0,0.8660714285714286
4915,mul8_489,0.0998999997973442,resnet18,cifar,resnet18cifar,2,NO,NO,0.4965369709770393,0.1689863496802792,0.3529820591486617,0.35292706333973134,0.1549503179605265,0.02416946267799164,0.015975332877965525,0.02416946267799164,0.015975332877965525,0.3671471815411856,0.07394693156100153,0.9830662059219408,0.46958456973293766,0.7142857142857143
4916,ReFAM_new2_sta2_j5_k2,0.6401000022888184,vgg16,cifar,vgg16cifar,2,NO,NO,0.27904646474439265,0.06638903395918783,0.19925194032277457,0.1991362763915547,0.06563659661571847,0.021593880032594534,0.02897614235570313,0.021593880032594534,0.02897614235570313,0.22374438699261437,0.09753199214154769,0.5781752391114442,0.1661721068249258,0.2857142857142857
4917,mul8_309,0.1031000018119812,resnet18,cifar,resnet18cifar,2,NO,NO,0.5263738738299972,0.1881075646574784,0.3940497769426186,0.3939539347408829,0.15298606461611594,0.029556414384236097,0.020035012985006224,0.029556414384236097,0.020035012985006224,0.387878243111726,0.08338931584887407,0.9824288469096233,0.5445103857566765,0.14285714285714285
4918,mul8_380,0.099600002169609,resnet34,cifar,resnet34cifar,2,NO,NO,0.49437046115759525,0.09541282180979797,0.3031647938411019,0.30326295585412666,0.09763079128254246,0.022522571354751046,0.013281756197948037,0.022522571354751046,0.013281756197948037,0.3035561478611422,0.06753357458065364,0.9680892872778661,0.4043026706231454,0.14285714285714285
4919,ReFAM_sta3_j8_k1_const0,0.101000003516674,vgg16,mnist,vgg16mnist,2,YES,NO,1.0,0.6546441812600311,1.0,1.0,0.8614132205805364,0.08231114050160171,0.047348301940463876,0.08231114050160171,0.047348301940463876,1.0,0.1401757403127855,0.9695187634013387,0.8545994065281899,0.14285714285714285
4920,mul8_309,0.1958999931812286,vgg16,mnist,vgg16mnist,2,NO,NO,0.5263738738299972,0.1881075646574784,0.3940497769426186,0.3939539347408829,0.15298606461611594,0.029556414384236097,0.020035012985006224,0.029556414384236097,0.020035012985006224,0.387878243111726,0.08338931584887407,0.9824288469096233,0.5445103857566765,0.14285714285714285
4921,ReFAM_sta4_j1_k5_const1,0.1008000001311302,resnet34,mnist,resnet34mnist,2,NO,YES,0.18891965625552049,0.005530628232237027,0.10645796127953279,0.10652591170825336,0.0057714839507012495,1.0,1.0,1.0,1.0,0.09285821408897116,1.0,1.0,0.04673590504451038,1.0
4922,mul8_005,0.1014999970793724,resnet18,cifar,resnet18cifar,2,NO,NO,0.5560889113722153,1.0,1.0,1.0,1.0,0.07588618652963952,0.03906564144526017,0.07588618652963952,0.03906564144526017,1.0,0.12777822563790212,1.0,1.0,0.42857142857142855
4923,mul8_361,0.1032000035047531,resnet34,cifar,resnet34cifar,2,NO,NO,0.5437668850409194,0.33173717768068683,0.5070815209647431,0.506957773512476,0.22307852844134657,0.03772401967958343,0.02863022670644404,0.03772401967958343,0.02863022670644404,0.4857062590259953,0.10027886757074696,0.9958357853668072,0.6535608308605341,0.15178571428571427
4924,mul8_242,0.1000000014901161,resnet18,cifar,resnet18cifar,2,NO,NO,1.0,0.8283234322854304,0.8914029879643858,0.8913147792706334,0.8802246447496306,0.04646347478711468,0.032407204176273,0.04646347478711468,0.032407204176273,0.9013649539937436,0.10842842896639855,0.9977936789461788,1.0,0.15178571428571427
4925,ReFAM_new_sta1_j1_k1,0.708899974822998,vgg16,cifar,vgg16cifar,0,YES,NO,0.000866603927777617,2.9854406032659923e-06,0.000461231343339756,0.0004798464491362764,3.92839053416982e-06,4.788000007227169e-05,3.5118340026303635e-06,4.788000007227169e-05,3.5118340026303635e-06,0.0013534687288047642,0.0009210989890304128,0.06363408669304342,0.001483679525222552,0.031746
4926,mul8_282,0.9919999837875366,resnet34,mnist,resnet34mnist,0,NO,NO,0.0,0.0,0.0,0.0,0.0,0.0,0.0,0.0,0.0,0.0,0.0,0.0,0.0,0.0
4927,mul8_401,0.3837000131607055,vgg16,mnist,vgg16mnist,2,NO,NO,0.7903427821331866,0.15312683107023667,0.44118827333552385,0.44121880998080615,0.17969368290342083,0.028764135892474164,0.017943715836439843,0.028764135892474164,0.017943715836439843,0.42815309807002416,0.07911075879447997,0.9801135842993837,0.594213649851632,1.0
4928,ReFAM_new_sta3_j6_k1,0.7949000000953674,resnet18,mnist,resnet18mnist,2,NO,NO,0.027839651179855943,0.01117589427559677,0.06189148272932887,0.06190019193857965,0.010260357602238607,0.0037310264207260774,0.0007269496385444853,0.0037310264207260774,0.0007269496385444853,0.0809143398060115,0.01549819960230021,0.357071732415102,0.0712166172106825,0.063492
4929,mul8_123,0.4305000007152557,resnet18,cifar,resnet18cifar,2,NO,NO,0.07114953437266969,0.0027676195577408095,0.03914520961879739,0.03910748560460653,0.0035206622143733,0.003293782646481181,0.0009710221017272956,0.003293782646481181,0.0009710221017272956,0.04861931450387457,0.017759893230146363,0.6002985202274944,0.05934718100890208,0.14285714285714285
4930,ReFAM_sta2_j2_k6_const0,0.1134999990463256,resnet18,mnist,resnet18mnist,2,YES,NO,1.0,0.2457455481109724,1.0,1.0,0.32336415735667734,0.06578079632570687,0.04582592190032362,0.06578079632570687,0.04582592190032362,0.8485007609295936,0.13226802338426996,0.998197882664853,0.5148367952522255,0.14285714285714285
4931,ReFAM_sta4_j1_k2_const0,0.7049999833106995,vgg16,cifar,vgg16cifar,0,YES,NO,0.019065286411107572,7.244669197258808e-05,0.01014708955347463,0.010076775431861805,9.532894362918763e-05,0.0015402905683627025,0.0006110591164576833,0.0015402905683627025,0.0006110591164576833,0.009853401227258852,0.01399115028394332,0.6999749536234776,0.0051928783382789315,0.14285714285714285
4932,mul8_027,0.7002999782562256,resnet34,cifar100,resnet34cifar100,0,NO,NO,0.0,0.0,0.0,0.0,0.0,0.0,0.0,0.0,0.0,0.0,0.0,0.0,0.0,0.0
4933,ReFAM_new2_sta4_j2_k7,0.1000000014901161,vgg16,cifar,vgg16cifar,2,NO,NO,1.0,1.0,1.0,1.0,1.0,1.0,1.0,1.0,1.0,1.0,1.0,1.0,1.0,0.2857142857142857
4934,ReFAM_sta1_j1_k5_const0,0.1057000011205673,resnet34,cifar,resnet34cifar,2,YES,NO,0.32064345327771826,0.018306721779227066,0.1706555970357097,0.17058541266794627,0.024088890755529335,0.014228490587514702,0.007431040749565849,0.014228490587514702,0.007431040749565849,0.16187961334722537,0.049958796868562014,0.8670149402654102,0.13724035608308605,0.14285714285714285
4935,ReFAM_sta2_j2_k5_const1,0.1001999974250793,resnet18,cifar,resnet18cifar,2,NO,YES,0.034664157111104675,0.05421878582528724,0.19735296601567762,0.19745681381957772,0.023814505444510595,1.0,1.0,1.0,1.0,0.177123504257007,1.0,1.0,0.13649851632047477,1.0
4936,ReFAM_new_sta1_j3_k3,0.9896000027656556,vgg16,mnist,vgg16mnist,0,NO,NO,0.04376349835276966,0.0036099450233103205,0.030383614742506424,0.03047024952015355,0.004281548745094681,0.0018049856631018651,0.00021773370816308257,0.0018049856631018651,0.00021773370816308257,0.04866844812566764,0.008441416910004001,0.3281136413155253,0.06528189910979229,0.05793285714285714
4937,mul8_300,0.1266999989748001,resnet34,cifar,resnet34cifar,2,NO,NO,0.2344163624638454,0.026103448704557615,0.15354409500049135,0.15355086372360846,0.024487315959334493,0.013359423416391581,0.007046494926277825,0.013359423416391581,0.007046494926277825,0.15294945103700863,0.04855400894525955,0.929530085178043,0.19881305637982197,0.21428571428571427
4938,ReFAM_sta3_j1_k4_const1,0.253600001335144,resnet18,cifar,resnet18cifar,2,NO,YES,0.07626114564443029,0.0021431482943978803,0.05237858627294641,0.052303262955854135,0.0014706738144592535,1.0,1.0,1.0,1.0,0.04603783547661287,1.0,1.0,0.025222551928783383,1.0
4939,mul8_063,0.2711000144481659,vgg16,mnist,vgg16mnist,2,NO,NO,0.8234903823706805,0.21463440841464346,0.5082670294213053,0.5081573896353168,0.2008780145546615,0.03209947476543317,0.02183482791135429,0.03209947476543317,0.02183482791135429,0.4762908132100031,0.08735810298394273,0.9898236368560486,0.5356083086053413,0.14285714285714285
4940,mul8_371,0.1052000001072883,resnet34,cifar,resnet34cifar,2,NO,NO,0.9735110307691469,0.28423002343769904,0.5862362988093088,0.5861324376199616,0.2814096751922819,1.0,1.0,1.0,1.0,0.5549661069910155,1.0,0.996441581872125,0.7655786350148368,1.0
4941,ReFAM_sta4_j2_k4_const1,0.1110000014305114,resnet18,cifar,resnet18cifar,2,NO,YES,0.18372003268885478,0.005480472830102158,0.10400766792311497,0.10388675623800385,0.005664673681287594,1.0,1.0,1.0,1.0,0.09109558364263634,1.0,0.9942831136514969,0.04599406528189911,1.0
4942,ReFAM_new_sta1_j2_k2,0.6794999837875366,resnet34,cifar100,resnet34cifar100,1,NO,NO,0.008232737313887361,0.00018265921076096093,0.006341930970921644,0.006238003838771593,0.00021447374753878412,0.0005140324536060866,4.389792503287955e-05,0.0005140324536060866,4.389792503287955e-05,0.01074282508158053,0.003750828541230003,0.2465825950082368,0.013353115727002967,0.052478142857142855
4943,ReFAM_new_sta2_j2_k5,0.2257000058889389,resnet18,cifar,resnet18cifar,2,NO,NO,0.05762916119721153,0.01669811662802843,0.08601964553286448,0.08613243761996162,0.014021146025573633,0.003941517741798517,0.0003230887282419935,0.003941517741798517,0.0003230887282419935,0.10055826281032638,0.010635931519201256,0.5241117190570345,0.08902077151335312,0.04444442857142857
4944,ReFAM_sta1_j4_k5_const0,0.1134999990463256,resnet18,mnist,resnet18mnist,2,YES,NO,1.0,1.0,1.0,1.0,1.0,0.05885807103223859,0.03851077167284457,0.05885807103223859,0.03851077167284457,1.0,0.12076772182511958,0.9117573393010228,1.0,0.14285714285714285
4945,ReFAM_new_sta2_j6_k3,0.1111999973654747,resnet18,cifar,resnet18cifar,2,NO,NO,0.5641591569832286,0.35722249732504524,0.4769096040291281,0.4769673704414588,0.30104151188247513,0.01488164606019871,0.0016136877242086522,0.01488164606019871,0.0016136877242086522,0.5039994797915871,0.025754196449364934,0.6913064637978045,0.49851632047477745,0.045714285714285714
4946,mul8_380,0.1010999977588653,vgg16,cifar,vgg16cifar,2,NO,NO,0.49437046115759525,0.09541282180979797,0.3031647938411019,0.30326295585412666,0.09763079128254246,0.022522571354751046,0.013281756197948037,0.022522571354751046,0.013281756197948037,0.3035561478611422,0.06753357458065364,0.9680892872778661,0.4043026706231454,0.14285714285714285
4947,ReFAM_new2_sta3_j3_k6,0.0099999997764825,resnet34,cifar100,resnet34cifar100,2,NO,NO,1.0,1.0,0.949292477023078,0.9491362763915548,1.0,0.11354335488836731,0.24795479567271816,0.11354335488836731,0.24795479567271816,1.0,0.295768318971952,0.9201305669644403,0.7537091988130564,0.2857142857142857
4948,ReFAM_sta3_j3_k6_const0,0.1004000008106231,resnet18,cifar,resnet18cifar,2,YES,NO,1.0,0.7973406789799506,1.0,1.0,1.0,0.11675492847812063,0.0932304131848296,0.11675492847812063,0.0932304131848296,1.0,0.19720251637675187,1.0,1.0,0.14285714285714285
4949,ReFAM_new_sta3_j3_k5,0.0087000001221895,resnet34,cifar100,resnet34cifar100,2,NO,NO,0.20798494266662806,0.059711996535296664,0.1783514929091843,0.1782629558541267,0.054497327791841375,0.009270652089465134,0.002043887389530872,0.009270652089465134,0.002043887389530872,0.2023469694558841,0.026588709147692326,0.5832710567738232,0.228486646884273,0.06762471428571429
4950,ReFAM_new2_sta4_j4_k4,0.101000003516674,vgg16,mnist,vgg16mnist,2,NO,NO,1.0,1.0,1.0,1.0,1.0,1.0,1.0,1.0,1.0,1.0,1.0,1.0,1.0,0.2857142857142857
4951,ReFAM_sta4_j5_k5_const0,0.1134999990463256,resnet18,mnist,resnet18mnist,2,YES,NO,1.0,1.0,1.0,1.0,1.0,0.1609409413750052,0.12939352382691577,0.1609409413750052,0.12939352382691577,1.0,0.24236473131378275,1.0,1.0,0.14285714285714285
4952,mul8_181,0.1124999970197677,resnet18,mnist,resnet18mnist,2,NO,NO,0.4954807957068525,0.09212222582987287,0.29719716501977805,0.29726487523992323,0.09809476642790599,0.020738363804888096,0.011306349571468456,0.020738363804888096,0.011306349571468456,0.30070078631579444,0.06230107546144521,0.9708861326561987,0.3983679525222552,0.2857142857142857
4953,mul8_092,0.9884999990463256,vgg16,mnist,vgg16mnist,0,NO,NO,0.1123335341381736,0.012335514037143658,0.08664663235144832,0.08661228406909789,0.011389675708386974,0.007644538879463455,0.0034345736545724954,0.007644538879463455,0.0034345736545724954,0.09497274369785776,0.03361339519774518,0.9219489746257807,0.16765578635014836,0.14285714285714285
4954,ReFAM_sta3_j3_k1_const0,0.807200014591217,resnet18,mnist,resnet18mnist,2,YES,NO,0.048529819955546546,0.000382136397218047,0.025828955227026332,0.025911708253358926,0.000502833988373737,0.0033109471748089766,0.0013064022489784953,0.0033109471748089766,0.0013064022489784953,0.024059785269100267,0.020538865301589007,0.771563810225845,0.017804154302670624,0.14285714285714285
4955,ReFAM_sta1_j3_k3_const1,0.919099986553192,vgg16,mnist,vgg16mnist,1,NO,YES,0.10399247133331403,0.01774386671082465,0.12430184703006424,0.1242802303262956,0.008098180670854658,1.0,1.0,1.0,1.0,0.10888485656868244,1.0,0.9644545082459596,0.08902077151335312,1.0
4956,mul8_205,0.0971999987959861,resnet34,mnist,resnet34mnist,2,NO,NO,0.5543557035166601,1.0,1.0,1.0,1.0,0.07577055181248385,0.038951506840174684,0.07577055181248385,0.038951506840174684,1.0,0.12758937795214464,1.0,1.0,0.42857142857142855
4957,ReFAM_sta1_j6_k3_const1,0.1000000014901161,resnet34,cifar,resnet34cifar,2,NO,YES,0.8319397706665123,1.0,0.9632816605650804,0.963291746641075,0.4731730030155558,1.0,1.0,1.0,1.0,0.840389650220613,1.0,0.968431384127928,0.712166172106825,1.0
4958,ReFAM_new_sta2_j6_k1,0.7483000159263611,resnet34,mnist,resnet34mnist,2,NO,NO,0.03336425121943825,0.015729241637581843,0.07737155784524406,0.0772552783109405,0.013715828228075898,0.0033479864201479037,0.0002598757161946469,0.0033479864201479037,0.0002598757161946469,0.09601045899998222,0.009487170300305143,0.4031815007055748,0.0712166172106825,0.031746
4959,mul8_462,0.1000000014901161,vgg16,cifar,vgg16cifar,2,NO,NO,0.6913332833845939,0.13546873357450387,0.39517245093081504,0.3951535508637236,0.15267951745656114,0.024594058905047636,0.011129001954335622,0.024594058905047636,0.011129001954335622,0.3883199422174965,0.06280417166777139,0.9666139946119746,0.5044510385756676,0.14285714285714285
4960,mul8_047,0.1134999990463256,resnet18,mnist,resnet18mnist,2,NO,NO,1.0,0.4398159057906402,0.691510548589593,0.6914587332053743,0.3584231950598025,0.04750509063774353,0.03624212690714535,0.04750509063774353,0.03624212690714535,0.6434672751522802,0.11419537450063597,0.9963336584610937,0.7603857566765578,0.14732142857142858
4961,ReFAM_sta1_j4_k1_const0,0.1534000039100647,resnet34,cifar,resnet34cifar,2,YES,NO,0.12479096559997684,0.003311848775889741,0.06641731344092486,0.06645873320537428,0.00435789456590572,0.00602836302796734,0.002086029397562436,0.00602836302796734,0.002086029397562436,0.06541609963883796,0.02620578874139362,0.7477005186432601,0.05341246290801187,0.14285714285714285
4962,ReFAM_sta1_j6_k3_const0,0.096400000154972,resnet18,cifar,resnet18cifar,2,YES,NO,1.0,1.0,1.0,1.0,1.0,0.05282970800427125,0.03194539800492711,0.05282970800427125,0.03194539800492711,1.0,0.1097346876623493,0.8839171718364696,1.0,0.14285714285714285
4963,mul8_385,0.1230000033974647,vgg16,mnist,vgg16mnist,2,NO,NO,0.7443044484700008,0.5551280981708404,0.6678137773064083,0.6677063339731286,0.3746238820476579,0.04548871025734145,0.033799646358315935,0.04548871025734145,0.033799646358315935,0.6354498759111447,0.11016985841648604,1.0,0.7908011869436202,0.42857142857142855
4964,ReFAM_new1_sta2_j6_k3,0.1000000014901161,resnet18,cifar,resnet18cifar,2,NO,YES,1.0,1.0,0.9365446552083911,0.9364203454894434,1.0,1.0,1.0,1.0,1.0,0.988295413574418,1.0,0.7355825522461306,0.712166172106825,1.0
4965,mul8_219,0.101000003516674,vgg16,mnist,vgg16mnist,2,NO,NO,1.0,1.0,1.0,1.0,1.0,0.06269931179275366,0.0464598079377984,0.06269931179275366,0.0464598079377984,1.0,0.13200751807862035,1.0,1.0,0.14285714285714285
4966,ReFAM_sta1_j4_k1_const1,0.1748999953269958,resnet18,cifar,resnet18cifar,2,NO,YES,0.041596988533325614,0.003311848775889741,0.051657910454052665,0.051583493282149714,0.0016761132945791232,1.0,1.0,1.0,1.0,0.046571914236999225,1.0,0.8033808535723667,0.03560830860534125,1.0
4967,ReFAM_new_sta2_j3_k2,0.7087000012397766,vgg16,cifar,vgg16cifar,0,NO,NO,0.012132454988886637,0.0004959811988892569,0.01130016791182402,0.011276391554702494,0.0005467664933711526,0.0007272339633618626,4.389792503287955e-05,0.0007272339633618626,4.389792503287955e-05,0.017542960565965833,0.0037650107785003255,0.25055947089020525,0.011869436201780416,0.031746
4968,ReFAM_new1_sta4_j2_k4,0.1009000018239021,resnet34,mnist,resnet34mnist,2,NO,YES,1.0,1.0,1.0,1.0,1.0,1.0,1.0,1.0,1.0,1.0,1.0,1.0,1.0,1.0
4969,ReFAM_new2_sta1_j3_k2,0.9883000254631042,vgg16,mnist,vgg16mnist,0,NO,NO,0.03639736496665991,0.004005267113341655,0.03828220149719974,0.038387715930902115,0.003928128641467542,0.004094191704293119,0.0034907629986145818,0.004094191704293119,0.0034907629986145818,0.050060049482437745,0.03345216555298783,0.4295300851780431,0.04154302670623145,0.2857142857142857
4970,mul8_484,0.991699993610382,resnet34,mnist,resnet34mnist,0,NO,NO,0.0,0.0,0.0,0.0,0.0,0.0,0.0,0.0,0.0,0.0,0.0,0.0,0.0,0.0
4971,ReFAM_new_sta2_j4_k2,0.8684999942779541,resnet18,cifar,resnet18cifar,1,NO,NO,0.018198682483329957,0.002408852508088554,0.029057574630404627,0.029030710172744723,0.002245729922033747,0.0016252098137739014,0.00010535502007891092,0.0016252098137739014,0.00010535502007891092,0.0378971244065334,0.005919964410048787,0.3827992482014462,0.02373887240356083,0.040816285714285715
4972,ReFAM_new2_sta4_j6_k3,0.1027999967336654,resnet18,mnist,resnet18mnist,2,NO,NO,1.0,1.0,1.0,1.0,1.0,1.0,1.0,1.0,1.0,1.0,1.0,1.0,1.0,0.2857142857142857
4973,ReFAM_new1_sta2_j3_k6,0.1000000014901161,resnet18,cifar,resnet18cifar,2,NO,YES,1.0,1.0,1.0,1.0,1.0,1.0,1.0,1.0,1.0,1.0,1.0,0.9519170659493493,0.7537091988130564,1.0
4974,ReFAM_sta1_j7_k1_const0,0.1134999990463256,resnet34,mnist,resnet34mnist,2,YES,NO,0.9983277247998147,0.21195832165694342,0.5313385075273989,0.5314299424184261,0.2789052522179661,0.024382664187747417,0.012163237068110264,0.024382664187747417,0.012163237068110264,0.5233287971107037,0.06531144193045628,0.7477005186432601,0.42729970326409494,0.14285714285714285
4975,ReFAM_new1_sta3_j1_k1,0.2881999909877777,resnet34,mnist,resnet34mnist,2,YES,YES,0.027731325688883743,6.368939953634117e-05,0.014759402986872191,0.01487523992322457,8.380566472895615e-05,1.0,1.0,1.0,1.0,0.012404746626742444,1.0,0.8908772137026079,0.004451038575667656,1.0
4976,mul8_005,0.1000000014901161,vgg16,cifar,vgg16cifar,2,NO,NO,0.5560889113722153,1.0,1.0,1.0,1.0,0.07588618652963952,0.03906564144526017,0.07588618652963952,0.03906564144526017,1.0,0.12777822563790212,1.0,1.0,0.42857142857142855
4977,ReFAM_sta1_j6_k3_const1,0.1027999967336654,resnet18,mnist,resnet18mnist,2,NO,YES,0.8319397706665123,1.0,0.9632816605650804,0.963291746641075,0.4731730030155558,1.0,1.0,1.0,1.0,0.840389650220613,1.0,0.968431384127928,0.712166172106825,1.0
4978,mul8_114,0.4501999914646148,resnet34,cifar,resnet34cifar,2,YES,NO,0.07821100448192993,0.002011577433571956,0.04162612873641298,0.04150671785028791,0.0026469331662967365,0.003847564534109531,0.0012168504819114211,0.003847564534109531,0.0012168504819114211,0.045713392780693626,0.01991036826045156,0.6920212018595407,0.04896142433234421,0.14285714285714285
4979,mul8_230,0.1000000014901161,vgg16,cifar,vgg16cifar,2,NO,NO,0.7257807895137542,0.172646388097725,0.420588711111224,0.4205854126679463,0.19309836759997648,1.0,1.0,1.0,1.0,0.42381728806667274,1.0,0.9760124946801904,0.4495548961424332,1.0
4980,ReFAM_new_sta2_j2_k7,0.1059999987483024,resnet18,cifar,resnet18cifar,2,NO,NO,0.5884240669610019,0.3612874732504522,0.4859783863597848,0.4858445297504798,0.30539324319542427,0.015570033985766087,0.0017260664122928236,0.015570033985766087,0.0017260664122928236,0.5105071631669272,0.02670963138126034,0.7302230349284956,0.516320474777448,0.04686314285714286
4981,ReFAM_new_sta1_j6_k2,0.1150999963283538,resnet18,mnist,resnet18mnist,2,NO,NO,0.15598870699997106,0.05367424145925152,0.11346291046157997,0.11348368522072937,0.06326384873307989,0.0038032981189483742,0.0005917440294432163,0.0038032981189483742,0.0005917440294432163,0.18597271018867897,0.014061315036754387,0.2863533901186954,0.23738872403560832,0.05442171428571429
4982,ReFAM_sta2_j3_k7_const0,0.1000000014901161,resnet18,cifar,resnet18cifar,2,YES,NO,1.0,1.0,1.0,1.0,1.0,0.1758641436616817,0.12126538402782777,0.1758641436616817,0.12126538402782777,1.0,0.24411586439989727,1.0,1.0,0.14285714285714285
4983,ReFAM_sta4_j7_k3_const1,0.0979999974370002,vgg16,mnist,vgg16mnist,2,NO,YES,1.0,1.0,1.0,1.0,0.9949006582977522,1.0,1.0,1.0,1.0,1.0,1.0,0.9569507767431158,1.0,1.0
4984,ReFAM_sta4_j1_k3_const0,0.5699999928474426,resnet34,cifar,resnet34cifar,2,YES,NO,0.046796612099991315,0.00030809747025705044,0.02490649254034682,0.02495201535508637,0.00040540990312632543,0.0034952400052758337,0.0016821684872599441,0.0034952400052758337,0.0016821684872599441,0.022607386097032243,0.02328275499662612,0.8272431270095645,0.012611275964391691,0.14285714285714285
4985,mul8_069,0.0100999996066093,resnet34,cifar100,resnet34cifar100,2,NO,NO,1.0,1.0,0.9993272959306645,0.9992802303262956,0.9731112683855482,0.05683446348201428,0.06664582978491773,0.05683446348201428,0.06664582978491773,0.981268496283709,0.1528158458883455,1.0,1.0,0.8571428571428571
4986,mul8_246,0.0997999981045723,resnet18,cifar,resnet18cifar,2,NO,NO,1.0,0.665054543589025,0.9824367237089058,0.9824856046065259,0.747257425181807,0.051530624228725466,0.037390496626005486,0.051530624228725466,0.037390496626005486,0.9198563388228572,0.11694896783170014,1.0,1.0,0.6428571428571429
4987,ReFAM_sta4_j2_k5_const1,0.1002999991178512,resnet18,mnist,resnet18mnist,2,NO,YES,0.3223766611332735,0.023517310778793977,0.19351537733491173,0.19361804222648754,0.021085324175286156,1.0,1.0,1.0,1.0,0.17138356248339412,1.0,1.0,0.09347181008902077,1.0
4988,ReFAM_new_sta2_j3_k1,0.9919999837875366,resnet18,mnist,resnet18mnist,0,YES,NO,0.006066227494443318,7.94127200468754e-05,0.0032286194033782916,0.0031190019193857964,0.00010449518820891721,0.00023578641545024363,1.4047336010521454e-05,0.00023578641545024363,1.4047336010521454e-05,0.007161882485407868,0.0021303213247105333,0.11135965171282598,0.005934718100890208,0.031746
4989,ReFAM_new_sta3_j2_k5,0.6841999888420105,vgg16,cifar,vgg16cifar,1,NO,NO,0.04798819250068554,0.011692897944106183,0.06816854981397397,0.06813819577735125,0.010468397019017629,0.004348046044298936,0.0008639111646470695,0.004348046044298936,0.0008639111646470695,0.08412763698444146,0.01693732346846766,0.463335566465549,0.08605341246290801,0.06762471428571429
4990,ReFAM_sta4_j2_k3_const1,0.1336999982595443,resnet34,cifar,resnet34cifar,2,NO,YES,0.10052605562220357,0.0012769724607036405,0.0550018376932659,0.05494241842610365,0.0014800702396777277,1.0,1.0,1.0,1.0,0.04769897200991207,1.0,0.9704198220689122,0.02225519287833828,1.0
4991,ReFAM_new_sta1_j2_k2,0.1000000014901161,resnet18,cifar,resnet18cifar,2,NO,NO,0.008232737313887361,0.00018265921076096093,0.006341930970921644,0.006238003838771593,0.00021447374753878412,0.0005140324536060866,4.389792503287955e-05,0.0005140324536060866,4.389792503287955e-05,0.01074282508158053,0.003750828541230003,0.2465825950082368,0.013353115727002967,0.052478142857142855
4992,mul8_222,0.1134999990463256,resnet34,mnist,resnet34mnist,2,NO,NO,1.0,1.0,1.0,1.0,1.0,0.06420256311577746,0.04275306714802205,0.06420256311577746,0.04275306714802205,1.0,0.12798274842801097,1.0,1.0,0.2857142857142857
4993,mul8_203,0.1134999990463256,resnet18,mnist,resnet18mnist,2,NO,NO,0.76469672041231,0.34451610585178205,0.5506354528121371,0.5506238003838773,0.28398939904809745,0.037852301943928,0.02804023859400214,0.037852301943928,0.02804023859400214,0.5360340652270525,0.09937642942023014,0.9965820859355433,0.7136498516320475,0.15178571428571427
4994,ReFAM_sta2_j2_k6_const1,0.1042999997735023,resnet34,cifar,resnet34cifar,2,NO,YES,0.18718644839996526,0.2457455481109724,0.42314912806317756,0.42322456813819576,0.11515202157787144,1.0,1.0,1.0,1.0,0.38302447686748564,1.0,1.0,0.3264094955489614,1.0
4995,mul8_066,0.1134999990463256,resnet18,mnist,resnet18mnist,2,NO,NO,1.0,1.0,1.0,1.0,1.0,0.06501290953209496,0.044212234176114966,0.06501290953209496,0.044212234176114966,1.0,0.1300548479365591,1.0,1.0,0.42857142857142855
4996,ReFAM_sta4_j6_k1_const1,0.1062000021338462,resnet18,mnist,resnet18mnist,2,NO,YES,0.22185060551106994,0.022240338318090337,0.15387830692172608,0.15379078694817658,0.01727820325384947,1.0,1.0,1.0,1.0,0.14246825416764353,1.0,0.7675859161984895,0.0712166172106825,1.0
4997,mul8_264,0.1134999990463256,resnet34,mnist,resnet34mnist,2,NO,NO,0.6196218083609961,0.17141942176394162,0.3963719254724537,0.3963531669865643,0.1660326385724673,0.027661089098356358,0.019144763065339427,0.027661089098356358,0.019144763065339427,0.39641011476524235,0.08122167284713638,0.98061145739367,0.4317507418397626,0.7142857142857143
4998,mul8_254,0.1067999973893165,resnet34,cifar,resnet34cifar,2,NO,NO,0.255810650397271,1.0,1.0,1.0,1.0,0.08253427936986306,0.04657218662588257,0.08253427936986306,0.04657218662588257,1.0,0.13938452075980964,1.0,1.0,0.42857142857142855
4999,mul8_076,0.121299996972084,resnet18,mnist,resnet18mnist,2,NO,NO,0.10399247133331403,0.01895396530201513,0.11200714995662654,0.11204414587332055,0.013267199643082053,0.009887671713037994,0.006718138447031886,0.009887671713037994,0.006718138447031886,0.11203582109827605,0.04689020858338857,0.8650254841790388,0.09792284866468842,1.0
5000,mul8_441,0.1000000014901161,resnet34,cifar,resnet34cifar,2,NO,NO,0.9142671438053859,0.46781794544366034,0.6658943058784135,0.6657869481765836,0.3611921511176692,0.04494486572821866,0.03382774103033698,0.04494486572821866,0.03382774103033698,0.6297195979042555,0.11005863981894508,0.9946862992247841,0.7796735905044511,0.14732142857142858
5001,ReFAM_new1_sta1_j1_k5,0.4569999873638153,vgg16,mnist,vgg16mnist,2,NO,YES,0.3639736496665991,0.03147211678088299,0.20691991140579802,0.20681381957773515,0.03490076676641829,1.0,1.0,1.0,1.0,0.19570614806862896,1.0,0.9465575486317144,0.09347181008902077,1.0
5002,ReFAM_new1_sta1_j6_k2,0.1000000014901161,resnet18,cifar,resnet18cifar,2,NO,YES,1.0,0.4503604820013757,0.7232107463567373,0.7231285988483686,0.5039067008822675,1.0,1.0,1.0,1.0,0.7083698985317217,1.0,0.7198603511787068,0.3323442136498516,1.0
5003,mul8_323,0.1000000014901161,vgg16,cifar,vgg16cifar,2,NO,NO,0.5778081688457261,0.1611135688482409,0.3641228882356902,0.3642034548944338,0.16520392489914323,0.0265092589079385,0.019092085555299974,0.0265092589079385,0.019092085555299974,0.37891867263296974,0.08085741327935127,0.9791972534510038,0.43991097922848665,0.7142857142857143
5004,mul8_294,0.1074000000953674,resnet34,cifar,resnet34cifar,2,NO,NO,0.7210144679109773,0.1673550429266553,0.43124984115192533,0.43114203454894434,0.1725508707030275,0.028066714004628998,0.020459944899324498,0.028066714004628998,0.020459944899324498,0.4189581512585165,0.08384538674214602,0.9775356401792751,0.4755192878338279,1.0
5005,ReFAM_new_sta3_j5_k1,0.9002000093460083,resnet18,cifar,resnet18cifar,0,NO,NO,0.011699153024997829,0.002294758922884875,0.02490649254034682,0.02495201535508637,0.0023036082092371822,0.001758009059257372,0.0003037736412275265,0.001758009059257372,0.0003037736412275265,0.03661877048523984,0.009932791124009481,0.280884931244642,0.03560830860534125,0.063492
5006,ReFAM_new_sta1_j2_k4,0.19200000166893,resnet34,cifar100,resnet34cifar100,2,NO,NO,0.04463010228054727,0.0036374110768603676,0.030700713135977883,0.030710172744721688,0.004320557466155676,0.0018456384933519072,0.00022651329316965844,0.0018456384933519072,0.00022651329316965844,0.04894993172413463,0.008625785994518192,0.34004426896143064,0.06676557863501484,0.05924957142857142
5007,mul8_092,0.2842999994754791,resnet18,mnist,resnet18mnist,2,NO,NO,0.1123335341381736,0.012335514037143658,0.08664663235144832,0.08661228406909789,0.011389675708386974,0.007644538879463455,0.0034345736545724954,0.007644538879463455,0.0034345736545724954,0.09497274369785776,0.03361339519774518,0.9219489746257807,0.16765578635014836,0.14285714285714285
5008,ReFAM_new2_sta3_j4_k4,0.0099999997764825,resnet34,cifar100,resnet34cifar100,2,NO,NO,0.8683371356331722,0.31651641275826053,0.510049799258836,0.5100767754318618,0.35916321379563393,0.06826874953700943,0.13908267384017292,0.06826874953700943,0.13908267384017292,0.545002717480979,0.21751670518263735,0.8032871841967545,0.36795252225519287,0.2857142857142857
5009,ReFAM_new_sta3_j7_k2,0.1134999990463256,resnet18,mnist,resnet18mnist,2,NO,NO,0.5190957527387925,0.26709722027615723,0.4087590717563504,0.4088291746641075,0.2397336026198809,0.016670370591200558,0.003943789584953899,0.016670370591200558,0.003943789584953899,0.441280624067323,0.03796286343849089,0.600282229901301,0.47477744807121663,0.06762471428571429
5010,mul8_315,0.1000000014901161,vgg16,cifar,vgg16cifar,2,NO,NO,0.787309668385965,0.466251335490281,0.6411325108350991,0.6410748560460653,0.32363960502182443,0.04710940308997645,0.04429827410917941,0.04710940308997645,0.04429827410917941,0.6022553731889685,0.12478502714032352,1.0,0.7047477744807121,1.0
5011,ReFAM_sta1_j6_k4_const0,0.101000003516674,vgg16,mnist,vgg16mnist,2,YES,NO,1.0,1.0,1.0,1.0,1.0,0.09034684994769335,0.049815365327311706,0.09034684994769335,0.049815365327311706,1.0,0.14621588052286177,0.9336311747972363,1.0,0.14285714285714285
5012,ReFAM_sta3_j2_k4_const0,0.100100003182888,resnet34,cifar,resnet34cifar,2,YES,NO,0.32670968077216156,0.009562764311008077,0.173884216439088,0.1739443378119002,0.01258315866635049,0.01762977738510155,0.011118466452327731,0.01762977738510155,0.011118466452327731,0.1475591318915457,0.06115753927733291,0.954014445446752,0.10682492581602374,0.14285714285714285
5013,mul8_474,0.1033999994397163,resnet34,mnist,resnet34mnist,2,NO,NO,0.30861932377980383,0.20076119965352968,0.29942517069766134,0.29942418426103645,0.187013187481013,0.0184636121033413,0.011710210481770946,0.0184636121033413,0.011710210481770946,0.36056772371915696,0.06283776117709583,0.9691766665512769,0.31750741839762614,0.7714285714285715
5014,ReFAM_new2_sta3_j4_k4,0.1625999957323074,vgg16,cifar,vgg16cifar,2,NO,NO,0.8683371356331722,0.31651641275826053,0.510049799258836,0.5100767754318618,0.35916321379563393,0.06826874953700943,0.13908267384017292,0.06826874953700943,0.13908267384017292,0.545002717480979,0.21751670518263735,0.8032871841967545,0.36795252225519287,0.2857142857142857
5015,ReFAM_sta1_j8_k1_const0,0.1134999990463256,resnet34,mnist,resnet34mnist,2,YES,NO,1.0,0.795658930527603,1.0,1.0,1.0,0.03694167854632706,0.01820007971863186,0.03694167854632706,0.01820007971863186,1.0,0.08189570233424696,0.7675859161984895,0.8545994065281899,0.14285714285714285
5016,ReFAM_new1_sta3_j1_k6,0.0957999974489212,resnet18,mnist,resnet18mnist,2,NO,YES,0.5823578394665586,0.06647899523603291,0.3163254287776301,0.31621880998080615,0.0825589986291111,1.0,1.0,1.0,1.0,0.299908636259012,1.0,1.0,0.1884272997032641,1.0
5017,ReFAM_new1_sta2_j3_k3,0.1040999963879585,resnet18,mnist,resnet18mnist,2,YES,YES,0.296378543299945,0.01788955621226403,0.15774111942219654,0.1576295585412668,0.023539963651554672,1.0,1.0,1.0,1.0,0.1538912405964478,1.0,0.8630370462380546,0.08902077151335312,1.0
5018,ReFAM_sta4_j4_k5_const0,0.1000000014901161,resnet18,cifar,resnet18cifar,2,YES,NO,1.0,0.4350899408707614,1.0,1.0,0.5725128824734892,0.09594248618255469,0.08115321604978376,0.09594248618255469,0.08115321604978376,1.0,0.17898207365209032,1.0,0.8545994065281899,0.14285714285714285
5019,mul8_445,0.1000000014901161,vgg16,cifar,vgg16cifar,2,NO,NO,0.2614435759278255,1.0,1.0,1.0,1.0,0.08381529522085326,0.04867401927645684,0.08381529522085326,0.04867401927645684,1.0,0.14226873996046888,1.0,1.0,0.42857142857142855
5020,mul8_315,0.1134999990463256,resnet18,mnist,resnet18mnist,2,NO,NO,0.787309668385965,0.466251335490281,0.6411325108350991,0.6410748560460653,0.32363960502182443,0.04710940308997645,0.04429827410917941,0.04710940308997645,0.04429827410917941,0.6022553731889685,0.12478502714032352,1.0,0.7047477744807121,1.0
5021,ReFAM_sta3_j3_k1_const0,0.6820999979972839,vgg16,cifar,vgg16cifar,1,YES,NO,0.048529819955546546,0.000382136397218047,0.025828955227026332,0.025911708253358926,0.000502833988373737,0.0033109471748089766,0.0013064022489784953,0.0033109471748089766,0.0013064022489784953,0.024059785269100267,0.020538865301589007,0.771563810225845,0.017804154302670624,0.14285714285714285
5022,ReFAM_new2_sta3_j2_k5,0.1032000035047531,resnet18,mnist,resnet18mnist,2,NO,NO,0.5303616037999016,0.07604195857641455,0.2894190629615173,0.2893474088291747,0.0950307930932711,0.04032760760804167,0.07277924787051165,0.04032760760804167,0.07277924787051165,0.29432265967411303,0.15557466425419347,0.9379817100362663,0.18694362017804153,0.2857142857142857
5023,mul8_240,0.9226999878883362,resnet18,cifar,resnet18cifar,0,NO,NO,0.0,0.0,0.0,0.0,0.0,0.0,0.0,0.0,0.0,0.0,0.0,0.0,0.0,0.0
5024,mul8_114,0.6373000144958496,resnet34,mnist,resnet34mnist,2,YES,NO,0.07821100448192993,0.002011577433571956,0.04162612873641298,0.04150671785028791,0.0026469331662967365,0.003847564534109531,0.0012168504819114211,0.003847564534109531,0.0012168504819114211,0.045713392780693626,0.01991036826045156,0.6920212018595407,0.04896142433234421,0.14285714285714285
5025,mul8_296,0.1107999980449676,resnet34,cifar,resnet34cifar,2,NO,NO,0.15040994768131835,1.0,1.0,1.0,1.0,0.055591390272590774,0.029611784310179228,0.055591390272590774,0.029611784310179228,1.0,0.10726473907669157,0.9886741507140253,0.9903560830860534,0.5714285714285714
5026,ReFAM_sta2_j4_k3_const1,0.1028999984264373,resnet18,mnist,resnet18mnist,2,NO,YES,0.010399247133331404,0.05313925050314626,0.19381805948151576,0.19385796545105569,0.023714960925095344,1.0,1.0,1.0,1.0,0.17488575756198743,1.0,0.9644545082459596,0.13649851632047477,1.0
5027,mul8_442,0.1330000013113021,resnet34,mnist,resnet34mnist,2,NO,NO,0.13703174607983568,0.029475550505693834,0.08670293578399248,0.08661228406909789,0.036079118108781005,1.0,1.0,1.0,1.0,0.1407786406522903,1.0,0.8823013751071599,0.2344213649851632,1.0
5028,mul8_456,0.1134999990463256,resnet18,mnist,resnet18mnist,2,NO,NO,0.9432899103987696,0.2513174675311441,0.5588084611465655,0.5587811900191939,0.25656423382675175,0.034133019674163045,0.023653957924716817,0.034133019674163045,0.023653957924716817,0.5293609879730524,0.09111042439225381,0.9956657550871635,0.6706231454005934,0.5089285714285714
5029,ReFAM_new2_sta3_j6_k2,0.5817999839782715,vgg16,mnist,vgg16mnist,2,NO,NO,0.7470125857443058,0.30379763967085316,0.44648635290990046,0.4464971209213052,0.34893418203014226,0.059041460466477666,0.11025227259557895,0.059041460466477666,0.11025227259557895,0.5097386771573992,0.19329568322554833,0.5712151972453058,0.3323442136498516,0.2857142857142857
5030,mul8_190,0.1032999977469444,resnet34,cifar,resnet34cifar,2,NO,NO,0.8803341854915514,0.22663414572134613,0.495089731118805,0.49496161228406915,0.2667191965366872,0.030118326837914454,0.017973566425462204,0.030118326837914454,0.017973566425462204,0.4985189654900366,0.07951383290637334,0.9844641195384136,0.5756676557863502,0.14285714285714285
5031,ReFAM_sta1_j6_k4_const1,0.0979999974370002,vgg16,mnist,vgg16mnist,2,NO,YES,1.0,1.0,1.0,1.0,1.0,1.0,1.0,1.0,1.0,1.0,1.0,0.9975136889647295,1.0,1.0
5032,ReFAM_sta1_j5_k4_const1,0.1000000014901161,resnet18,cifar,resnet18cifar,2,NO,YES,0.859671096355396,1.0,0.983748801425782,0.9836852207293667,0.48686802305133053,1.0,1.0,1.0,1.0,0.856556455214942,1.0,0.9932883856083112,0.7359050445103857,1.0
5033,ReFAM_sta4_j3_k2_const0,0.1652999967336654,resnet34,cifar,resnet34cifar,2,YES,NO,0.1022592634777588,0.0012411471734644485,0.054425298514091204,0.05446257197696737,0.001633162891405533,0.006825158500868163,0.0035346609236474613,0.006825158500868163,0.0035346609236474613,0.048043372955706286,0.03396496539534106,0.8789455679113154,0.02967359050445104,0.14285714285714285
5034,ReFAM_sta3_j6_k3_const1,0.1000000014901161,vgg16,cifar,vgg16cifar,2,NO,YES,0.3072110923971652,0.7691692653300385,0.7425572389573025,0.7425623800383878,0.36621716021230644,1.0,1.0,1.0,1.0,0.6759109546318391,1.0,0.9644229457389598,0.6646884272997032,1.0
5035,ReFAM_sta1_j4_k2_const1,0.099600002169609,resnet18,cifar,resnet18cifar,2,NO,YES,0.09705963991109309,0.01635543780093241,0.11807522389497753,0.11804222648752401,0.0076430766232808015,1.0,1.0,1.0,1.0,0.104137962922206,1.0,0.9107626112578372,0.0830860534124629,1.0
5036,ReFAM_new_sta1_j3_k1,0.9300000071525574,resnet34,cifar,resnet34cifar,0,NO,NO,0.007366133386109744,0.0001671349196239778,0.005996007463416828,0.005998080614203456,0.00019458627779254508,0.00047608981203938085,3.687425702761882e-05,0.00047608981203938085,3.687425702761882e-05,0.010218464226666987,0.003440312188363997,0.23067407333497592,0.011869436201780416,0.04664728571428572
5037,ReFAM_sta2_j1_k4_const1,0.1412999927997589,resnet34,cifar,resnet34cifar,2,NO,YES,0.06759510636665413,0.0024416923547244795,0.052119141797392424,0.05206333973128599,0.0014621469568180069,1.0,1.0,1.0,1.0,0.045838450584297724,1.0,1.0,0.022997032640949554,1.0
5038,ReFAM_new1_sta2_j4_k2,0.582099974155426,vgg16,mnist,vgg16mnist,2,YES,YES,0.2651808018999508,0.017029749318523427,0.14113679106196533,0.14107485604606526,0.022408587177713764,1.0,1.0,1.0,1.0,0.1432376659497821,1.0,0.7188666412809084,0.0830860534124629,1.0
5039,ReFAM_new2_sta4_j5_k3,0.1000000014901161,vgg16,cifar,vgg16cifar,2,NO,NO,1.0,1.0,1.0,1.0,1.0,1.0,1.0,1.0,1.0,1.0,1.0,1.0,1.0,0.2857142857142857
5040,ReFAM_new2_sta1_j4_k4,0.1243000030517578,resnet34,mnist,resnet34mnist,2,NO,NO,0.3223766611332735,0.28295607979007975,0.3350845709363327,0.33517274472168906,0.27034181916989514,0.01894692908520291,0.027153500508337973,0.01894692908520291,0.027153500508337973,0.422629142836154,0.09413198736437302,0.5428781748318533,0.36795252225519287,0.2857142857142857
5041,mul8_122,0.1504999995231628,vgg16,mnist,vgg16mnist,2,NO,NO,0.2969404839508731,1.0,1.0,1.0,1.0,0.07513636766058318,0.039163972797333815,0.07513636766058318,0.039163972797333815,1.0,0.12759684228755008,1.0,1.0,0.42857142857142855
5042,mul8_049,0.1134999990463256,resnet18,mnist,resnet18mnist,2,NO,NO,1.0,1.0,1.0,1.0,1.0,0.06299743254792065,0.04661608455091545,0.06299743254792065,0.04661608455091545,1.0,0.13229041639048625,1.0,1.0,0.14285714285714285
5043,mul8_336,0.2863999903202057,vgg16,mnist,vgg16mnist,2,NO,NO,0.33747452383771237,1.0,1.0,1.0,1.0,0.057151555557964605,0.0334941168000871,0.057151555557964605,0.0334941168000871,1.0,0.11339146557747083,0.9860025372183047,0.9376854599406528,1.0
5044,mul8_220,0.1140000000596046,resnet18,mnist,resnet18mnist,2,NO,NO,0.9079842653289981,1.0,1.0,1.0,1.0,0.08558143484616065,0.05227189321215165,0.08558143484616065,0.05227189321215165,1.0,0.14692275308575625,1.0,1.0,0.8660714285714286
5045,mul8_265,0.1203000023961067,vgg16,cifar,vgg16cifar,2,NO,NO,0.3012531903936941,0.022189159783965556,0.16933496255495187,0.16938579654510558,0.025545179109743132,0.014450726059548264,0.007176432784375149,0.014450726059548264,0.007176432784375149,0.1630950878183161,0.04919071675534297,0.9301511538641671,0.19881305637982197,0.14285714285714285
5046,mul8_145,0.1150000020861625,resnet34,mnist,resnet34mnist,2,NO,NO,0.27135535488536633,0.04379019087713041,0.17573184278319362,0.17562380038387718,0.04528138836369668,0.013501256624152838,0.007575025943673695,0.013501256624152838,0.007575025943673695,0.1908300901944252,0.05028050972453617,0.929530085178043,0.19955489614243324,0.21428571428571427
5047,mul8_026,0.1018999963998794,vgg16,cifar,vgg16cifar,2,NO,NO,0.05949777418327416,1.0,0.6872720871440021,0.6871401151631478,1.0,0.033749979673584875,0.03855115776387481,0.033749979673584875,0.03855115776387481,0.955146246640782,0.11406101646333817,0.9494307549140787,1.0,1.0
5048,ReFAM_sta1_j3_k2_const0,0.1189000010490417,resnet18,cifar,resnet18cifar,2,YES,NO,0.14558945986663965,0.004088859450233103,0.077486865681079,0.07749520153550864,0.005380323675598985,0.007375326803585398,0.0030149094912581675,0.007375326803585398,0.0030149094912581675,0.07472324088715121,0.03152487415130507,0.8192893752456275,0.06231454005934718,0.14285714285714285
5049,mul8_327,0.101000003516674,vgg16,mnist,vgg16mnist,2,NO,NO,1.0,1.0,1.0,1.0,1.0,0.09031794126840442,0.05873015594298889,0.09031794126840442,0.05873015594298889,1.0,0.1555769035548151,1.0,1.0,1.0
5050,mul8_222,0.0996999964118003,resnet18,cifar,resnet18cifar,2,NO,NO,1.0,1.0,1.0,1.0,1.0,0.06420256311577746,0.04275306714802205,0.06420256311577746,0.04275306714802205,1.0,0.12798274842801097,1.0,1.0,0.2857142857142857
5051,mul8_160,0.1137999966740608,resnet34,mnist,resnet34mnist,2,NO,NO,0.30591118650549876,0.06765705009808168,0.21680350502759876,0.21689059500959693,0.06379536229376997,0.016201507948983406,0.010456485742831909,0.016201507948983406,0.010456485742831909,0.23062249310352867,0.059136197249541694,0.9520260075057678,0.3353115727002967,1.0
5052,ReFAM_sta4_j1_k3_const1,0.4697999954223633,resnet18,cifar,resnet18cifar,2,NO,YES,0.05719585923332272,0.00030809747025705044,0.030671884332093773,0.030710172744721688,0.0003880595157906919,1.0,1.0,1.0,1.0,0.02599928430197783,1.0,0.986328343742173,0.01112759643916914,1.0
5053,ReFAM_sta2_j1_k6_const0,0.1213999986648559,vgg16,mnist,vgg16mnist,2,YES,NO,0.8406058099442885,0.05441224237637887,0.4473944030395633,0.44745681381957775,0.07159832209037457,0.03485573665638601,0.02259865180692639,0.03485573665638601,0.02259865180692639,0.37286282584417896,0.08944289186268012,0.9823514678602046,0.23071216617210683,0.14285714285714285
5054,mul8_254,0.1039000004529953,resnet34,mnist,resnet34mnist,2,NO,NO,0.255810650397271,1.0,1.0,1.0,1.0,0.08253427936986306,0.04657218662588257,0.08253427936986306,0.04657218662588257,1.0,0.13938452075980964,1.0,1.0,0.42857142857142855
5055,mul8_418,0.1586000025272369,resnet34,mnist,resnet34mnist,2,NO,NO,0.045930008172213696,0.08887995025857896,0.2498090207050514,0.24976007677543188,0.04086339425820502,0.02248733890186768,0.016214137590144388,0.02248733890186768,0.016214137590144388,0.22682617573547875,0.07409397896848857,0.9577428938542708,0.18397626112759644,0.2857142857142857
5056,mul8_372,0.100500002503395,resnet34,cifar,resnet34cifar,2,NO,NO,1.0,0.776625920974193,0.9454194178070839,0.9452975047984645,0.7372008300748149,0.05257585366426543,0.03845107049479986,0.05257585366426543,0.03845107049479986,0.8962876299056917,0.11869189014886869,0.9989126207265893,1.0,0.14285714285714285
5057,ReFAM_new1_sta4_j5_k2,0.1000000014901161,resnet34,cifar,resnet34cifar,2,NO,YES,1.0,1.0,1.0,1.0,1.0,1.0,1.0,1.0,1.0,1.0,1.0,1.0,1.0,1.0
5058,mul8_271,0.0105999996885657,resnet34,cifar100,resnet34cifar100,2,NO,NO,1.0,0.4077479026443839,0.6852467686574868,0.6852207293666027,0.3697422182349284,0.04395203327388986,0.03149763916959173,0.04395203327388986,0.03149763916959173,0.6437058916891685,0.10636304735971529,0.998197882664853,0.8100890207715133,0.14285714285714285
5059,mul8_125,0.7006999850273132,vgg16,cifar,vgg16cifar,0,NO,NO,0.024373235468745477,0.0007692454207321733,0.015076501380343645,0.015115163147792706,0.0009395472348066162,0.0014490475493570527,0.0003213328112406783,0.0014490475493570527,0.0003213328112406783,0.023088446780373865,0.010165678388658986,0.44245544086713406,0.026706231454005934,0.14285714285714285
5060,mul8_216,0.1011999994516372,resnet34,cifar,resnet34cifar,2,NO,NO,0.6094392122096091,0.1060136799862431,0.3546032356625905,0.35460652591170827,0.11421977621330473,0.026478543436194026,0.016517911231371918,0.026478543436194026,0.016517911231371918,0.3429404393444491,0.07562864632784555,0.9798651568249339,0.4280415430267062,0.14285714285714285
5061,mul8_127,0.9837999939918518,resnet18,mnist,resnet18mnist,0,NO,NO,0.01939026288402418,0.0007474268208799327,0.015162980412294478,0.015115163147792706,0.0008315707090014593,0.0014409169833070445,0.00031255322623410233,0.0014409169833070445,0.00031255322623410233,0.022074406353253674,0.010031320351361195,0.46234185656775045,0.02967359050445104,0.14285714285714285
5062,ReFAM_sta2_j1_k5_const1,0.1257999986410141,resnet18,cifar,resnet18cifar,2,NO,YES,0.09532643205553787,0.010211799098158102,0.09573433254688346,0.09572936660268715,0.005323180933953743,1.0,1.0,1.0,1.0,0.08520405337139735,1.0,1.0,0.04673590504451038,1.0
5063,ReFAM_sta2_j1_k1_const0,0.9890999794006348,vgg16,mnist,vgg16mnist,0,YES,NO,0.006932831422220936,1.592234988408529e-05,0.003689850746718048,0.003598848368522073,2.0951416182239038e-05,0.0005989516990172855,0.00019315087014467003,0.0005989516990172855,0.00019315087014467003,0.004060406186414293,0.007856213014218065,0.5090726935443474,0.002225519287833828,0.14285714285714285
5064,ReFAM_sta3_j3_k3_const1,0.1000000014901161,resnet34,cifar,resnet34cifar,2,NO,YES,0.09445982812776024,0.009379657287341095,0.09178503732461143,0.09189059500959693,0.005082551673108913,1.0,1.0,1.0,1.0,0.08219467520552402,1.0,0.9624660703049752,0.06231454005934718,1.0
5065,ReFAM_new_sta3_j1_k1,0.9890999794006348,vgg16,mnist,vgg16mnist,0,NO,NO,0.0,0.0,0.0,0.0,0.0,0.0,0.0,0.0,0.0,0.0,0.0,0.0,0.0,0.0
5066,mul8_086,0.9923999905586244,resnet34,mnist,resnet34mnist,0,NO,NO,0.0,0.0,0.0,0.0,0.0,0.0,0.0,0.0,0.0,0.0,0.0,0.0,0.0,0.0
5067,mul8_299,0.9312000274658204,resnet34,cifar,resnet34cifar,0,NO,NO,0.0,0.0,0.0,0.0,0.0,0.0,0.0,0.0,0.0,0.0,0.0,0.0,0.0,0.0
5068,mul8_471,0.1000000014901161,vgg16,cifar,vgg16cifar,2,NO,NO,0.8863191671345577,0.4824689827656485,0.6747967681866619,0.6746641074856046,0.348228472210455,0.04864427328097248,0.044654725260446386,0.04864427328097248,0.044654725260446386,0.6303197557149195,0.12563596137654287,1.0,0.7255192878338279,1.0
5069,ReFAM_new2_sta3_j1_k5,0.0998999997973442,resnet34,cifar,resnet34cifar,2,NO,NO,0.29551193937216735,0.019210116105775353,0.15890861033756262,0.1588291746641075,0.024643636537089526,0.022650853619095628,0.034623171431932755,0.022650853619095628,0.034623171431932755,0.15608962842083365,0.10647351952371568,0.9545113003956514,0.09347181008902077,0.2857142857142857
5070,mul8_376,0.0091000003740191,resnet34,cifar100,resnet34cifar100,2,NO,NO,0.3793017101055814,1.0,1.0,1.0,1.0,0.07309559558203108,0.03666705882146363,0.07309559558203108,0.03666705882146363,1.0,0.12362208368415709,1.0,1.0,0.44642857142857145
5071,mul8_452,0.099600002169609,resnet34,cifar,resnet34cifar,2,NO,NO,0.20384149437014917,1.0,1.0,1.0,1.0,0.04618071176781994,0.025596002128171407,0.04618071176781994,0.025596002128171407,1.0,0.09786714080125163,0.8993593829224438,1.0,0.14285714285714285
5072,ReFAM_new1_sta3_j3_k3,0.1009000018239021,resnet34,mnist,resnet34mnist,2,NO,YES,0.30937760221660926,0.016949142422235244,0.16627389927398203,0.16626679462571978,0.021644842588885865,1.0,1.0,1.0,1.0,0.15601919661512412,1.0,0.9192142361160603,0.08902077151335312,1.0
5073,ReFAM_new1_sta1_j4_k5,0.1134999990463256,resnet34,mnist,resnet34mnist,2,NO,YES,1.0,1.0,1.0,1.0,1.0,1.0,1.0,1.0,1.0,1.0,1.0,0.8869003378206395,0.7477744807121661,1.0
5074,ReFAM_new_sta3_j6_k3,0.1134999990463256,resnet18,mnist,resnet18mnist,2,NO,NO,0.560042788326285,0.2740254203245612,0.42518323208432085,0.42514395393474086,0.24739749134080688,0.017792388706101718,0.004231759973169588,0.017792388706101718,0.004231759973169588,0.45326655333062404,0.03948558786119919,0.6504778156301607,0.49851632047477745,0.06762471428571429
5075,mul8_277,0.1134999990463256,resnet34,mnist,resnet34mnist,2,NO,NO,0.4618051078342652,0.09749355976613253,0.2945718841815479,0.2946257197696737,0.09583327440349455,0.020148446068148595,0.00893586161969296,0.020148446068148595,0.00893586161969296,0.2976511099719897,0.05578844282020506,0.8699349812355806,0.4035608308605341,0.5079365714285714
5076,mul8_145,0.3510000109672546,vgg16,cifar,vgg16cifar,2,NO,NO,0.27135535488536633,0.04379019087713041,0.17573184278319362,0.17562380038387718,0.04528138836369668,0.013501256624152838,0.007575025943673695,0.013501256624152838,0.007575025943673695,0.1908300901944252,0.05028050972453617,0.929530085178043,0.19955489614243324,0.21428571428571427
5077,ReFAM_sta2_j1_k6_const0,0.1000000014901161,resnet34,cifar,resnet34cifar,2,YES,NO,0.8406058099442885,0.05441224237637887,0.4473944030395633,0.44745681381957775,0.07159832209037457,0.03485573665638601,0.02259865180692639,0.03485573665638601,0.02259865180692639,0.37286282584417896,0.08944289186268012,0.9823514678602046,0.23071216617210683,0.14285714285714285
5078,ReFAM_new2_sta1_j2_k7,0.24269999563694,vgg16,cifar,vgg16cifar,2,NO,NO,0.6655518165332098,1.0,0.6820962966030734,0.682101727447217,0.8975542037125588,0.033801473258568256,0.041871596813361826,0.033801473258568256,0.041871596813361826,0.8017380292573325,0.11860157169046297,0.6639326069205378,0.7566765578635015,0.2857142857142857
5079,mul8_447,0.1134999990463256,resnet34,mnist,resnet34mnist,2,NO,NO,0.775123054118008,0.310813138205997,0.5542190063385437,0.5542226487523992,0.240365804043909,0.03520896458144749,0.02575052282428714,0.03520896458144749,0.02575052282428714,0.5199926401618853,0.09495679642667335,0.9959447269232258,0.620919881305638,0.344246
5080,mul8_288,0.7807999849319458,vgg16,mnist,vgg16mnist,2,NO,NO,1.0,0.9780736611851323,0.8575849118047447,0.8574856046065259,0.7568702980896859,0.048634335922466916,0.03654238871437025,0.048634335922466916,0.03654238871437025,0.8524663322691179,0.11493509013931436,0.9999531653121939,1.0,0.21651785714285715
5081,ReFAM_sta3_j1_k6_const1,0.1000000014901161,resnet34,cifar,resnet34cifar,2,NO,YES,0.12999058916664255,0.04157882836980613,0.18157380635763645,0.1816218809980806,0.020016578356478465,1.0,1.0,1.0,1.0,0.16277114590582653,1.0,1.0,0.13204747774480713,1.0
5082,mul8_023,0.1072999984025955,resnet34,mnist,resnet34mnist,2,NO,NO,1.0,1.0,1.0,1.0,1.0,0.09031794126840442,0.05873015594298889,0.09031794126840442,0.05873015594298889,1.0,0.1555769035548151,1.0,1.0,1.0
5083,ReFAM_new2_sta2_j2_k3,0.0103000001981854,resnet34,cifar100,resnet34cifar100,2,YES,NO,0.13172379702219777,0.0038341018520877384,0.0701071641876429,0.07005758157389635,0.005045101016683161,0.009605812089971036,0.010345862971749052,0.009605812089971036,0.010345862971749052,0.06964777105125776,0.05784113505669909,0.8073577294543351,0.04451038575667656,0.2857142857142857
5084,mul8_318,0.7087000012397766,vgg16,cifar,vgg16cifar,0,YES,NO,0.001733207855555234,0.0008144281965709627,0.000922462686679512,0.0009596928982725527,0.001071664937721527,5.691396235005881e-05,3.1606506023673276e-05,5.691396235005881e-05,3.1606506023673276e-05,0.021655499660876227,0.0031544281423359186,0.0009947280431856548,0.18991097922848665,0.07128928571428571
5085,mul8_031,0.1000000014901161,resnet18,cifar,resnet18cifar,2,NO,NO,1.0,1.0,0.7306458509591355,0.7305662188099808,1.0,0.028770459666068615,0.023209710923384076,0.028770459666068615,0.023209710923384076,1.0,0.08904802851973272,0.7945565875024689,0.8100890207715133,0.8401544285714285
5086,mul8_437,0.1076999977231025,resnet34,mnist,resnet34mnist,2,NO,NO,1.0,1.0,1.0,1.0,1.0,0.09031794126840442,0.05873015594298889,0.09031794126840442,0.05873015594298889,1.0,0.1555769035548151,1.0,1.0,1.0
5087,ReFAM_new1_sta2_j5_k1,0.1001999974250793,resnet18,cifar,resnet18cifar,2,YES,YES,0.21838418979995947,0.015282271418745065,0.11623029852161851,0.11612284069097889,0.02010916925171303,1.0,1.0,1.0,1.0,0.126735563440329,1.0,0.5468550507138217,0.0712166172106825,1.0
5088,ReFAM_new1_sta1_j4_k3,0.1000000014901161,resnet34,cifar,resnet34cifar,2,NO,YES,0.6759510636665412,0.12133785952666039,0.38697309706205524,0.38699616122840697,0.13464610934407514,1.0,1.0,1.0,1.0,0.37343965797477074,1.0,0.7894607698400902,0.17804154302670624,1.0
5089,ReFAM_sta1_j4_k3_const1,0.1000000014901161,resnet18,cifar,resnet18cifar,2,NO,YES,0.20798494266662806,0.0709754668432986,0.24860369406012847,0.2485604606525912,0.0323927226666575,1.0,1.0,1.0,1.0,0.21776971043042742,1.0,0.9644545082459596,0.17804154302670624,1.0
5090,ReFAM_new1_sta2_j4_k5,0.1000000014901161,resnet34,cifar,resnet34cifar,2,NO,YES,1.0,1.0,0.9922311336381584,0.9920825335892515,1.0,1.0,1.0,1.0,1.0,1.0,1.0,0.8910329899468324,0.7477744807121661,1.0
5091,ReFAM_new_sta3_j4_k3,0.2082999944686889,resnet34,cifar100,resnet34cifar100,2,NO,NO,0.04712158857290792,0.011652644256489951,0.06787307394587828,0.0678982725527831,0.010436172265949646,0.00431100679896001,0.0008516197456378633,0.00431100679896001,0.0008516197456378633,0.08391506118589538,0.01681640123489965,0.4556302421760618,0.0830860534124629,0.06762471428571429
5092,mul8_037,0.1134999990463256,resnet18,mnist,resnet18mnist,2,NO,NO,1.0,1.0,1.0,1.0,1.0,0.04669022724028713,0.02454947559538756,0.04669022724028713,0.02454947559538756,1.0,0.09632276980586756,0.9053715314332026,1.0,0.5714285714285714
5093,mul8_017,0.101000003516674,vgg16,mnist,vgg16mnist,2,NO,NO,0.9651259652832505,1.0,1.0,1.0,1.0,0.08996561673957074,0.058724888191984945,0.08996561673957074,0.058724888191984945,1.0,0.1554335883150308,1.0,1.0,1.0
5094,mul8_349,0.1134999990463256,resnet34,mnist,resnet34mnist,2,NO,NO,0.3613467582437311,0.15880903241790437,0.3289795615920071,0.32893474088291746,0.12126560115709747,0.02428238720646398,0.01631246894221804,0.02428238720646398,0.01631246894221804,0.33355874091774096,0.07469037936738264,0.9848062163884754,0.3694362017804154,0.16071428571428573
5095,mul8_497,0.1000000014901161,resnet18,cifar,resnet18cifar,2,NO,NO,0.7330385974088918,0.15654485890250427,0.4356404351438034,0.43570057581573896,0.15973760700740317,0.03009845212090332,0.020481015903340283,0.03009845212090332,0.020481015903340283,0.41469600514419896,0.08436191875220198,0.981667274160081,0.5459940652818991,0.42857142857142855
5096,ReFAM_new_sta2_j2_k3,0.9868999719619752,resnet18,mnist,resnet18mnist,0,NO,NO,0.012132454988886637,0.0004959811988892569,0.01130016791182402,0.011276391554702494,0.0005467664933711526,0.0007272339633618626,4.389792503287955e-05,0.0007272339633618626,4.389792503287955e-05,0.017542960565965833,0.0037650107785003255,0.25055947089020525,0.011869436201780416,0.031746
5097,mul8_344,0.9294000267982484,resnet34,cifar,resnet34cifar,0,NO,NO,0.0,0.0,0.0,0.0,0.0,0.0,0.0,0.0,0.0,0.0,0.0,0.0,0.0,0.0
5098,ReFAM_new_sta3_j4_k4,0.1134999990463256,resnet18,mnist,resnet18mnist,2,NO,NO,0.20711833873885044,0.05960352552671133,0.177992057168245,0.17802303262955857,0.054386829603867926,0.009228192466759535,0.002024572302516405,0.009228192466759535,0.002024572302516405,0.202057061868049,0.026471519081827034,0.5785794428301184,0.22551928783382788,0.06762471428571429
5099,mul8_148,0.1172000020742416,resnet18,cifar,resnet18cifar,2,NO,NO,0.5045801369485174,0.22877041991694902,0.39539158378696115,0.39539347408829173,0.19735295690078453,1.0,1.0,1.0,1.0,0.4128142721566668,1.0,0.9865767712166227,0.7225519287833828,1.0
5100,ReFAM_sta2_j4_k2_const0,0.1146000027656555,resnet18,cifar,resnet18cifar,2,YES,NO,0.3223766611332735,0.009626652739917968,0.1715780597223892,0.17154510556621883,0.012667226223781722,0.015880802288121967,0.008131651633090606,0.015880802288121967,0.008131651633090606,0.1462247416579422,0.052464574264165814,0.9376080506792048,0.0830860534124629,0.14285714285714285
5101,ReFAM_new_sta1_j2_k6,0.0099999997764825,resnet34,cifar100,resnet34cifar100,2,NO,NO,0.1902195621471869,0.060303462079331516,0.12811421189112557,0.1281190019193858,0.0717623343855607,0.004946094347088444,0.0008428401606312873,0.004946094347088444,0.0008428401606312873,0.20051446212601853,0.016849244310683555,0.40218779080777617,0.28041543026706234,0.06074242857142857
5102,ReFAM_new2_sta3_j5_k4,0.1851000040769577,vgg16,mnist,vgg16mnist,2,NO,NO,1.0,1.0,0.9174143657224791,0.9174664107485605,1.0,0.10847259186184541,0.22875384326333664,0.10847259186184541,0.22875384326333664,1.0,0.2839328687530977,0.7541942499221119,0.7359050445103857,0.2857142857142857
5103,ReFAM_sta4_j4_k5_const0,0.1000000014901161,vgg16,cifar,vgg16cifar,2,YES,NO,1.0,0.4350899408707614,1.0,1.0,0.5725128824734892,0.09594248618255469,0.08115321604978376,0.09594248618255469,0.08115321604978376,1.0,0.17898207365209032,1.0,0.8545994065281899,0.14285714285714285
5104,ReFAM_sta2_j3_k6_const1,0.1009000018239021,resnet34,mnist,resnet34mnist,2,NO,YES,0.4177030931888114,0.9776951761648791,0.8418021545422255,0.8416506717850288,0.4749633990781219,1.0,1.0,1.0,1.0,0.7674776374279731,1.0,1.0,0.7062314540059347,1.0
5105,mul8_322,0.9915000200271606,resnet34,mnist,resnet34mnist,0,NO,NO,0.0,0.0,0.0,0.0,0.0,0.0,0.0,0.0,0.0,0.0,0.0,0.0,0.0,0.0
5106,ReFAM_new1_sta4_j2_k1,0.101000003516674,vgg16,mnist,vgg16mnist,2,NO,YES,1.0,1.0,1.0,1.0,1.0,1.0,1.0,1.0,1.0,1.0,1.0,1.0,1.0,1.0
5107,ReFAM_sta1_j1_k6_const1,0.1000000014901161,resnet34,cifar,resnet34cifar,2,NO,YES,0.22705022907773564,0.07465910248898174,0.2587147485312106,0.258637236084453,0.03381732735069707,1.0,1.0,1.0,1.0,0.2254043595428068,1.0,1.0,0.18545994065281898,1.0
5108,mul8_145,0.1284999996423721,resnet18,mnist,resnet18mnist,2,NO,NO,0.27135535488536633,0.04379019087713041,0.17573184278319362,0.17562380038387718,0.04528138836369668,0.013501256624152838,0.007575025943673695,0.013501256624152838,0.007575025943673695,0.1908300901944252,0.05028050972453617,0.929530085178043,0.19955489614243324,0.21428571428571427
5109,mul8_281,0.1081999987363815,resnet34,mnist,resnet34mnist,2,NO,NO,0.03238932180068843,1.0,1.0,1.0,1.0,0.08036161144205527,0.045090192676772556,0.08036161144205527,0.045090192676772556,1.0,0.13680708574431366,1.0,1.0,0.42857142857142855
5110,mul8_200,0.0099999997764825,resnet34,cifar100,resnet34cifar100,2,NO,NO,1.0,1.0,1.0,1.0,1.0,0.07928837672345415,0.04395235845992032,0.07928837672345415,0.04395235845992032,1.0,0.13504923475633424,1.0,1.0,0.36160714285714285
5111,mul8_455,0.9922999739646912,resnet34,mnist,resnet34mnist,0,NO,NO,0.0016519620041182267,2.436361551983288e-06,0.0009152564081711715,0.0009596928982725527,3.1262865170489803e-06,0.0001599011323168319,4.0386091030249185e-05,0.0001599011323168319,4.0386091030249185e-05,0.0013481712522002225,0.0035910917635537404,0.25254790883118944,0.000741839762611276,0.14285714285714285
5112,mul8_437,0.1134999990463256,resnet18,mnist,resnet18mnist,2,NO,NO,1.0,1.0,1.0,1.0,1.0,0.09031794126840442,0.05873015594298889,0.09031794126840442,0.05873015594298889,1.0,0.1555769035548151,1.0,1.0,1.0
5113,mul8_030,0.1215000003576278,resnet34,cifar,resnet34cifar,2,NO,NO,0.18761975036385406,0.029379074134461062,0.14965065304897238,0.14971209213051823,0.023363544212644683,0.013281731340802612,0.007046494926277825,0.013281731340802612,0.007046494926277825,0.14922107779914473,0.048539080274448684,0.9417101584437853,0.19881305637982197,0.21428571428571427
5114,ReFAM_sta2_j4_k6_const1,0.1027999967336654,resnet18,mnist,resnet18mnist,2,NO,YES,0.010399247133331404,1.0,1.0,1.0,1.0,1.0,1.0,1.0,1.0,1.0,1.0,1.0,1.0,1.0
5115,mul8_353,0.101000003516674,vgg16,mnist,vgg16mnist,2,NO,NO,1.0,1.0,1.0,1.0,1.0,0.06365510500174355,0.04281979199407203,0.06365510500174355,0.04281979199407203,1.0,0.12788048703295654,1.0,1.0,0.2857142857142857
5116,mul8_164,0.1614000052213668,vgg16,mnist,vgg16mnist,2,NO,NO,0.28294618241939196,1.0,1.0,1.0,1.0,0.07380024463969848,0.036756610588530705,0.07380024463969848,0.036756610588530705,1.0,0.12402291849542883,1.0,1.0,0.4330357142857143
5117,mul8_257,0.1134999990463256,resnet34,mnist,resnet34mnist,2,NO,NO,0.6547192674359896,0.49437179762056405,0.6166866887807786,0.6166026871401151,0.3318198439422539,0.041970885346371146,0.029360688178991155,0.041970885346371146,0.029360688178991155,0.5913874307511597,0.10256146133772832,1.0,0.81973293768546,0.42857142857142855
5118,ReFAM_new_sta1_j4_k2,0.8980000019073486,resnet34,cifar,resnet34cifar,1,NO,NO,0.038997176749992764,0.00335464009120322,0.028365727615394992,0.02831094049904031,0.003953990550007776,0.0016107554741294423,0.0001826153681367789,0.0016107554741294423,0.0001826153681367789,0.046493177547169744,0.007712151340893212,0.2863533901186954,0.05934718100890208,0.05442171428571429
5119,ReFAM_sta2_j7_k3_const1,0.1009000018239021,resnet34,mnist,resnet34mnist,2,NO,YES,0.055462651377767486,1.0,1.0,1.0,1.0,1.0,1.0,1.0,1.0,1.0,1.0,0.9617197697362392,1.0,1.0
5120,mul8_288,0.1134999990463256,resnet18,mnist,resnet18mnist,2,NO,NO,1.0,0.9780736611851323,0.8575849118047447,0.8574856046065259,0.7568702980896859,0.048634335922466916,0.03654238871437025,0.048634335922466916,0.03654238871437025,0.8524663322691179,0.11493509013931436,0.9999531653121939,1.0,0.21651785714285715
5121,ReFAM_new2_sta2_j2_k6,0.0105999996885657,resnet34,cifar100,resnet34cifar100,2,NO,NO,0.459300081722137,0.3006259075739434,0.4337592532970071,0.43378119001919385,0.23752026254807468,0.043921317802145386,0.07496185270314643,0.043921317802145386,0.07496185270314643,0.45287638077935916,0.15843872974925804,0.9011309558959781,0.3768545994065282,0.2857142857142857
5122,ReFAM_new2_sta1_j1_k8,0.0110999997705221,resnet34,cifar100,resnet34cifar100,2,NO,NO,0.6690182322443203,1.0,0.6834079241581584,0.6833013435700576,0.8982825012205099,0.034081526089179665,0.04252655385485239,0.034081526089179665,0.04252655385485239,0.8025373391636904,0.11952789571427717,0.6711410762611257,0.7581602373887241,0.2857142857142857
5123,mul8_318,0.9244999885559082,resnet18,cifar,resnet18cifar,0,YES,NO,0.001733207855555234,0.0008144281965709627,0.000922462686679512,0.0009596928982725527,0.001071664937721527,5.691396235005881e-05,3.1606506023673276e-05,5.691396235005881e-05,3.1606506023673276e-05,0.021655499660876227,0.0031544281423359186,0.0009947280431856548,0.18991097922848665,0.07128928571428571
5124,ReFAM_sta2_j3_k6_const1,0.1027999967336654,resnet18,mnist,resnet18mnist,2,NO,YES,0.4177030931888114,0.9776951761648791,0.8418021545422255,0.8416506717850288,0.4749633990781219,1.0,1.0,1.0,1.0,0.7674776374279731,1.0,1.0,0.7062314540059347,1.0
5125,mul8_168,0.9919999837875366,resnet34,mnist,resnet34mnist,0,NO,NO,0.0,0.0,0.0,0.0,0.0,0.0,0.0,0.0,0.0,0.0,0.0,0.0,0.0,0.0
5126,ReFAM_new2_sta1_j2_k3,0.231000006198883,resnet34,cifar100,resnet34cifar100,2,NO,NO,0.041596988533325614,0.004203500369398518,0.04070366604973347,0.0407869481765835,0.004094937917191732,0.004505236987932433,0.004129916787093308,0.004505236987932433,0.004129916787093308,0.051786761575647544,0.03639236726918782,0.5011189417804105,0.04451038575667656,0.2857142857142857
5127,ReFAM_new2_sta2_j5_k1,0.6744999885559082,vgg16,cifar,vgg16cifar,1,YES,NO,0.16985436984441293,0.012938501515807709,0.09040134329459217,0.0904510556621881,0.01702512078968744,0.010683563789711038,0.011431019678561834,0.010683563789711038,0.011431019678561834,0.10881753774104916,0.06087016236422373,0.4474270447922881,0.0712166172106825,0.2857142857142857
5128,ReFAM_new1_sta3_j3_k3,0.1000000014901161,resnet34,cifar,resnet34cifar,2,NO,YES,0.30937760221660926,0.016949142422235244,0.16627389927398203,0.16626679462571978,0.021644842588885865,1.0,1.0,1.0,1.0,0.15601919661512412,1.0,0.9192142361160603,0.08902077151335312,1.0
5129,ReFAM_sta1_j1_k2_const1,0.4099000096321106,resnet34,mnist,resnet34mnist,2,NO,YES,0.019065286411107572,0.00020619443099890455,0.015451250001881824,0.015355086372360844,0.00010416782652135297,1.0,1.0,1.0,1.0,0.013191980885101902,1.0,0.9545113003956514,0.00741839762611276,1.0
5130,mul8_445,0.1307999938726425,vgg16,mnist,vgg16mnist,2,NO,NO,0.2614435759278255,1.0,1.0,1.0,1.0,0.08381529522085326,0.04867401927645684,0.08381529522085326,0.04867401927645684,1.0,0.14226873996046888,1.0,1.0,0.42857142857142855
5131,ReFAM_new1_sta3_j3_k2,0.0997999981045723,resnet34,mnist,resnet34mnist,2,NO,YES,0.16465474627774723,0.004304607291162459,0.08809518657789339,0.08805182341650672,0.005564434245300411,1.0,1.0,1.0,1.0,0.08129830534968611,1.0,0.8650254841790388,0.04154302670623145,1.0
5132,mul8_223,0.1134999990463256,resnet18,mnist,resnet18mnist,2,NO,NO,1.0,1.0,1.0,1.0,1.0,0.09031794126840442,0.05873015594298889,0.09031794126840442,0.05873015594298889,1.0,0.1555769035548151,1.0,1.0,1.0
5133,mul8_047,0.0100999996066093,resnet34,cifar100,resnet34cifar100,2,NO,NO,1.0,0.4398159057906402,0.691510548589593,0.6914587332053743,0.3584231950598025,0.04750509063774353,0.03624212690714535,0.04750509063774353,0.03624212690714535,0.6434672751522802,0.11419537450063597,0.9963336584610937,0.7603857566765578,0.14732142857142858
5134,ReFAM_sta4_j3_k6_const1,0.1000000014901161,vgg16,cifar,vgg16cifar,2,NO,YES,0.8733201082178935,0.4362357529742949,0.6742945499812275,0.6741842610364683,0.28025000802117006,1.0,1.0,1.0,1.0,0.6059868106800343,1.0,1.0,0.47774480712166173,1.0
5135,mul8_035,0.0225000008940696,resnet34,cifar100,resnet34cifar100,2,NO,NO,0.10399247133331403,0.03960206863169694,0.1056652189857049,0.10556621880998081,0.042136454717500584,0.00989128529794911,0.006351151793757013,0.00989128529794911,0.006351151793757013,0.15630073435234026,0.045630228766951504,0.744841566396315,0.20771513353115728,0.2857142857142857
5136,mul8_455,0.9890999794006348,vgg16,mnist,vgg16mnist,0,NO,NO,0.0016519620041182267,2.436361551983288e-06,0.0009152564081711715,0.0009596928982725527,3.1262865170489803e-06,0.0001599011323168319,4.0386091030249185e-05,0.0001599011323168319,4.0386091030249185e-05,0.0013481712522002225,0.0035910917635537404,0.25254790883118944,0.000741839762611276,0.14285714285714285
5137,mul8_415,0.1622000038623809,vgg16,mnist,vgg16mnist,2,NO,NO,0.28814580598605766,1.0,1.0,1.0,1.0,0.07394298124368752,0.036883036612625396,0.07394298124368752,0.036883036612625396,1.0,0.12424087708926748,1.0,1.0,0.4330357142857143
5138,mul8_095,0.1000000014901161,vgg16,cifar,vgg16cifar,2,NO,NO,0.31398143904934356,1.0,1.0,1.0,1.0,0.07454102954647703,0.037655640093204074,0.07454102954647703,0.037655640093204074,1.0,0.12546428166221793,1.0,1.0,0.42857142857142855
5139,ReFAM_sta3_j1_k3_const1,0.9858999848365784,vgg16,mnist,vgg16mnist,0,NO,YES,0.048529819955546546,0.000436272386823937,0.028596343287064868,0.028550863723608447,0.00038864877018053416,1.0,1.0,1.0,1.0,0.024698487162223233,1.0,0.986328343742173,0.01112759643916914,1.0
5140,mul8_361,0.1032000035047531,resnet18,cifar,resnet18cifar,2,NO,NO,0.5437668850409194,0.33173717768068683,0.5070815209647431,0.506957773512476,0.22307852844134657,0.03772401967958343,0.02863022670644404,0.03772401967958343,0.02863022670644404,0.4857062590259953,0.10027886757074696,0.9958357853668072,0.6535608308605341,0.15178571428571427
5141,ReFAM_sta4_j3_k2_const1,0.1084000021219253,resnet34,mnist,resnet34mnist,2,NO,YES,0.09186001634442739,0.0012411471734644485,0.050735447767373154,0.05062380038387716,0.0014068875966373514,1.0,1.0,1.0,1.0,0.04472594801409444,1.0,0.9067857353758687,0.020771513353115726,1.0
5142,ReFAM_sta1_j4_k3_const1,0.1000000014901161,resnet34,cifar,resnet34cifar,2,NO,YES,0.20798494266662806,0.0709754668432986,0.24860369406012847,0.2485604606525912,0.0323927226666575,1.0,1.0,1.0,1.0,0.21776971043042742,1.0,0.9644545082459596,0.17804154302670624,1.0
5143,ReFAM_new1_sta3_j2_k5,0.1000000014901161,resnet18,cifar,resnet18cifar,2,NO,YES,0.5719585923332272,0.06613188800855986,0.3108447015912909,0.31094049904030713,0.08214780948734508,1.0,1.0,1.0,1.0,0.2965054284693685,1.0,0.9932883856083112,0.18694362017804153,1.0
5144,mul8_079,0.1136000007390976,resnet18,mnist,resnet18mnist,2,NO,NO,0.3990101760862227,0.22278027074363743,0.41755219640727204,0.4174664107485605,0.13402703606066568,1.0,1.0,1.0,1.0,0.39041900709268773,1.0,0.9935062687211483,0.43991097922848665,1.0
5145,ReFAM_new1_sta1_j1_k1,0.786899983882904,resnet34,cifar,resnet34cifar,2,YES,YES,0.025998117833328508,7.563116194940513e-05,0.013836940300192679,0.013915547024952016,9.951922686563543e-05,1.0,1.0,1.0,1.0,0.012105792453924047,1.0,0.8272431270095645,0.004451038575667656,1.0
5146,ReFAM_sta4_j2_k7_const1,0.1000000014901161,vgg16,cifar,vgg16cifar,2,NO,YES,0.8819861474956696,0.43703684620283795,0.6769581167108056,0.676823416506718,0.28217792564295735,1.0,1.0,1.0,1.0,0.6082761624307458,1.0,1.0,0.4762611275964392,1.0
5147,ReFAM_new_sta2_j6_k1,0.7696999907493591,resnet18,mnist,resnet18mnist,2,NO,NO,0.03336425121943825,0.015729241637581843,0.07737155784524406,0.0772552783109405,0.013715828228075898,0.0033479864201479037,0.0002598757161946469,0.0033479864201479037,0.0002598757161946469,0.09601045899998222,0.009487170300305143,0.4031815007055748,0.0712166172106825,0.031746
5148,ReFAM_sta4_j2_k3_const1,0.1006999984383583,resnet34,mnist,resnet34mnist,2,NO,YES,0.10052605562220357,0.0012769724607036405,0.0550018376932659,0.05494241842610365,0.0014800702396777277,1.0,1.0,1.0,1.0,0.04769897200991207,1.0,0.9704198220689122,0.02225519287833828,1.0
5149,mul8_202,0.1134999990463256,resnet34,mnist,resnet34mnist,2,NO,NO,0.8767865239290039,0.35858981667643236,0.5890226047341258,0.5890115163147793,0.3128137805972316,0.039414274021757394,0.028672368714475604,0.039414274021757394,0.028672368714475604,0.5687519547641299,0.10078942811247858,0.9957736784981948,0.7574183976261127,0.15178571428571427
5150,ReFAM_new_sta1_j1_k1,0.9890999794006348,vgg16,mnist,vgg16mnist,0,YES,NO,0.000866603927777617,2.9854406032659923e-06,0.000461231343339756,0.0004798464491362764,3.92839053416982e-06,4.788000007227169e-05,3.5118340026303635e-06,4.788000007227169e-05,3.5118340026303635e-06,0.0013534687288047642,0.0009210989890304128,0.06363408669304342,0.001483679525222552,0.031746
5151,mul8_146,0.1000000014901161,vgg16,cifar,vgg16cifar,2,NO,NO,0.8005253782845736,0.4558731851450844,0.6410815023383765,0.6410748560460653,0.31738179777084674,0.04745992082635459,0.040245617670143966,0.04745992082635459,0.040245617670143966,0.5999504917380628,0.1196144820049802,1.0,0.701780415430267,0.42857142857142855
5152,ReFAM_new1_sta1_j4_k5,0.1000000014901161,resnet18,cifar,resnet18cifar,2,NO,YES,1.0,1.0,1.0,1.0,1.0,1.0,1.0,1.0,1.0,1.0,1.0,0.8869003378206395,0.7477744807121661,1.0
5153,ReFAM_new1_sta3_j3_k6,0.1009000018239021,resnet34,mnist,resnet34mnist,2,NO,YES,1.0,1.0,0.972558535718449,0.9724088291746642,1.0,1.0,1.0,1.0,1.0,0.9922209005840702,1.0,0.974148270476431,0.7537091988130564,1.0
5154,mul8_405,0.1000000014901161,vgg16,cifar,vgg16cifar,2,NO,NO,0.6543401316840026,0.12678621321937178,0.3780705203684337,0.3781190019193858,0.14017460974843687,0.026076532114832497,0.015239603654414463,0.026076532114832497,0.015239603654414463,0.3717640718093228,0.07279817034210542,0.9767272327419265,0.4992581602373887,0.2380952857142857
5155,ReFAM_sta4_j3_k3_const1,0.9016000032424928,vgg16,mnist,vgg16mnist,2,NO,YES,0.17505399341107863,0.005393696023233893,0.0999718936688921,0.10004798464491363,0.0054796955888671605,1.0,1.0,1.0,1.0,0.08817306027202788,1.0,0.9624660703049752,0.04451038575667656,1.0
5156,ReFAM_sta3_j3_k6_const0,0.1138999983668327,resnet34,cifar,resnet34cifar,2,YES,NO,1.0,0.7973406789799506,1.0,1.0,1.0,0.11675492847812063,0.0932304131848296,0.11675492847812063,0.0932304131848296,1.0,0.19720251637675187,1.0,1.0,0.14285714285714285
5157,ReFAM_sta2_j3_k7_const0,0.1134999990463256,resnet34,mnist,resnet34mnist,2,YES,NO,1.0,1.0,1.0,1.0,1.0,0.1758641436616817,0.12126538402782777,0.1758641436616817,0.12126538402782777,1.0,0.24411586439989727,1.0,1.0,0.14285714285714285
5158,ReFAM_sta4_j3_k3_const0,0.1307000070810318,vgg16,cifar,vgg16cifar,2,YES,NO,0.24091589192217752,0.005393696023233893,0.12822231344845217,0.1281190019193858,0.007097292231733474,0.014468793984103837,0.009171154497869195,0.014468793984103837,0.009171154497869195,0.10932140437247113,0.05525175710455444,0.947551258529513,0.0712166172106825,0.14285714285714285
5159,ReFAM_new1_sta3_j2_k4,0.1000000014901161,resnet18,cifar,resnet18cifar,2,NO,YES,0.32670968077216156,0.01737745363411714,0.175426459665843,0.17538387715930903,0.022202904979627708,1.0,1.0,1.0,1.0,0.16207752837250103,1.0,0.9843399058011888,0.09198813056379822,1.0
5160,mul8_031,0.1134999990463256,resnet18,mnist,resnet18mnist,2,NO,NO,1.0,1.0,0.7306458509591355,0.7305662188099808,1.0,0.028770459666068615,0.023209710923384076,0.028770459666068615,0.023209710923384076,1.0,0.08904802851973272,0.7945565875024689,0.8100890207715133,0.8401544285714285
5161,ReFAM_new_sta2_j1_k7,0.1004000008106231,resnet34,cifar,resnet34cifar,2,NO,NO,0.28511269223883595,0.08703454990701348,0.23268400643639853,0.23272552783109407,0.07621903001406873,0.008627433975286692,0.0008112336546076141,0.008627433975286692,0.0008112336546076141,0.24991938401884056,0.017562088341902392,0.653352040057912,0.2314540059347181,0.046083
5162,ReFAM_new_sta3_j3_k6,0.0099999997764825,resnet34,cifar100,resnet34cifar100,2,NO,NO,0.5801913296471145,0.2780475676254044,0.43344215490353566,0.43354126679462573,0.25197166655466635,0.018510588707185794,0.0044881238553616054,0.018510588707185794,0.0044881238553616054,0.4596376608834779,0.040715710336014524,0.6890685802369835,0.5133531157270029,0.06800742857142857
5163,ReFAM_sta2_j7_k3_const1,0.1010999977588653,resnet34,cifar,resnet34cifar,2,NO,YES,0.055462651377767486,1.0,1.0,1.0,1.0,1.0,1.0,1.0,1.0,1.0,1.0,0.9617197697362392,1.0,1.0
5164,mul8_285,0.0114000001922249,resnet34,cifar100,resnet34cifar100,2,NO,NO,0.43156875603325323,0.15723599151657197,0.3197893905514848,0.31981765834932824,0.1459527747872971,0.021655310976083485,0.013877012061393882,0.021655310976083485,0.013877012061393882,0.34473920469890557,0.06872861467906344,0.9726882499913457,0.4473293768545994,0.3452381428571428
5165,ReFAM_sta4_j1_k1_const0,0.9925000071525574,resnet34,mnist,resnet34mnist,0,YES,NO,0.006932831422220936,1.592234988408529e-05,0.003689850746718048,0.003598848368522073,2.0951416182239038e-05,0.0005989516990172855,0.00019315087014467003,0.0005989516990172855,0.00019315087014467003,0.004060406186414293,0.007856213014218065,0.5090726935443474,0.002225519287833828,0.14285714285714285
5166,mul8_149,0.1062000021338462,resnet34,cifar,resnet34cifar,2,NO,NO,0.7669444760831909,0.6687313310447609,0.685430763064972,0.6854606525911708,0.5066911123640625,0.044990938935835376,0.032156108045084925,0.044990938935835376,0.032156108045084925,0.6887403953832434,0.10763497011280103,1.0,0.9851632047477745,0.14285714285714285
5167,mul8_437,0.1013000011444091,resnet18,cifar,resnet18cifar,2,NO,NO,1.0,1.0,1.0,1.0,1.0,0.09031794126840442,0.05873015594298889,0.09031794126840442,0.05873015594298889,1.0,0.1555769035548151,1.0,1.0,1.0
5168,ReFAM_sta2_j2_k1_const0,0.7044000029563904,vgg16,cifar,vgg16cifar,0,YES,NO,0.017332078555552338,6.687386951315823e-05,0.00922462686679512,0.009117082533589253,8.799594796540397e-05,0.0013840030209569855,0.0004986804283735117,0.0013840030209569855,0.0004986804283735117,0.009179671563434416,0.012630401939532911,0.6363408669304342,0.004451038575667656,0.14285714285714285
5169,ReFAM_new1_sta2_j4_k4,0.1000000014901161,resnet18,cifar,resnet18cifar,2,NO,YES,0.6568857772554336,0.3346296779863959,0.4960831385657916,0.4961612284069098,0.2878298506556761,1.0,1.0,1.0,1.0,0.5082126384587343,1.0,0.8498011562059016,0.36795252225519287,1.0
5170,mul8_032,0.42739999294281,vgg16,cifar,vgg16cifar,2,NO,NO,0.10399247133331403,0.0052876133671311745,0.0694315340666651,0.06933781190019193,0.004794251470652172,0.006889299633040451,0.0036926934537658274,0.006889299633040451,0.0036926934537658274,0.06848655443456733,0.03469870956569511,0.8935498453437157,0.07566765578635015,0.8571427142857143
5171,ReFAM_new2_sta4_j4_k5,0.101000003516674,vgg16,mnist,vgg16mnist,2,NO,NO,1.0,1.0,1.0,1.0,1.0,1.0,1.0,1.0,1.0,1.0,1.0,1.0,1.0,0.2857142857142857
5172,ReFAM_new2_sta3_j6_k3,0.0099999997764825,resnet34,cifar100,resnet34cifar100,2,NO,NO,1.0,1.0,0.877615144818229,0.8776391554702495,1.0,0.10257070430576709,0.2086380580962699,0.10257070430576709,0.2086380580962699,0.9951520915684179,0.2708964069675092,0.6506804265621914,0.712166172106825,0.2857142857142857
5173,ReFAM_new1_sta3_j1_k6,0.1000000014901161,resnet18,cifar,resnet18cifar,2,NO,YES,0.5823578394665586,0.06647899523603291,0.3163254287776301,0.31621880998080615,0.0825589986291111,1.0,1.0,1.0,1.0,0.299908636259012,1.0,1.0,0.1884272997032641,1.0
5174,ReFAM_new2_sta4_j3_k6,0.1000000014901161,vgg16,cifar,vgg16cifar,2,NO,NO,1.0,1.0,1.0,1.0,1.0,1.0,1.0,1.0,1.0,1.0,1.0,1.0,1.0,0.2857142857142857
5175,mul8_074,0.1037999987602233,vgg16,mnist,vgg16mnist,2,NO,NO,1.0,0.7749833653733473,1.0,1.0,0.8819180904636108,0.05361475932621095,0.03803140633148552,0.05361475932621095,0.03803140633148552,0.97302942593417,0.1184485528146516,0.9988810582195896,1.0,0.14285714285714285
5176,mul8_259,0.1000000014901161,vgg16,cifar,vgg16cifar,2,NO,NO,0.803341841049851,0.45696766011515044,0.642233005130457,0.642274472168906,0.31857801743631425,0.047543936675538016,0.040365020026233406,0.047543936675538016,0.040365020026233406,0.6010481332216238,0.11979661178887276,1.0,0.701780415430267,0.42857142857142855
5177,ReFAM_new_sta3_j3_k6,0.1134999990463256,resnet18,mnist,resnet18mnist,2,NO,NO,0.5801913296471145,0.2780475676254044,0.43344215490353566,0.43354126679462573,0.25197166655466635,0.018510588707185794,0.0044881238553616054,0.018510588707185794,0.0044881238553616054,0.4596376608834779,0.040715710336014524,0.6890685802369835,0.5133531157270029,0.06800742857142857
5178,mul8_018,0.0970000028610229,resnet18,cifar,resnet18cifar,2,NO,NO,0.36955241591808324,1.0,1.0,1.0,1.0,0.07328259860118128,0.03792253947740399,0.07328259860118128,0.03792253947740399,1.0,0.12529708054913624,1.0,1.0,1.0
5179,ReFAM_sta3_j1_k6_const1,0.1000000014901161,resnet18,cifar,resnet18cifar,2,NO,YES,0.12999058916664255,0.04157882836980613,0.18157380635763645,0.1816218809980806,0.020016578356478465,1.0,1.0,1.0,1.0,0.16277114590582653,1.0,1.0,0.13204747774480713,1.0
5180,ReFAM_sta1_j2_k7_const0,0.101000003516674,vgg16,mnist,vgg16mnist,2,YES,NO,1.0,1.0,1.0,1.0,1.0,0.06073894197847387,0.04096729955768451,0.06073894197847387,0.04096729955768451,1.0,0.12457005428064707,0.9182195080728748,1.0,0.14285714285714285
5181,ReFAM_sta1_j2_k5_const0,0.1067999973893165,resnet18,cifar,resnet18cifar,2,YES,NO,0.6516861536887679,0.07444653911802919,0.3468459701914965,0.34692898272552786,0.09796044150167685,0.02379726343214681,0.013977099330468848,0.02379726343214681,0.013977099330468848,0.327980969060276,0.06943772654257956,0.8779518580135169,0.2789317507418398,0.14285714285714285
5182,ReFAM_sta4_j3_k2_const0,0.197500005364418,resnet34,mnist,resnet34mnist,2,YES,NO,0.1022592634777588,0.0012411471734644485,0.054425298514091204,0.05446257197696737,0.001633162891405533,0.006825158500868163,0.0035346609236474613,0.006825158500868163,0.0035346609236474613,0.048043372955706286,0.03396496539534106,0.8789455679113154,0.02967359050445104,0.14285714285714285
5183,ReFAM_new2_sta2_j4_k3,0.0099999997764825,resnet34,cifar100,resnet34cifar100,2,NO,NO,0.31544382971105256,0.06850113367131175,0.21723996271302506,0.21713051823416507,0.06673837921420196,0.024223666451658365,0.03440016997276573,0.024223666451658365,0.03440016997276573,0.23361356425137617,0.10637648316344506,0.7027096921331978,0.17804154302670624,0.2857142857142857
5184,mul8_441,0.1312000006437301,vgg16,mnist,vgg16mnist,2,NO,NO,0.9142671438053859,0.46781794544366034,0.6658943058784135,0.6657869481765836,0.3611921511176692,0.04494486572821866,0.03382774103033698,0.04494486572821866,0.03382774103033698,0.6297195979042555,0.11005863981894508,0.9946862992247841,0.7796735905044511,0.14732142857142858
5185,ReFAM_new1_sta4_j7_k2,0.1000000014901161,vgg16,cifar,vgg16cifar,2,NO,YES,1.0,1.0,1.0,1.0,1.0,1.0,1.0,1.0,1.0,1.0,1.0,1.0,1.0,1.0
5186,ReFAM_sta2_j5_k2_const1,0.1729000061750412,vgg16,cifar,vgg16cifar,2,NO,YES,0.006932831422220936,0.05048021807250401,0.18743288714969333,0.18738003838771594,0.023192002363988717,1.0,1.0,1.0,1.0,0.17042960794702047,1.0,0.9067857353758687,0.13056379821958458,1.0
5187,ReFAM_new2_sta4_j2_k3,0.1027999967336654,resnet18,mnist,resnet18mnist,2,NO,NO,1.0,1.0,1.0,1.0,1.0,1.0,1.0,1.0,1.0,1.0,1.0,1.0,1.0,0.2857142857142857
5188,ReFAM_sta1_j6_k4_const0,0.1000000014901161,resnet18,cifar,resnet18cifar,2,YES,NO,1.0,1.0,1.0,1.0,1.0,0.09034684994769335,0.049815365327311706,0.09034684994769335,0.049815365327311706,1.0,0.14621588052286177,0.9336311747972363,1.0,0.14285714285714285
5189,mul8_300,0.1165999993681907,resnet34,mnist,resnet34mnist,2,NO,NO,0.2344163624638454,0.026103448704557615,0.15354409500049135,0.15355086372360846,0.024487315959334493,0.013359423416391581,0.007046494926277825,0.013359423416391581,0.007046494926277825,0.15294945103700863,0.04855400894525955,0.929530085178043,0.19881305637982197,0.21428571428571427
5190,mul8_457,0.1111000031232833,resnet18,cifar,resnet18cifar,2,NO,NO,0.2249920447492638,0.021309848011616946,0.14619862425243255,0.14611324376199616,0.019380347271150934,0.01337387775603604,0.007211551124401453,0.01337387775603604,0.007211551124401453,0.141336258940808,0.049095919695693976,0.9328858923738874,0.19881305637982197,0.14285714285714285
5191,ReFAM_new2_sta2_j4_k5,0.1032999977469444,resnet34,mnist,resnet34mnist,2,NO,NO,0.8614043042109513,1.0,0.8360106386071918,0.8358925143953936,0.9505891087263785,0.0680022476498147,0.11636813151115973,0.0680022476498147,0.11636813151115973,0.889788088998224,0.20020243277619534,0.8281126231701382,0.7477744807121661,0.2857142857142857
5192,ReFAM_new1_sta1_j2_k2,0.1039000004529953,resnet34,mnist,resnet34mnist,2,NO,YES,0.08319397706665123,0.0017323516673884798,0.04704559702065511,0.04702495201535509,0.0019683855503213575,1.0,1.0,1.0,1.0,0.045295728572609224,1.0,0.763609040316521,0.020771513353115726,1.0
5193,ReFAM_new_sta2_j5_k4,0.1134999990463256,resnet18,mnist,resnet18mnist,2,NO,NO,0.5823578394665586,0.3601890301378239,0.483638899221291,0.4836852207293666,0.3042637264363282,0.015367673230743655,0.00169094807226652,0.015367673230743655,0.00169094807226652,0.5088250424544566,0.026419268733989,0.7175461067138543,0.5103857566765578,0.046083
5194,mul8_088,0.1176000013947486,vgg16,mnist,vgg16mnist,2,NO,NO,0.38190152188891424,1.0,1.0,1.0,1.0,0.07328169520495349,0.03648093161932422,0.07328169520495349,0.03648093161932422,1.0,0.12345786830523757,1.0,1.0,0.44642857142857145
5195,ReFAM_new_sta1_j3_k2,0.9778000116348268,resnet18,mnist,resnet18mnist,0,NO,NO,0.019498588374996382,0.000838660025985275,0.014182863807697496,0.014155470249520154,0.000988497637501944,0.0009874120769621313,9.833135207365019e-05,0.0009874120769621313,9.833135207365019e-05,0.023246588773584872,0.005632587496939622,0.2863533901186954,0.02967359050445104,0.05442171428571429
5196,mul8_389,0.1084000021219253,resnet34,mnist,resnet34mnist,2,NO,NO,1.0,0.9780770695615622,0.8582424136890039,0.8582053742802304,0.7579981017101447,0.04863885290360581,0.036524829544357096,0.04863885290360581,0.036524829544357096,0.8531113981722038,0.11491120426601698,0.9999837096738066,1.0,0.21651785714285715
5197,ReFAM_sta4_j2_k3_const0,0.4885999858379364,vgg16,cifar,vgg16cifar,2,YES,NO,0.1074588870444245,0.0012769724607036405,0.057192686574129736,0.05710172744721689,0.001680303577815571,0.007264209067568616,0.004031585435019657,0.007264209067568616,0.004031585435019657,0.049950147821658804,0.03626547356729547,0.9028088594939003,0.02967359050445104,0.14285714285714285
5198,mul8_226,0.1128999963402748,resnet18,cifar,resnet18cifar,2,NO,NO,0.4295105717047814,0.19044719897842202,0.35735655063188104,0.35724568138195784,0.15771896690415424,0.026274375888716037,0.01827734006668973,0.026274375888716037,0.01827734006668973,0.37105228531178186,0.07918913431623702,0.9835009540022277,0.45845697329376855,0.2770562857142857
5199,mul8_349,0.1134999990463256,resnet18,mnist,resnet18mnist,2,NO,NO,0.3613467582437311,0.15880903241790437,0.3289795615920071,0.32893474088291746,0.12126560115709747,0.02428238720646398,0.01631246894221804,0.02428238720646398,0.01631246894221804,0.33355874091774096,0.07469037936738264,0.9848062163884754,0.3694362017804154,0.16071428571428573
5200,mul8_169,0.100100003182888,vgg16,cifar,vgg16cifar,2,NO,NO,0.662410377295016,0.12450259761037373,0.3804544886576792,0.3805182341650672,0.13864927699110133,0.025980772114687956,0.015215020816396052,0.025980772114687956,0.015215020816396052,0.372175907981061,0.07272128768742946,0.9755777465999035,0.4755192878338279,0.2380952857142857
5201,mul8_384,0.2951000034809112,vgg16,mnist,vgg16mnist,2,NO,NO,0.0915892060834126,1.0,1.0,1.0,1.0,0.055548027253657394,0.03179263322581268,0.055548027253657394,0.03179263322581268,1.0,0.11042961728859509,0.9835783330516465,0.9903560830860534,0.2857142857142857
5202,mul8_400,0.9312999844551086,resnet34,cifar,resnet34cifar,0,YES,NO,0.001733207855555234,0.0008144281965709627,0.000922462686679512,0.0009596928982725527,0.001071664937721527,5.691396235005881e-05,3.1606506023673276e-05,5.691396235005881e-05,3.1606506023673276e-05,0.021655499660876227,0.0031544281423359186,0.0009947280431856548,0.18991097922848665,0.07128928571428571
5203,ReFAM_sta3_j6_k2_const0,0.1000000014901161,resnet18,cifar,resnet18cifar,2,YES,NO,1.0,0.1712990089929432,0.8339062687582788,0.8339731285988484,0.22540371585500046,0.057842653672215326,0.03942384851352846,0.057842653672215326,0.03942384851352846,0.6876047430839026,0.12162761326382544,0.9855209544502116,0.47477744807121663,0.14285714285714285
5204,ReFAM_sta4_j3_k3_const0,0.1134999990463256,resnet34,mnist,resnet34mnist,2,YES,NO,0.24091589192217752,0.005393696023233893,0.12822231344845217,0.1281190019193858,0.007097292231733474,0.014468793984103837,0.009171154497869195,0.014468793984103837,0.009171154497869195,0.10932140437247113,0.05525175710455444,0.947551258529513,0.0712166172106825,0.14285714285714285
5205,ReFAM_new_sta2_j1_k1,0.349700003862381,resnet18,mnist,resnet18mnist,2,NO,NO,0.0,0.0,0.0,0.0,0.0,0.0,0.0,0.0,0.0,0.0,0.0,0.0,0.0,0.0
5206,mul8_243,0.0100999996066093,resnet34,cifar100,resnet34cifar100,2,NO,NO,0.9025679907803881,0.4901862098947851,0.6794718053929029,0.6794625719769674,0.36072538770755674,0.045626026483963814,0.03405425432350664,0.045626026483963814,0.03405425432350664,0.6373176194458958,0.11057442539546049,0.9945773576683656,0.7826409495548962,0.14732142857142858
5207,ReFAM_new2_sta4_j2_k2,0.100100003182888,resnet34,cifar,resnet34cifar,2,NO,NO,1.0,1.0,1.0,1.0,1.0,1.0,1.0,1.0,1.0,1.0,1.0,1.0,1.0,0.2857142857142857
5208,mul8_284,0.1084000021219253,resnet34,mnist,resnet34mnist,2,NO,NO,1.0,1.0,1.0,1.0,1.0,0.09031794126840442,0.05873015594298889,0.09031794126840442,0.05873015594298889,1.0,0.1555769035548151,1.0,1.0,1.0
5209,mul8_158,0.0105999996885657,resnet34,cifar100,resnet34cifar100,2,NO,NO,0.7634780603720805,0.5476975884008866,0.6603589689010229,0.6602687140115163,0.38711718625809977,0.04435675478393472,0.031427402489539125,0.04435675478393472,0.031427402489539125,0.6355544584398194,0.10637424386282343,1.0,0.8976261127596439,0.2857142857142857
5210,mul8_182,0.1000000014901161,resnet18,cifar,resnet18cifar,2,NO,NO,0.7049822952470913,0.2261237895065345,0.45272457693573487,0.45273512476007677,0.21853951873809155,1.0,1.0,1.0,1.0,0.4537042136857079,1.0,0.9864525574793978,0.5207715133531158,1.0
5211,mul8_067,0.1134999990463256,resnet34,mnist,resnet34mnist,2,NO,NO,0.4817776245652846,0.08054121581789928,0.282968580271478,0.28286948176583493,0.08834841947271203,0.019472705689770123,0.009761142610311095,0.019472705689770123,0.009761142610311095,0.2858625002077236,0.05793145351510483,0.9679029666720289,0.39243323442136496,0.2857142857142857
5212,ReFAM_sta4_j1_k1_const1,0.7505999803543091,resnet34,mnist,resnet34mnist,2,YES,YES,0.013865662844441871,1.592234988408529e-05,0.007379701493436096,0.007437619961612285,2.0951416182239038e-05,1.0,1.0,1.0,1.0,0.006202373313371222,1.0,0.8908772137026079,0.002225519287833828,1.0
5213,ReFAM_new1_sta1_j2_k7,0.1009000018239021,resnet34,mnist,resnet34mnist,2,NO,YES,1.0,1.0,1.0,1.0,1.0,1.0,1.0,1.0,1.0,1.0,1.0,0.9415859447065603,0.7566765578635015,1.0
5214,ReFAM_new1_sta3_j1_k4,0.1004000008106231,resnet34,mnist,resnet34mnist,2,NO,YES,0.19238607196663096,0.004635792168751433,0.10279693564684811,0.10268714011516315,0.005998059001571034,1.0,1.0,1.0,1.0,0.09115589150225444,1.0,0.9982599895334655,0.04599406528189911,1.0
5215,ReFAM_new1_sta3_j2_k4,0.1031000018119812,vgg16,cifar,vgg16cifar,2,NO,YES,0.32670968077216156,0.01737745363411714,0.175426459665843,0.17538387715930903,0.022202904979627708,1.0,1.0,1.0,1.0,0.16207752837250103,1.0,0.9843399058011888,0.09198813056379822,1.0
5216,ReFAM_sta4_j8_k1_const0,0.101000003516674,vgg16,mnist,vgg16mnist,2,YES,NO,1.0,0.4011984230249917,1.0,1.0,0.5279167455587843,0.06803115632910363,0.043581859972642814,0.06803115632910363,0.043581859972642814,0.9511948677743478,0.13033998554904666,0.9209226840755953,0.7596439169139466,0.14285714285714285
5217,ReFAM_new1_sta2_j1_k5,0.100500002503395,resnet18,mnist,resnet18mnist,2,YES,YES,0.3241098689888287,0.018450022928183832,0.17250052240906874,0.17250479846449138,0.024277453501169485,1.0,1.0,1.0,1.0,0.1631814093469018,1.0,0.9912999476673271,0.09347181008902077,1.0
5218,mul8_170,0.100100003182888,vgg16,cifar,vgg16cifar,2,NO,NO,0.5606927412721182,0.07071414127582605,0.31098388276145716,0.31094049904030713,0.08362100109215091,0.02259303626051779,0.012465254792336476,0.02259303626051779,0.012465254792336476,0.2976677468096042,0.06560105814418708,0.9668776942672306,0.3241839762611276,0.42857142857142855
5219,ReFAM_new_sta1_j1_k5,0.6940000057220459,vgg16,cifar,vgg16cifar,0,NO,NO,0.04463010228054727,0.0036374110768603676,0.030700713135977883,0.030710172744721688,0.004320557466155676,0.0018456384933519072,0.00022651329316965844,0.0018456384933519072,0.00022651329316965844,0.04894993172413463,0.008625785994518192,0.34004426896143064,0.06676557863501484,0.05924957142857142
5220,ReFAM_new1_sta1_j3_k1,0.2924999892711639,resnet18,cifar,resnet18cifar,2,NO,YES,0.06759510636665413,0.0014640600718416428,0.0387434328405395,0.03862763915547025,0.0016719230113426754,1.0,1.0,1.0,1.0,0.03922725121364119,1.0,0.6124785934932364,0.017804154302670624,1.0
5221,mul8_233,0.9695000052452089,vgg16,mnist,vgg16mnist,0,NO,NO,0.9333324302164935,0.7216198045372328,0.6881432018676903,0.6880998080614203,0.6703537431303829,0.04135296232657051,0.028366839156246763,0.04135296232657051,0.028366839156246763,0.740214386577289,0.10083869272615442,0.9935062687211483,1.0,0.15178571428571427
5222,ReFAM_sta1_j4_k6_const1,0.1000000014901161,resnet34,cifar,resnet34cifar,2,NO,YES,1.0,1.0,1.0,1.0,1.0,1.0,1.0,1.0,1.0,1.0,1.0,1.0,1.0,1.0
5223,mul8_038,0.1000000014901161,vgg16,cifar,vgg16cifar,2,NO,NO,0.7394839675881535,0.11993654890072097,0.4034258574231635,0.4033109404990403,0.14815256163939206,0.025379110226987335,0.012918281378675792,0.025379110226987335,0.012918281378675792,0.39033400654958134,0.06736861276819357,0.975205105388229,0.4873887240356083,0.14285714285714285
5224,mul8_341,0.1134999990463256,resnet34,mnist,resnet34mnist,2,NO,NO,1.0,1.0,1.0,1.0,1.0,0.083453033333514,0.05798037938342731,0.083453033333514,0.05798037938342731,1.0,0.1521574915055863,1.0,1.0,1.0
5225,mul8_154,0.9729999899864196,resnet34,mnist,resnet34mnist,0,NO,NO,0.03645153117856172,0.0009722079586273661,0.019805923296740545,0.01991362763915547,0.001259713233908173,0.0018628030216797026,0.00041966416331432846,0.0018628030216797026,0.00041966416331432846,0.02760130673507776,0.011635406029988714,0.5591593377167886,0.03412462908011869,0.14285714285714285
5226,mul8_466,0.0091000003740191,resnet34,cifar100,resnet34cifar100,2,NO,NO,0.37580144137863625,0.17591562620691414,0.35054257705493175,0.35052783109404995,0.12945260922867843,0.02617319551120482,0.016689991097500804,0.02617319551120482,0.016689991097500804,0.35032339741201995,0.07591602324095473,0.9896994231188236,0.5682492581602374,0.5
5227,ReFAM_new_sta2_j4_k1,0.9110999703407288,resnet18,cifar,resnet18cifar,0,NO,NO,0.012132454988886637,0.0004959811988892569,0.01130016791182402,0.011276391554702494,0.0005467664933711526,0.0007272339633618626,4.389792503287955e-05,0.0007272339633618626,4.389792503287955e-05,0.017542960565965833,0.0037650107785003255,0.25055947089020525,0.011869436201780416,0.031746
5228,mul8_457,0.9830999970436096,vgg16,mnist,vgg16mnist,0,NO,NO,0.2249920447492638,0.021309848011616946,0.14619862425243255,0.14611324376199616,0.019380347271150934,0.01337387775603604,0.007211551124401453,0.01337387775603604,0.007211551124401453,0.141336258940808,0.049095919695693976,0.9328858923738874,0.19881305637982197,0.14285714285714285
5229,ReFAM_new_sta3_j1_k8,0.4839000105857849,vgg16,mnist,vgg16mnist,2,NO,NO,0.5801913296471145,0.2780475676254044,0.43344215490353566,0.43354126679462573,0.25197166655466635,0.018510588707185794,0.0044881238553616054,0.018510588707185794,0.0044881238553616054,0.4596376608834779,0.040715710336014524,0.6890685802369835,0.5133531157270029,0.06800742857142857
5230,ReFAM_new2_sta1_j4_k3,0.0133999995887279,resnet34,cifar100,resnet34cifar100,2,NO,NO,0.15598870699997106,0.06845018215168268,0.16281466419893387,0.16290786948176586,0.06592127398309464,0.011721566055428779,0.014054359678526716,0.011721566055428779,0.014054359678526716,0.20757109888307454,0.06747684563157234,0.49714104775305495,0.17804154302670624,0.2857142857142857
5231,mul8_203,0.1006999984383583,resnet18,cifar,resnet18cifar,2,NO,NO,0.76469672041231,0.34451610585178205,0.5506354528121371,0.5506238003838773,0.28398939904809745,0.037852301943928,0.02804023859400214,0.037852301943928,0.02804023859400214,0.5360340652270525,0.09937642942023014,0.9965820859355433,0.7136498516320475,0.15178571428571427
5232,ReFAM_new1_sta4_j4_k3,0.1009000018239021,resnet34,mnist,resnet34mnist,2,NO,YES,1.0,1.0,1.0,1.0,1.0,1.0,1.0,1.0,1.0,1.0,1.0,1.0,1.0,1.0
5233,ReFAM_new_sta3_j6_k1,0.7455999851226807,resnet18,cifar,resnet18cifar,2,NO,NO,0.027839651179855943,0.01117589427559677,0.06189148272932887,0.06190019193857965,0.010260357602238607,0.0037310264207260774,0.0007269496385444853,0.0037310264207260774,0.0007269496385444853,0.0809143398060115,0.01549819960230021,0.357071732415102,0.0712166172106825,0.063492
5234,ReFAM_sta2_j5_k5_const1,0.1000000014901161,vgg16,cifar,vgg16cifar,2,NO,YES,0.006932831422220936,1.0,1.0,1.0,1.0,1.0,1.0,1.0,1.0,1.0,1.0,1.0,1.0,1.0
5235,mul8_367,0.1000000014901161,vgg16,cifar,vgg16cifar,2,NO,NO,0.7747439114331895,0.352297117417777,0.5798675684524137,0.57989443378119,0.25893833088002566,0.042053094403099005,0.03215084029408098,0.042053094403099005,0.03215084029408098,0.5423712467327502,0.1068116539175818,0.9955252510237451,0.6461424332344213,0.14285714285714285
5236,mul8_486,0.1134999990463256,resnet18,mnist,resnet18mnist,2,NO,NO,1.0,0.9417784026189081,0.9451026588798812,0.9450575815738963,0.8813551571200237,0.05154327177591437,0.03874957638502344,0.05154327177591437,0.03874957638502344,0.9306070952311885,0.11878220860727444,1.0,1.0,0.17857142857142858
5237,mul8_308,0.1004000008106231,resnet34,cifar,resnet34cifar,2,NO,NO,1.0,0.9360060157312817,1.0,1.0,1.0,0.057348495935620365,0.03996818278393617,0.057348495935620365,0.03996818278393617,1.0,0.12217773478320584,0.999782116887163,1.0,0.2380952857142857
5238,ReFAM_new_sta2_j5_k4,0.0952999964356422,resnet34,mnist,resnet34mnist,2,NO,NO,0.5823578394665586,0.3601890301378239,0.483638899221291,0.4836852207293666,0.3042637264363282,0.015367673230743655,0.00169094807226652,0.015367673230743655,0.00169094807226652,0.5088250424544566,0.026419268733989,0.7175461067138543,0.5103857566765578,0.046083
5239,ReFAM_new2_sta4_j1_k2,0.1000000014901161,vgg16,cifar,vgg16cifar,2,NO,NO,1.0,1.0,1.0,1.0,1.0,1.0,1.0,1.0,1.0,1.0,1.0,1.0,1.0,0.2857142857142857
5240,mul8_203,0.0121999997645616,resnet34,cifar100,resnet34cifar100,2,NO,NO,0.76469672041231,0.34451610585178205,0.5506354528121371,0.5506238003838773,0.28398939904809745,0.037852301943928,0.02804023859400214,0.037852301943928,0.02804023859400214,0.5360340652270525,0.09937642942023014,0.9965820859355433,0.7136498516320475,0.15178571428571427
5241,ReFAM_sta2_j2_k2_const1,0.2811999917030334,resnet18,mnist,resnet18mnist,2,NO,YES,0.041596988533325614,0.00047767049652255877,0.026520802242035967,0.02663147792706334,0.00036606052879934093,1.0,1.0,1.0,1.0,0.023207154108702416,1.0,0.9226942570491296,0.010385756676557863,1.0
5242,ReFAM_new1_sta2_j2_k4,0.1000000014901161,resnet18,cifar,resnet18cifar,2,YES,YES,0.3137106218554973,0.018297168369296613,0.16696574628899166,0.16698656429942418,0.02407631990581999,1.0,1.0,1.0,1.0,0.1597781149352597,1.0,0.9465575486317144,0.09198813056379822,1.0
5243,ReFAM_sta2_j3_k2_const0,0.1101000010967254,resnet34,cifar,resnet34cifar,2,YES,NO,0.14038983629997395,0.0023047601457213463,0.07471947762104046,0.07461612284069098,0.003032717492379101,0.008017641521536062,0.0036751342837526755,0.008017641521536062,0.0036751342837526755,0.06580698140771678,0.034789028024100846,0.8869003378206395,0.03857566765578635,0.14285714285714285
5244,ReFAM_sta2_j6_k1_const0,0.1374000012874603,resnet34,cifar,resnet34cifar,2,YES,NO,0.6932831422220935,0.0457544646269075,0.36898507467180475,0.3690019193857966,0.060205989541282104,0.026239143435832668,0.01254427105739566,0.026239143435832668,0.01254427105739566,0.31558758074310567,0.06671025838543439,0.9241858400412146,0.18991097922848665,0.14285714285714285
5245,mul8_399,0.1134999990463256,resnet18,mnist,resnet18mnist,2,NO,NO,1.0,1.0,1.0,1.0,1.0,0.09031794126840442,0.05873015594298889,0.09031794126840442,0.05873015594298889,1.0,0.1555769035548151,1.0,1.0,1.0
5246,ReFAM_sta1_j4_k6_const1,0.1009000018239021,resnet34,mnist,resnet34mnist,2,NO,YES,1.0,1.0,1.0,1.0,1.0,1.0,1.0,1.0,1.0,1.0,1.0,1.0,1.0,1.0
5247,ReFAM_sta2_j2_k4_const0,0.1008000001311302,resnet34,cifar,resnet34cifar,2,YES,NO,0.33970873968882587,0.010145721346139148,0.18080268658918433,0.1809021113243762,0.013350242391322716,0.01726480530907895,0.009963073065462343,0.01726480530907895,0.009963073065462343,0.15306767923740722,0.05800758973624025,0.9535165723524657,0.08753709198813056,0.14285714285714285
5248,ReFAM_new_sta2_j7_k2,0.8291000127792358,vgg16,mnist,vgg16mnist,2,NO,NO,0.5216955645221254,0.3522461658981479,0.4620240856335838,0.46209213051823417,0.2956201731279181,0.014018902662670042,0.001508332704129741,0.014018902662670042,0.001508332704129741,0.4940883883132317,0.02475994697336128,0.6462840747807425,0.47477744807121663,0.04444442857142857
5249,mul8_042,0.6669999957084656,vgg16,cifar,vgg16cifar,1,NO,NO,0.045740436829804484,0.004565711869156498,0.05496445212550015,0.05494241842610365,0.0030181857074430304,0.005608283782050239,0.004526754029390539,0.005608283782050239,0.004526754029390539,0.054271554210798344,0.03818306133295116,0.9237510919609276,0.06231454005934718,1.0
5250,ReFAM_sta2_j2_k8_const0,0.0997999981045723,resnet34,cifar,resnet34cifar,2,YES,NO,1.0,1.0,1.0,1.0,1.0,0.17630319422838217,0.12217846086851168,0.17630319422838217,0.12217846086851168,1.0,0.24492425192430564,1.0,1.0,0.14285714285714285
5251,ReFAM_new2_sta3_j1_k5,0.100500002503395,resnet34,mnist,resnet34mnist,2,NO,NO,0.29551193937216735,0.019210116105775353,0.15890861033756262,0.1588291746641075,0.024643636537089526,0.022650853619095628,0.034623171431932755,0.022650853619095628,0.034623171431932755,0.15608962842083365,0.10647351952371568,0.9545113003956514,0.09347181008902077,0.2857142857142857
5252,mul8_262,0.9887999892234802,vgg16,mnist,vgg16mnist,0,NO,NO,0.12289145991709678,0.012343606667006344,0.08767584611008113,0.08757197696737044,0.012045503072298078,0.007509932841524425,0.0030570514992897314,0.007509932841524425,0.0030570514992897314,0.09696954047590055,0.0317600007165762,0.9221974021002303,0.1446587537091988,0.14285714285714285
5253,mul8_160,0.1137000024318695,resnet18,mnist,resnet18mnist,2,NO,NO,0.30591118650549876,0.06765705009808168,0.21680350502759876,0.21689059500959693,0.06379536229376997,0.016201507948983406,0.010456485742831909,0.016201507948983406,0.010456485742831909,0.23062249310352867,0.059136197249541694,0.9520260075057678,0.3353115727002967,1.0
5254,mul8_334,0.1057000011205673,vgg16,mnist,vgg16mnist,2,NO,NO,1.0,0.74585919388327,0.8851968619501972,0.8850767754318618,0.8606227605057118,0.048418424224027805,0.03330798959794769,0.048418424224027805,0.03330798959794769,0.8932834653013617,0.11031466652335142,0.9995021269057137,1.0,0.14285714285714285
5255,mul8_066,0.1000000014901161,vgg16,cifar,vgg16cifar,2,NO,NO,1.0,1.0,1.0,1.0,1.0,0.06501290953209496,0.044212234176114966,0.06501290953209496,0.044212234176114966,1.0,0.1300548479365591,1.0,1.0,0.42857142857142855
5256,ReFAM_sta1_j3_k4_const0,0.1001999974250793,resnet34,cifar,resnet34cifar,2,YES,NO,0.644753322266547,0.07358673222428859,0.3431561194447784,0.34309021113243765,0.09682906502783595,0.023263356261529592,0.013292291699955928,0.023263356261529592,0.013292291699955928,0.3251256129288032,0.06773063303535706,0.8729802540883628,0.27596439169139464,0.14285714285714285
5257,ReFAM_new_sta2_j3_k4,0.225600004196167,resnet18,cifar,resnet18cifar,2,NO,NO,0.05762916119721153,0.01669811662802843,0.08601964553286448,0.08613243761996162,0.014021146025573633,0.003941517741798517,0.0003230887282419935,0.003941517741798517,0.0003230887282419935,0.10055826281032638,0.010635931519201256,0.5241117190570345,0.08902077151335312,0.04444442857142857
5258,ReFAM_sta4_j6_k1_const1,0.703499972820282,vgg16,mnist,vgg16mnist,2,NO,YES,0.22185060551106994,0.022240338318090337,0.15387830692172608,0.15379078694817658,0.01727820325384947,1.0,1.0,1.0,1.0,0.14246825416764353,1.0,0.7675859161984895,0.0712166172106825,1.0
5259,ReFAM_sta4_j6_k3_const0,0.1000000014901161,vgg16,cifar,vgg16cifar,2,YES,NO,1.0,0.42896700122283643,1.0,1.0,0.5644560153806092,0.09005956994725972,0.07072306906197158,0.09005956994725972,0.07072306906197158,1.0,0.1672653063661824,0.9990521066446204,0.8308605341246291,0.14285714285714285
5260,ReFAM_sta3_j7_k2_const1,0.1008000001311302,resnet34,cifar,resnet34cifar,2,NO,YES,0.339275437724937,0.730200508164981,0.723484603389308,0.7233685220729367,0.35659143974517454,1.0,1.0,1.0,1.0,0.661512599999379,1.0,0.90829259054876,0.6646884272997032,1.0
5261,ReFAM_new2_sta1_j2_k2,0.800000011920929,resnet18,mnist,resnet18mnist,2,NO,NO,0.020798494266662807,0.0009553409930451175,0.01914110074859987,0.019193857965451058,0.0009568904651384818,0.0024454935885969715,0.0018840989424111902,0.0024454935885969715,0.0018840989424111902,0.024809490546547425,0.024535270477657755,0.43748485508736706,0.020771513353115726,0.2857142857142857
5262,mul8_496,0.9083999991416932,resnet18,mnist,resnet18mnist,2,NO,NO,0.05653913291118999,0.0029411308944539273,0.039104669228643196,0.03910748560460653,0.0031023082916737258,0.0037174754773093965,0.001515356372135002,0.0037174754773093965,0.001515356372135002,0.04668230314652055,0.02214220454667598,0.6963086120845713,0.045252225519287835,0.2857142857142857
5263,mul8_147,0.1145000010728836,resnet18,mnist,resnet18mnist,2,NO,NO,0.389267655275024,1.0,1.0,1.0,1.0,0.07343075558253698,0.03736240195398444,0.07343075558253698,0.03736240195398444,1.0,0.12464619050178248,1.0,1.0,0.44642857142857145
5264,mul8_435,0.1039000004529953,vgg16,mnist,vgg16mnist,2,NO,NO,1.0,0.8369445621481161,1.0,1.0,0.9509719710171097,0.05502044385663463,0.038358006893730145,0.05502044385663463,0.038358006893730145,1.0,0.11932262649062778,1.0,1.0,0.14285714285714285
5265,ReFAM_sta1_j7_k1_const0,0.1000000014901161,resnet34,cifar,resnet34cifar,2,YES,NO,0.9983277247998147,0.21195832165694342,0.5313385075273989,0.5314299424184261,0.2789052522179661,0.024382664187747417,0.012163237068110264,0.024382664187747417,0.012163237068110264,0.5233287971107037,0.06531144193045628,0.7477005186432601,0.42729970326409494,0.14285714285714285
5266,mul8_315,0.1071999967098236,resnet18,cifar,resnet18cifar,2,NO,NO,0.787309668385965,0.466251335490281,0.6411325108350991,0.6410748560460653,0.32363960502182443,0.04710940308997645,0.04429827410917941,0.04710940308997645,0.04429827410917941,0.6022553731889685,0.12478502714032352,1.0,0.7047477744807121,1.0
5267,mul8_176,0.0996999964118003,resnet18,cifar,resnet18cifar,2,NO,NO,0.9641239492921341,0.25038409539398265,0.5654502589079713,0.5654990403071017,0.260001467200187,0.03418632005160199,0.022756684337044756,0.03418632005160199,0.022756684337044756,0.5345507176390317,0.08954589969127509,0.9929462887582495,0.6461424332344213,0.14285714285714285
5268,ReFAM_new_sta1_j1_k2,0.9925000071525574,resnet34,mnist,resnet34mnist,0,NO,NO,0.002166509819444042,3.06007693679464e-05,0.00230615671669878,0.002399232245681382,3.5355514807528376e-05,0.0002104913210724397,1.4047336010521454e-05,0.0002104913210724397,1.4047336010521454e-05,0.004280044384787273,0.0021019568501698884,0.1749937384058694,0.004451038575667656,0.040816285714285715
5269,mul8_307,0.988099992275238,vgg16,mnist,vgg16mnist,0,NO,NO,0.1022321838382236,0.005279975415891779,0.0701456751598864,0.07005758157389635,0.004534897426331287,0.00734641812429648,0.007251937215431701,0.00734641812429648,0.007251937215431701,0.06804904025410628,0.048350232588691235,0.9097994457216513,0.08531157270029674,1.0
5270,mul8_075,0.1000000014901161,vgg16,cifar,vgg16cifar,2,NO,NO,1.0,1.0,1.0,1.0,1.0,0.09031794126840442,0.05873015594298889,0.09031794126840442,0.05873015594298889,1.0,0.1555769035548151,1.0,1.0,1.0
5271,ReFAM_new1_sta3_j1_k3,0.1280000060796737,resnet34,cifar,resnet34cifar,2,YES,YES,0.1074588870444245,0.0011814383613991287,0.057192686574129736,0.05710172744721689,0.0015545950807221366,1.0,1.0,1.0,1.0,0.049396974324446466,1.0,0.986328343742173,0.02225519287833828,1.0
5272,mul8_253,0.1120999976992607,resnet34,mnist,resnet34mnist,2,NO,NO,0.025727307572313715,1.0,1.0,1.0,1.0,0.08033360615899413,0.045116531431792284,0.08033360615899413,0.045116531431792284,1.0,0.13682723944990835,1.0,1.0,0.42857142857142855
5273,ReFAM_new1_sta4_j5_k3,0.1009000018239021,resnet34,mnist,resnet34mnist,2,NO,YES,1.0,1.0,1.0,1.0,1.0,1.0,1.0,1.0,1.0,1.0,1.0,1.0,1.0,1.0
5274,ReFAM_sta3_j2_k1_const0,0.9866999983787536,resnet34,mnist,resnet34mnist,0,YES,NO,0.019065286411107572,7.563116194940513e-05,0.01014708955347463,0.010076775431861805,9.951922686563543e-05,0.0014788596248737503,0.0005232632663919242,0.0014788596248737503,0.0005232632663919242,0.009945924349559945,0.012944650460101634,0.6681579102769559,0.005934718100890208,0.14285714285714285
5275,mul8_294,0.0102000003680586,resnet34,cifar100,resnet34cifar100,2,NO,NO,0.7210144679109773,0.1673550429266553,0.43124984115192533,0.43114203454894434,0.1725508707030275,0.028066714004628998,0.020459944899324498,0.028066714004628998,0.020459944899324498,0.4189581512585165,0.08384538674214602,0.9775356401792751,0.4755192878338279,1.0
5276,mul8_380,0.1134999990463256,resnet18,mnist,resnet18mnist,2,NO,NO,0.49437046115759525,0.09541282180979797,0.3031647938411019,0.30326295585412666,0.09763079128254246,0.022522571354751046,0.013281756197948037,0.022522571354751046,0.013281756197948037,0.3035561478611422,0.06753357458065364,0.9680892872778661,0.4043026706231454,0.14285714285714285
5277,ReFAM_new2_sta1_j1_k8,0.0998999997973442,resnet18,cifar,resnet18cifar,2,NO,NO,0.6690182322443203,1.0,0.6834079241581584,0.6833013435700576,0.8982825012205099,0.034081526089179665,0.04252655385485239,0.034081526089179665,0.04252655385485239,0.8025373391636904,0.11952789571427717,0.6711410762611257,0.7581602373887241,0.2857142857142857
5278,mul8_475,0.1128999963402748,resnet18,mnist,resnet18mnist,2,NO,NO,1.0,0.8529573717040736,0.8825691015322651,0.8824376199616123,0.6531510093079862,0.058063082351793326,0.051074357817254695,0.058063082351793326,0.051074357817254695,0.8394964583093504,0.1360434842323379,1.0,0.9577151335311572,0.2857142857142857
5279,ReFAM_new2_sta2_j1_k5,0.0826999992132186,resnet34,mnist,resnet34mnist,2,YES,NO,0.24438230763328797,0.014450328637301607,0.13006723882181118,0.1300383877159309,0.01901445775619104,0.016469816628633685,0.021529298353125444,0.016469816628633685,0.021529298353125444,0.1319753470868368,0.08376477191976735,0.8670149402654102,0.09347181008902077,0.2857142857142857
5280,mul8_352,0.1134999990463256,resnet18,mnist,resnet18mnist,2,NO,NO,1.0,0.9986546409191654,1.0,1.0,1.0,0.05895021744747203,0.03992779669290592,0.05895021744747203,0.03992779669290592,1.0,0.12264500217958595,1.0,1.0,0.2380952857142857
5281,mul8_056,0.0081000002101063,resnet34,cifar100,resnet34cifar100,2,NO,NO,0.4913644270499088,0.08701942367462359,0.294738089818583,0.2946257197696737,0.09175562675145459,0.02048179927619894,0.011225577389407958,0.02048179927619894,0.011225577389407958,0.2947308306525336,0.062034598687471264,0.9640187420202855,0.4043026706231454,0.2857142857142857
5282,ReFAM_sta4_j8_k2_const0,0.1000000014901161,resnet18,cifar,resnet18cifar,2,YES,NO,1.0,1.0,1.0,1.0,1.0,0.13498456095846725,0.09200478311791159,0.13498456095846725,0.09200478311791159,1.0,0.20404208690874998,0.9895599372007925,1.0,0.14285714285714285
5283,ReFAM_new2_sta4_j3_k2,0.100100003182888,resnet34,cifar,resnet34cifar,2,NO,NO,1.0,1.0,1.0,1.0,1.0,1.0,1.0,1.0,1.0,1.0,1.0,1.0,1.0,0.2857142857142857
5284,ReFAM_new_sta3_j7_k2,0.1046999990940094,resnet34,mnist,resnet34mnist,2,NO,NO,0.5190957527387925,0.26709722027615723,0.4087590717563504,0.4088291746641075,0.2397336026198809,0.016670370591200558,0.003943789584953899,0.016670370591200558,0.003943789584953899,0.441280624067323,0.03796286343849089,0.600282229901301,0.47477744807121663,0.06762471428571429
5285,ReFAM_sta4_j6_k2_const1,0.1000000014901161,vgg16,cifar,vgg16cifar,2,NO,YES,0.4437012110221399,0.09734287825134384,0.32404384750006265,0.32413627639155473,0.06747349463144027,1.0,1.0,1.0,1.0,0.29327515608614185,1.0,0.8929277585122045,0.18991097922848665,1.0
5286,ReFAM_sta1_j1_k1_const0,0.708299994468689,vgg16,cifar,vgg16cifar,0,YES,NO,0.008666039277776169,2.7864112297149264e-05,0.00461231343339756,0.0045585412667946265,3.6664978318918315e-05,0.0006938083029340502,0.00020895412315650666,0.0006938083029340502,0.00020895412315650666,0.005241962731161192,0.008173447268948962,0.5090726935443474,0.00370919881305638,0.14285714285714285
5287,ReFAM_sta1_j1_k5_const1,0.1009000018239021,resnet34,mnist,resnet34mnist,2,NO,YES,0.11612492632220067,0.018306721779227066,0.12895740182436258,0.12883877159309023,0.00831858563022557,1.0,1.0,1.0,1.0,0.1121910477198452,1.0,1.0,0.09050445103857567,1.0
5288,mul8_002,0.101000003516674,vgg16,mnist,vgg16mnist,2,NO,NO,1.0,1.0,1.0,1.0,1.0,0.060498638581884735,0.04153797258311194,0.060498638581884735,0.04153797258311194,1.0,0.12521646572675757,1.0,1.0,1.0
5289,ReFAM_new_sta3_j2_k7,0.1134999990463256,resnet18,mnist,resnet18mnist,2,NO,NO,0.5801913296471145,0.2780475676254044,0.43344215490353566,0.43354126679462573,0.25197166655466635,0.018510588707185794,0.0044881238553616054,0.018510588707185794,0.0044881238553616054,0.4596376608834779,0.040715710336014524,0.6890685802369835,0.5133531157270029,0.06800742857142857
5290,mul8_137,0.1134999990463256,resnet18,mnist,resnet18mnist,2,NO,NO,0.5234287723776806,0.08513202812523883,0.2974077374221918,0.29750479846449135,0.09867300960822062,0.019893688331915,0.009775189946321617,0.019893688331915,0.009775189946321617,0.30123270223315224,0.058070290153645884,0.9670640148730678,0.3961424332344214,0.17857142857142858
5291,mul8_230,0.1134999990463256,resnet18,mnist,resnet18mnist,2,NO,NO,0.7257807895137542,0.172646388097725,0.420588711111224,0.4205854126679463,0.19309836759997648,1.0,1.0,1.0,1.0,0.42381728806667274,1.0,0.9760124946801904,0.4495548961424332,1.0
5292,mul8_191,0.1000000014901161,vgg16,cifar,vgg16cifar,2,NO,NO,1.0,0.9725755884773138,0.9154185475926839,0.9153071017274472,0.8526660784924649,0.05141589290779757,0.038888293828127335,0.05141589290779757,0.038888293828127335,0.907614539003313,0.11892925601476147,1.0,1.0,0.18080357142857142
5293,ReFAM_new_sta2_j1_k1,0.7001000046730042,resnet34,cifar100,resnet34cifar100,0,NO,NO,0.0,0.0,0.0,0.0,0.0,0.0,0.0,0.0,0.0,0.0,0.0,0.0,0.0,0.0
5294,mul8_079,0.1030000001192092,resnet18,cifar,resnet18cifar,2,NO,NO,0.3990101760862227,0.22278027074363743,0.41755219640727204,0.4174664107485605,0.13402703606066568,1.0,1.0,1.0,1.0,0.39041900709268773,1.0,0.9935062687211483,0.43991097922848665,1.0
5295,mul8_039,0.1076000034809112,resnet34,mnist,resnet34mnist,2,NO,NO,0.14103978924580715,0.07776006720505438,0.2389826960464194,0.23896353166986564,0.0389471879919908,1.0,1.0,1.0,1.0,0.21855062669676084,1.0,0.9463081030118777,0.14910979228486648,1.0
5296,mul8_025,0.0104999998584389,resnet34,cifar100,resnet34cifar100,2,NO,NO,0.30054907816879045,1.0,1.0,1.0,1.0,0.07397821369657089,0.037973461070442124,0.07397821369657089,0.037973461070442124,1.0,0.1256396935442456,1.0,1.0,1.0
5297,mul8_116,0.8847000002861023,resnet18,cifar,resnet18cifar,1,NO,NO,0.011726232664533024,0.0041471562046213025,0.049867034014431565,0.04990403071017274,0.002443635373461281,0.005760054348317062,0.0032203517804120434,0.005760054348317062,0.0032203517804120434,0.04905740796895156,0.03231907943844312,0.7580163677052428,0.05341246290801187,0.2857142857142857
5298,ReFAM_sta2_j2_k8_const1,0.1008000001311302,resnet34,cifar,resnet34cifar,2,NO,YES,0.034664157111104675,1.0,1.0,1.0,1.0,1.0,1.0,1.0,1.0,1.0,1.0,1.0,1.0,1.0
5299,mul8_346,0.9890000224113464,vgg16,mnist,vgg16mnist,0,NO,NO,0.06353290392161226,0.0026027623111609306,0.035432836023121375,0.03550863723608445,0.0032868423313990266,0.0028538286835529487,0.0006409097054800414,0.0028538286835529487,0.0006409097054800414,0.045963167313782166,0.014453939079080155,0.7042939263555078,0.05637982195845697,0.14285714285714285
5300,mul8_269,0.1008000001311302,resnet34,cifar,resnet34cifar,2,NO,NO,1.0,0.5860835308001936,0.8040382737591187,0.8039827255278311,0.6092581138009195,0.047379518562082286,0.03264776480545317,0.047379518562082286,0.03264776480545317,0.783761041046351,0.10904946167213056,0.9971726102600547,1.0,0.14285714285714285
5301,ReFAM_new2_sta1_j1_k2,0.6039000153541565,resnet34,cifar100,resnet34cifar100,2,NO,NO,0.013865662844441871,0.00021654395842355997,0.009916473881804753,0.009836852207293667,0.00023092389442389913,0.001492410568290431,0.0010763771218062065,0.001492410568290431,0.0010763771218062065,0.012404746626742444,0.018522748308581596,0.4772556501978257,0.010385756676557863,0.2857142857142857
5302,ReFAM_sta3_j4_k5_const0,0.1134999990463256,resnet18,mnist,resnet18mnist,2,YES,NO,1.0,0.7940893351336203,1.0,1.0,1.0,0.11571511941994735,0.09102498143117772,0.11571511941994735,0.09102498143117772,1.0,0.1949968052644465,1.0,1.0,0.14285714285714285
5303,ReFAM_new2_sta3_j6_k2,0.0102000003680586,resnet34,cifar100,resnet34cifar100,2,NO,NO,0.7470125857443058,0.30379763967085316,0.44648635290990046,0.4464971209213052,0.34893418203014226,0.059041460466477666,0.11025227259557895,0.059041460466477666,0.11025227259557895,0.5097386771573992,0.19329568322554833,0.5712151972453058,0.3323442136498516,0.2857142857142857
5304,ReFAM_new1_sta1_j2_k6,0.1027999967336654,resnet18,mnist,resnet18mnist,2,NO,YES,1.0,0.5136040557409625,0.8195648557538455,0.8195777351247602,0.5671245032968297,1.0,1.0,1.0,1.0,0.7806593617270481,1.0,0.9207058191081454,0.3768545994065282,1.0
5305,mul8_352,0.100500002503395,resnet34,cifar,resnet34cifar,2,NO,NO,1.0,0.9986546409191654,1.0,1.0,1.0,0.05895021744747203,0.03992779669290592,0.05895021744747203,0.03992779669290592,1.0,0.12264500217958595,1.0,1.0,0.2380952857142857
5306,ReFAM_new1_sta3_j5_k3,0.0979999974370002,vgg16,mnist,vgg16mnist,2,NO,YES,0.8527382649331751,0.25757266960487096,0.49817309216783723,0.49808061420345495,0.2869813661198078,1.0,1.0,1.0,1.0,0.5089474366316024,1.0,0.7967934529179028,0.3560830860534125,1.0
5307,ReFAM_new2_sta3_j4_k3,0.8219000101089478,vgg16,mnist,vgg16mnist,2,NO,NO,0.49743065454435215,0.07678314396351871,0.2722129752922576,0.27231285988483683,0.09609961916438335,0.037666202321005586,0.06445268945027507,0.037666202321005586,0.06445268945027507,0.2861682298449984,0.14635546359494336,0.7475763049060354,0.17804154302670624,0.2857142857142857
5308,ReFAM_new2_sta2_j4_k1,0.1011999994516372,resnet34,mnist,resnet34mnist,2,YES,NO,0.09705963991109309,0.0035156548544060325,0.051657910454052665,0.051583493282149714,0.0046260726930383795,0.006838709444284844,0.00627213552869783,0.006838709444284844,0.00627213552869783,0.05880973485848072,0.04496590291586799,0.5050958176623789,0.03560830860534125,0.2857142857142857
5309,mul8_041,0.7091000080108643,vgg16,cifar,vgg16cifar,0,NO,NO,0.0,0.0,0.0,0.0,0.0,0.0,0.0,0.0,0.0,0.0,0.0,0.0,0.0,0.0
5310,ReFAM_sta1_j2_k3_const0,0.3468999862670898,vgg16,cifar,vgg16cifar,2,YES,NO,0.15252229128886058,0.0043372481084248335,0.08117671642779704,0.08109404990403071,0.005707165768041914,0.007909233974202618,0.0035171017536343094,0.007909233974202618,0.0035171017536343094,0.07772729450704542,0.034042594483557564,0.839174772800857,0.06528189910979229,0.14285714285714285
5311,ReFAM_sta3_j5_k2_const0,0.1010999977588653,resnet34,cifar,resnet34cifar,2,YES,NO,0.6950163500776488,0.03859498000152854,0.3699075373584843,0.3699616122840691,0.05078518525493832,0.031132840801709947,0.019594277817676115,0.031132840801709947,0.019594277817676115,0.30958655755864384,0.08294070929100757,0.9674366560847423,0.21364985163204747,0.14285714285714285
5312,mul8_024,0.1000000014901161,vgg16,cifar,vgg16cifar,2,NO,NO,0.42891478497085,1.0,1.0,1.0,1.0,0.07492587633951076,0.03905335002625096,0.07492587633951076,0.03905335002625096,1.0,0.12737589795954926,1.0,1.0,0.42857142857142855
5313,mul8_010,0.9883999824523926,vgg16,mnist,vgg16mnist,0,NO,NO,0.30591118650549876,0.06765705009808168,0.21680350502759876,0.21689059500959693,0.06379536229376997,0.016201507948983406,0.010456485742831909,0.016201507948983406,0.010456485742831909,0.23062249310352867,0.059136197249541694,0.9520260075057678,0.3353115727002967,1.0
5314,mul8_427,0.1106000021100044,resnet34,cifar,resnet34cifar,2,NO,NO,0.6603521929665441,0.4890661223345986,0.6181097941066236,0.618042226487524,0.32525830982699544,0.04243071402631051,0.029624075729188435,0.04243071402631051,0.029624075729188435,0.5897595354098399,0.10309665418629786,1.0,0.8115727002967359,0.2857142857142857
5315,mul8_363,0.1035000011324882,resnet34,cifar,resnet34cifar,2,NO,NO,0.2035435975367678,1.0,1.0,1.0,1.0,0.046160837050808805,0.02557317520715431,0.046160837050808805,0.02557317520715431,1.0,0.09782160835527848,0.8983962173862579,1.0,0.14285714285714285
5316,ReFAM_new_sta2_j5_k2,0.2608000040054321,resnet18,cifar,resnet18cifar,2,NO,NO,0.05156293370276821,0.016364145339209744,0.08371348881616571,0.08373320537428024,0.013832583279933483,0.0037644520811538893,0.00029850589022358096,0.0037644520811538893,0.00029850589022358096,0.09909017964262896,0.010217928736497017,0.4859557025304986,0.0830860534124629,0.040816285714285715
5317,ReFAM_new_sta1_j5_k1,0.382099986076355,resnet34,cifar100,resnet34cifar100,2,NO,NO,0.029464533544438978,0.002674158663032125,0.02398402985366731,0.023992322456813823,0.0031133804446807213,0.001279209058534655,0.0001264260240946931,0.001279209058534655,0.0001264260240946931,0.040873859613605415,0.006431271385320937,0.23067407333497592,0.04747774480712166,0.04664728571428572
5318,ReFAM_new_sta3_j6_k2,0.1310999989509582,resnet18,cifar,resnet18cifar,2,NO,NO,0.18783640134579846,0.05795326103737294,0.17067000959272638,0.17058541266794627,0.052702468742405834,0.008589491333719987,0.0018454687683822563,0.008589491333719987,0.0018454687683822563,0.19676568128666172,0.025214524999552138,0.5171822215525088,0.21364985163204747,0.06762471428571429
5319,mul8_407,0.9236999750137328,resnet18,cifar,resnet18cifar,0,NO,NO,0.0,0.0,0.0,0.0,0.0,0.0,0.0,0.0,0.0,0.0,0.0,0.0,0.0,0.0
5320,mul8_495,0.1134999990463256,resnet34,mnist,resnet34mnist,2,NO,NO,1.0,0.9572565038086261,0.9465782412630459,0.9464971209213051,0.7401164075121125,0.05540619404589613,0.0711058589682583,0.05540619404589613,0.0711058589682583,0.8976558974615771,0.15702946322471234,0.9989278929073956,1.0,1.0
5321,mul8_283,0.1168000027537345,resnet18,cifar,resnet18cifar,2,NO,NO,0.655477545872795,0.11314438932056149,0.38101379992371753,0.3809980806142035,0.1199930846468494,0.027867966834517685,0.017148285434844066,0.027867966834517685,0.017148285434844066,0.36136981365028376,0.07727378585120295,0.9824909537782357,0.43991097922848665,0.14285714285714285
5322,ReFAM_new_sta1_j2_k7,0.1134999990463256,resnet18,mnist,resnet18mnist,2,NO,NO,0.3843388419693731,0.25477904356354925,0.27317507435565835,0.2732725527831094,0.2948943713694238,0.007339190954474249,0.001343276506006114,0.007339190954474249,0.001343276506006114,0.41119618404975594,0.021522664708025056,0.4459354618002032,0.5652818991097923,0.06098442857142857
5323,ReFAM_new_sta2_j1_k7,0.12950000166893,resnet18,cifar,resnet18cifar,2,NO,NO,0.28511269223883595,0.08703454990701348,0.23268400643639853,0.23272552783109407,0.07621903001406873,0.008627433975286692,0.0008112336546076141,0.008627433975286692,0.0008112336546076141,0.24991938401884056,0.017562088341902392,0.653352040057912,0.2314540059347181,0.046083
5324,ReFAM_sta4_j5_k4_const0,0.1134999990463256,resnet34,mnist,resnet34mnist,2,YES,NO,1.0,0.43316970547474076,1.0,1.0,0.5699861416819112,0.09398844014186934,0.07738852999896402,0.09398844014186934,0.07738852999896402,1.0,0.17489012498283205,1.0,0.8427299703264095,0.14285714285714285
5325,mul8_324,0.1000000014901161,vgg16,cifar,vgg16cifar,2,NO,NO,0.9641239492921341,0.25038409539398265,0.5654502589079713,0.5654990403071017,0.260001467200187,0.03418632005160199,0.022756684337044756,0.03418632005160199,0.022756684337044756,0.5345507176390317,0.08954589969127509,0.9929462887582495,0.6461424332344213,0.14285714285714285
5326,mul8_288,0.1040000021457672,resnet18,cifar,resnet18cifar,2,NO,NO,1.0,0.9780736611851323,0.8575849118047447,0.8574856046065259,0.7568702980896859,0.048634335922466916,0.03654238871437025,0.048634335922466916,0.03654238871437025,0.8524663322691179,0.11493509013931436,0.9999531653121939,1.0,0.21651785714285715
5327,ReFAM_sta4_j2_k6_const1,0.1009000018239021,resnet34,mnist,resnet34mnist,2,NO,YES,0.5442272666443434,0.10086171757572669,0.35955775692379094,0.3596449136276392,0.07684910151712776,1.0,1.0,1.0,1.0,0.3212086717207048,1.0,1.0,0.1913946587537092,1.0
5328,mul8_301,0.1132000014185905,vgg16,mnist,vgg16mnist,2,NO,NO,0.6400411668756719,1.0,0.5890050373547207,0.5890115163147793,1.0,0.034138440051529724,0.020270305863182462,0.034138440051529724,0.020270305863182462,0.8379130217088343,0.0850157945337179,0.9642681876401222,1.0,0.32722828571428575
5329,ReFAM_sta2_j1_k9_const0,0.1134999990463256,resnet34,mnist,resnet34mnist,2,YES,NO,1.0,1.0,1.0,1.0,1.0,0.176463095360699,0.12252613243477206,0.176463095360699,0.12252613243477206,1.0,0.2452280503753068,1.0,1.0,0.14285714285714285
5330,mul8_460,0.2899999916553497,resnet18,mnist,resnet18mnist,2,NO,NO,0.11089822311599977,0.006773516712098439,0.07085846576773441,0.07077735124760078,0.007020533885918374,0.006373460386978808,0.0021773370816308255,0.006373460386978808,0.0021773370816308255,0.0759698370181921,0.02681189277631477,0.8458863871925455,0.0897626112759644,0.14285714285714285
5331,ReFAM_new_sta2_j6_k3,0.7494000196456909,vgg16,mnist,vgg16mnist,2,NO,NO,0.5641591569832286,0.35722249732504524,0.4769096040291281,0.4769673704414588,0.30104151188247513,0.01488164606019871,0.0016136877242086522,0.01488164606019871,0.0016136877242086522,0.5039994797915871,0.025754196449364934,0.6913064637978045,0.49851632047477745,0.045714285714285714
5332,ReFAM_sta1_j2_k8_const0,0.101000003516674,vgg16,mnist,vgg16mnist,2,YES,NO,1.0,1.0,1.0,1.0,1.0,0.09825698731812374,0.05903392958421641,0.09825698731812374,0.05903392958421641,1.0,0.15913216650842274,0.9545113003956514,1.0,0.14285714285714285
5333,mul8_168,0.930400013923645,resnet34,cifar,resnet34cifar,0,NO,NO,0.0,0.0,0.0,0.0,0.0,0.0,0.0,0.0,0.0,0.0,0.0,0.0,0.0,0.0
5334,mul8_284,0.1000000014901161,vgg16,cifar,vgg16cifar,2,NO,NO,1.0,1.0,1.0,1.0,1.0,0.09031794126840442,0.05873015594298889,0.09031794126840442,0.05873015594298889,1.0,0.1555769035548151,1.0,1.0,1.0
5335,mul8_075,0.1134999990463256,resnet18,mnist,resnet18mnist,2,NO,NO,1.0,1.0,1.0,1.0,1.0,0.09031794126840442,0.05873015594298889,0.09031794126840442,0.05873015594298889,1.0,0.1555769035548151,1.0,1.0,1.0
5336,ReFAM_new_sta1_j2_k2,0.9890999794006348,vgg16,mnist,vgg16mnist,0,NO,NO,0.008232737313887361,0.00018265921076096093,0.006341930970921644,0.006238003838771593,0.00021447374753878412,0.0005140324536060866,4.389792503287955e-05,0.0005140324536060866,4.389792503287955e-05,0.01074282508158053,0.003750828541230003,0.2465825950082368,0.013353115727002967,0.052478142857142855
5337,ReFAM_new1_sta2_j7_k2,0.1027999967336654,resnet18,mnist,resnet18mnist,2,NO,YES,1.0,1.0,0.874350494022309,0.8742802303262956,1.0,1.0,1.0,1.0,1.0,0.9491435289134716,1.0,0.6231049768982811,0.6646884272997032,1.0
5338,ReFAM_sta1_j6_k3_const0,0.1134999990463256,resnet18,mnist,resnet18mnist,2,YES,NO,1.0,1.0,1.0,1.0,1.0,0.05282970800427125,0.03194539800492711,0.05282970800427125,0.03194539800492711,1.0,0.1097346876623493,0.8839171718364696,1.0,0.14285714285714285
5339,ReFAM_new2_sta3_j3_k3,0.5996999740600586,vgg16,cifar,vgg16cifar,2,NO,NO,0.2816462765277255,0.01950945628359616,0.15162980412294477,0.15163147792706333,0.02502946202851441,0.021455660409744393,0.031220204283383936,0.021455660409744393,0.031220204283383936,0.1526962278655991,0.10109770516472295,0.8018892705802818,0.08902077151335312,0.2857142857142857
5340,ReFAM_new_sta1_j5_k4,0.0997999981045723,resnet18,cifar,resnet18cifar,2,NO,NO,0.3691732732332648,0.25017753420120753,0.2666493703682964,0.2665547024952015,0.2891912149481882,0.006723074727129168,0.0012010472288995844,0.006723074727129168,0.0012010472288995844,0.40582400679913394,0.020294781533831355,0.38926141697329814,0.5459940652818991,0.05960485714285714
5341,ReFAM_sta1_j4_k4_const0,0.1134999990463256,resnet34,mnist,resnet34mnist,2,YES,NO,1.0,0.29434692889715436,0.6863122388895568,0.6861804222648753,0.3873162601113438,0.03656947930048223,0.023376523038509015,0.03656947930048223,0.023376523038509015,0.6502512285645439,0.09127090760347062,0.8729802540883628,0.5519287833827893,0.14285714285714285
5342,ReFAM_sta2_j7_k1_const0,0.1134999990463256,resnet34,mnist,resnet34mnist,2,YES,NO,1.0,0.207474587929585,0.8560453732385871,0.8560460652591171,0.27300533342104755,0.048516894412855685,0.0246583424494691,0.048516894412855685,0.0246583424494691,0.716761055455379,0.0971132429253029,0.9560028833877363,0.42729970326409494,0.14285714285714285
5343,ReFAM_new_sta1_j2_k7,0.1134999990463256,resnet34,mnist,resnet34mnist,2,NO,NO,0.3843388419693731,0.25477904356354925,0.27317507435565835,0.2732725527831094,0.2948943713694238,0.007339190954474249,0.001343276506006114,0.007339190954474249,0.001343276506006114,0.41119618404975594,0.021522664708025056,0.4459354618002032,0.5652818991097923,0.06098442857142857
5344,mul8_291,0.0115999998524785,resnet34,cifar100,resnet34cifar100,2,NO,NO,0.6919155302987577,0.3868154552900415,0.5609884987647413,0.5609404990403071,0.28851123437267384,0.03848196911468976,0.027682031525733845,0.03848196911468976,0.027682031525733845,0.54360210743635,0.09896663740647188,0.9932568231013116,0.8427299703264095,0.15178571428571427
5345,mul8_439,0.1000000014901161,resnet18,cifar,resnet18cifar,2,NO,NO,1.0,0.5732229065294372,0.7607429967592189,0.7607965451055663,0.5595320118063015,0.04487078723754081,0.03207357994602311,0.04487078723754081,0.03207357994602311,0.7457084545146896,0.1074789655028275,0.9958357853668072,0.8954005934718101,0.14285714285714285
5346,mul8_494,0.1134999990463256,resnet34,mnist,resnet34mnist,2,NO,NO,0.8942269279755285,0.13433029489465773,0.4797832929993288,0.47984644913627644,0.17222845207470258,0.0312873215566601,0.0174871774160979,0.0312873215566601,0.0174871774160979,0.4462975915708826,0.07884950705528983,0.9894357234635678,0.4992581602373887,0.14285714285714285
5347,mul8_466,0.1134999990463256,resnet34,mnist,resnet34mnist,2,NO,NO,0.37580144137863625,0.17591562620691414,0.35054257705493175,0.35052783109404995,0.12945260922867843,0.02617319551120482,0.016689991097500804,0.02617319551120482,0.016689991097500804,0.35032339741201995,0.07591602324095473,0.9896994231188236,0.5682492581602374,0.5
5348,ReFAM_new2_sta2_j4_k3,0.9641000032424928,vgg16,mnist,vgg16mnist,0,NO,NO,0.31544382971105256,0.06850113367131175,0.21723996271302506,0.21713051823416507,0.06673837921420196,0.024223666451658365,0.03440016997276573,0.024223666451658365,0.03440016997276573,0.23361356425137617,0.10637648316344506,0.7027096921331978,0.17804154302670624,0.2857142857142857
5349,ReFAM_new2_sta1_j6_k1,0.7060999870300293,vgg16,cifar,vgg16cifar,0,NO,NO,0.12479096559997684,0.05619952615086745,0.13283462688184972,0.13291746641074856,0.05765829733352183,0.008505475484536566,0.008841042101621942,0.008505475484536566,0.008841042101621942,0.186287651534122,0.05343045926562883,0.3261252033745411,0.142433234421365,0.2857142857142857
5350,ReFAM_new2_sta1_j5_k4,0.0098999999463558,resnet34,cifar100,resnet34cifar100,2,NO,NO,0.644753322266547,0.9801925967441979,0.6669405224692871,0.6669865642994242,0.8871573386834478,0.03157640834954929,0.036737295501516234,0.03157640834954929,0.036737295501516234,0.7919816230130547,0.11107528230116503,0.5950784888278907,0.7359050445103857,0.2857142857142857
5351,ReFAM_sta1_j6_k1_const1,0.1134999990463256,resnet34,mnist,resnet34mnist,2,NO,YES,0.16638795413330246,0.052989580414235855,0.20663164181621066,0.206573896353167,0.02681781271326597,1.0,1.0,1.0,1.0,0.186287651534122,1.0,0.8033808535723667,0.142433234421365,1.0
5352,mul8_239,0.6107000112533569,vgg16,mnist,vgg16mnist,2,NO,NO,0.005145464287595311,1.0,1.0,1.0,1.0,1.0,1.0,1.0,1.0,1.0,1.0,0.7912934315368497,1.0,1.0
5353,mul8_248,0.7084000110626221,vgg16,cifar,vgg16cifar,0,NO,NO,0.0,0.0,0.0,0.0,0.0,0.0,0.0,0.0,0.0,0.0,0.0,0.0,0.0,0.0
5354,mul8_311,0.1000000014901161,vgg16,cifar,vgg16cifar,2,NO,NO,1.0,1.0,1.0,1.0,1.0,0.09031794126840442,0.05873015594298889,0.09031794126840442,0.05873015594298889,1.0,0.1555769035548151,1.0,1.0,1.0
5355,ReFAM_sta4_j3_k5_const1,0.1009000018239021,resnet34,mnist,resnet34mnist,2,NO,YES,0.5355612273665673,0.100469231651084,0.35635706600071454,0.35628598848368526,0.07589038874809315,1.0,1.0,1.0,1.0,0.31862620195433355,1.0,1.0,0.19287833827893175,1.0
5356,mul8_378,0.8029999732971191,resnet34,mnist,resnet34mnist,2,NO,NO,0.0656994137410563,0.002239969085165465,0.035269785208474645,0.035268714011516315,0.002921290083956267,0.003021860381919789,0.0008955176706707429,0.003021860381919789,0.0008955176706707429,0.04412027887876668,0.01703958486352209,0.5973153542433246,0.04747774480712166,0.14285714285714285
5357,mul8_003,0.1013000011444091,resnet34,cifar,resnet34cifar,2,NO,NO,1.0,1.0,1.0,1.0,1.0,0.09031794126840442,0.05873015594298889,0.09031794126840442,0.05873015594298889,1.0,0.1555769035548151,1.0,1.0,1.0
5358,mul8_080,0.0098999999463558,resnet34,cifar100,resnet34cifar100,2,NO,NO,0.4800985759887998,0.29799493828497187,0.30046575657629554,0.30038387715930903,0.3613541828000585,1.0,1.0,1.0,1.0,0.45449111499076,1.0,0.6723832136333739,0.4280415430267062,1.0
5359,mul8_150,0.1134999990463256,resnet34,mnist,resnet34mnist,2,NO,NO,0.5840368880430434,0.0889692639161338,0.32533430269156316,0.32533589251439543,0.1057193465711026,0.02183328003295589,0.010802401392091,0.02183328003295589,0.010802401392091,0.32121856287017486,0.061262039973008955,0.9733408811844696,0.39243323442136496,0.14285714285714285
5360,ReFAM_new1_sta1_j5_k3,0.1000000014901161,resnet18,cifar,resnet18cifar,2,NO,YES,1.0,0.48535143810664155,0.7739461941241105,0.7739923224568139,0.5385844373763006,1.0,1.0,1.0,1.0,0.7468793159495415,1.0,0.7894607698400902,0.3560830860534125,1.0
5361,mul8_393,0.1041999980807304,resnet34,cifar,resnet34cifar,2,NO,NO,0.6558456861541464,0.11306763880467735,0.38106041749805153,0.3809980806142035,0.12001670182065986,0.02786435324960657,0.01714652951784275,0.02786435324960657,0.01714652951784275,0.3614105530590208,0.07727229298412187,0.9764472427604772,0.43991097922848665,0.14285714285714285
5362,ReFAM_sta3_j4_k1_const0,0.9872000217437744,vgg16,mnist,vgg16mnist,0,YES,NO,0.11785813417775591,0.001846992586553894,0.06272746269420681,0.06261996161228407,0.0024303642771397287,0.006964281519946085,0.003076366586304199,0.006964281519946085,0.003076366586304199,0.05639272664420592,0.031768211485522176,0.8431516486828253,0.04154302670623145,0.14285714285714285
5363,mul8_486,0.1000000014901161,resnet18,cifar,resnet18cifar,2,NO,NO,1.0,0.9417784026189081,0.9451026588798812,0.9450575815738963,0.8813551571200237,0.05154327177591437,0.03874957638502344,0.05154327177591437,0.03874957638502344,0.9306070952311885,0.11878220860727444,1.0,1.0,0.17857142857142858
5364,mul8_416,0.1000000014901161,vgg16,cifar,vgg16cifar,2,NO,NO,0.826352546360693,0.21033863522533308,0.5037624817688164,0.5038387715930902,0.20248430489149358,0.032307255897822275,0.02316405708134988,0.032307255897822275,0.02316405708134988,0.4744488153574112,0.08979147632611383,0.996085230986644,0.7626112759643917,0.5089285714285714
5365,ReFAM_sta1_j3_k6_const0,0.101000003516674,vgg16,mnist,vgg16mnist,2,YES,NO,1.0,1.0,1.0,1.0,1.0,0.06020503480785665,0.04018591649209925,0.06020503480785665,0.04018591649209925,1.0,0.12339292858721032,0.9167289432261769,1.0,0.14285714285714285
5366,mul8_085,0.0998999997973442,resnet18,cifar,resnet18cifar,2,NO,NO,0.49673330876291655,0.2918734246809161,0.4898530211420478,0.4899232245681382,0.17470242881976722,0.03512585212849185,0.02863900629145062,0.03512585212849185,0.02863900629145062,0.4533409399719592,0.0996481312289879,0.9966289206233494,0.49554896142433236,0.4017857142857143
5367,ReFAM_sta1_j3_k2_const1,0.6298999786376953,vgg16,cifar,vgg16cifar,2,NO,YES,0.048529819955546546,0.004088859450233103,0.059037611947488765,0.059021113243762004,0.0019107691558202004,1.0,1.0,1.0,1.0,0.052068981461103,1.0,0.9107626112578372,0.04154302670623145,1.0
5368,ReFAM_new_sta3_j2_k5,0.989300012588501,vgg16,mnist,vgg16mnist,0,NO,NO,0.04798819250068554,0.011692897944106183,0.06816854981397397,0.06813819577735125,0.010468397019017629,0.004348046044298936,0.0008639111646470695,0.004348046044298936,0.0008639111646470695,0.08412763698444146,0.01693732346846766,0.463335566465549,0.08605341246290801,0.06762471428571429
5369,ReFAM_new_sta2_j6_k3,0.0100999996066093,resnet34,cifar100,resnet34cifar100,2,NO,NO,0.5641591569832286,0.35722249732504524,0.4769096040291281,0.4769673704414588,0.30104151188247513,0.01488164606019871,0.0016136877242086522,0.01488164606019871,0.0016136877242086522,0.5039994797915871,0.025754196449364934,0.6913064637978045,0.49851632047477745,0.045714285714285714
5370,mul8_360,0.0099999997764825,resnet34,cifar100,resnet34cifar100,2,NO,NO,1.0,1.0,1.0,1.0,1.0,0.06589010726926808,0.036312363587197964,0.06589010726926808,0.036312363587197964,1.0,0.12035718337782077,1.0,1.0,0.44642857142857145
5371,mul8_256,0.1000000014901161,resnet18,cifar,resnet18cifar,2,NO,NO,1.0,1.0,1.0,1.0,1.0,0.09031794126840442,0.05873015594298889,0.09031794126840442,0.05873015594298889,1.0,0.1555769035548151,1.0,1.0,1.0
5372,mul8_313,0.1045000031590461,resnet34,cifar,resnet34cifar,2,NO,NO,1.0,1.0,1.0,1.0,1.0,0.09031794126840442,0.05873015594298889,0.09031794126840442,0.05873015594298889,1.0,0.1555769035548151,1.0,1.0,1.0
5373,ReFAM_new2_sta1_j3_k4,0.1133999973535537,resnet18,mnist,resnet18mnist,2,NO,NO,0.16118833056663676,0.07073901994751994,0.16754228546816635,0.16746641074856047,0.06758545479247378,0.012428925301779508,0.015474896532590697,0.012428925301779508,0.015474896532590697,0.211314571418077,0.07082310719382788,0.5428781748318533,0.18397626112759644,0.2857142857142857
5374,ReFAM_sta4_j1_k4_const1,0.1293999999761581,resnet34,cifar,resnet34cifar,2,NO,YES,0.10572567918886927,0.0013016521030239727,0.057653917917469495,0.05758157389635317,0.0015187157805100523,1.0,1.0,1.0,1.0,0.04952659873154156,1.0,1.0,0.022997032640949554,1.0
5375,mul8_119,0.3251999914646148,resnet34,cifar,resnet34cifar,2,NO,NO,0.060838306467074804,0.004952054072300207,0.059004281525693654,0.059021113243762004,0.003520884115012369,0.005902790952306099,0.002895507135168735,0.005902790952306099,0.002895507135168735,0.058420542218575455,0.030701557956085822,0.9050457249093342,0.07270029673590504,0.7142857142857143
5376,mul8_150,0.1134999990463256,resnet18,mnist,resnet18mnist,2,NO,NO,0.5840368880430434,0.0889692639161338,0.32533430269156316,0.32533589251439543,0.1057193465711026,0.02183328003295589,0.010802401392091,0.02183328003295589,0.010802401392091,0.32121856287017486,0.061262039973008955,0.9733408811844696,0.39243323442136496,0.14285714285714285
5377,ReFAM_sta3_j4_k6_const1,0.1000000014901161,resnet34,cifar,resnet34cifar,2,NO,YES,0.5082632036415723,1.0,1.0,1.0,1.0,1.0,1.0,1.0,1.0,1.0,1.0,1.0,1.0,1.0
5378,mul8_429,0.1018000021576881,resnet34,cifar,resnet34cifar,2,NO,NO,0.25526902294241,1.0,1.0,1.0,1.0,0.08217924465234602,0.04625963339964847,0.08217924465234602,0.04625963339964847,1.0,0.13888366385410508,1.0,1.0,0.7142857142857143
5379,ReFAM_new2_sta4_j3_k1,0.0089999996125698,resnet34,cifar100,resnet34cifar100,2,NO,NO,1.0,1.0,1.0,1.0,1.0,1.0,1.0,1.0,1.0,1.0,1.0,1.0,1.0,0.2857142857142857
5380,mul8_280,0.101000003516674,vgg16,mnist,vgg16mnist,2,NO,NO,1.0,1.0,1.0,1.0,1.0,0.08954824768233698,0.06551501923607074,0.08954824768233698,0.06551501923607074,1.0,0.16205818598735242,1.0,1.0,0.8571428571428571
5381,mul8_407,0.7001000046730042,resnet34,cifar100,resnet34cifar100,0,NO,NO,0.0,0.0,0.0,0.0,0.0,0.0,0.0,0.0,0.0,0.0,0.0,0.0,0.0,0.0
5382,ReFAM_new2_sta1_j1_k8,0.0992999970912933,resnet34,cifar,resnet34cifar,2,NO,NO,0.6690182322443203,1.0,0.6834079241581584,0.6833013435700576,0.8982825012205099,0.034081526089179665,0.04252655385485239,0.034081526089179665,0.04252655385485239,0.8025373391636904,0.11952789571427717,0.6711410762611257,0.7581602373887241,0.2857142857142857
5383,ReFAM_new_sta2_j4_k2,0.5763000249862671,resnet34,cifar100,resnet34cifar100,2,NO,NO,0.018198682483329957,0.002408852508088554,0.029057574630404627,0.029030710172744723,0.002245729922033747,0.0016252098137739014,0.00010535502007891092,0.0016252098137739014,0.00010535502007891092,0.0378971244065334,0.005919964410048787,0.3827992482014462,0.02373887240356083,0.040816285714285715
5384,ReFAM_sta1_j7_k1_const0,0.9861999750137328,vgg16,mnist,vgg16mnist,0,YES,NO,0.9983277247998147,0.21195832165694342,0.5313385075273989,0.5314299424184261,0.2789052522179661,0.024382664187747417,0.012163237068110264,0.024382664187747417,0.012163237068110264,0.5233287971107037,0.06531144193045628,0.7477005186432601,0.42729970326409494,0.14285714285714285
5385,mul8_382,0.1000000014901161,vgg16,cifar,vgg16cifar,2,NO,NO,0.8180741078220704,0.18609246427024687,0.4780822754949426,0.47816698656429946,0.19687309399482958,0.03099823476377092,0.022389697683769885,0.03099823476377092,0.022389697683769885,0.45725113549191326,0.0880940864549184,0.9805493505250575,0.5467359050445104,1.0
5386,mul8_473,0.701200008392334,vgg16,cifar,vgg16cifar,0,NO,NO,0.025537736229904504,0.0007687694188979186,0.015393596083964355,0.015355086372360844,0.0009472945489156869,0.0014364000021681509,0.00031430914323541753,0.0014364000021681509,0.00031430914323541753,0.023273660855098424,0.010061924126523472,0.45488394160732576,0.026706231454005934,0.14285714285714285
5387,mul8_138,0.1000000014901161,vgg16,cifar,vgg16cifar,2,NO,NO,0.39013425920280165,1.0,1.0,1.0,1.0,0.07579855709554499,0.039393997924506104,0.07579855709554499,0.039393997924506104,1.0,0.12814994954109266,1.0,1.0,0.42857142857142855
5388,mul8_497,0.101400002837181,resnet34,cifar,resnet34cifar,2,NO,NO,0.7330385974088918,0.15654485890250427,0.4356404351438034,0.43570057581573896,0.15973760700740317,0.03009845212090332,0.020481015903340283,0.03009845212090332,0.020481015903340283,0.41469600514419896,0.08436191875220198,0.981667274160081,0.5459940652818991,0.42857142857142855
5389,ReFAM_new2_sta4_j2_k6,0.1000000014901161,resnet18,cifar,resnet18cifar,2,NO,NO,1.0,1.0,1.0,1.0,1.0,1.0,1.0,1.0,1.0,1.0,1.0,1.0,1.0,0.2857142857142857
5390,ReFAM_new1_sta3_j1_k3,0.5986999869346619,vgg16,cifar,vgg16cifar,2,YES,YES,0.1074588870444245,0.0011814383613991287,0.057192686574129736,0.05710172744721689,0.0015545950807221366,1.0,1.0,1.0,1.0,0.049396974324446466,1.0,0.986328343742173,0.02225519287833828,1.0
5391,mul8_205,0.1000000014901161,vgg16,cifar,vgg16cifar,2,NO,NO,0.5543557035166601,1.0,1.0,1.0,1.0,0.07577055181248385,0.038951506840174684,0.07577055181248385,0.038951506840174684,1.0,0.12758937795214464,1.0,1.0,0.42857142857142855
5392,mul8_062,0.1134999990463256,resnet34,mnist,resnet34mnist,2,NO,NO,0.45686276164167816,0.0832475861462818,0.27717301288032437,0.2771113243761996,0.08775079708724662,0.019383269463220026,0.009813820120350552,0.019383269463220026,0.009813820120350552,0.28232772442989046,0.05805760078345665,0.9677787529348041,0.39243323442136496,0.2857142857142857
5393,ReFAM_new1_sta3_j6_k1,0.1000000014901161,resnet34,cifar,resnet34cifar,2,NO,YES,0.3899717674999276,0.055485408758566224,0.21441492073506904,0.21449136276391556,0.0694464111350252,1.0,1.0,1.0,1.0,0.2347400237911109,1.0,0.541635019314218,0.142433234421365,1.0
5394,ReFAM_new2_sta2_j4_k3,0.1000000014901161,resnet18,cifar,resnet18cifar,2,NO,NO,0.31544382971105256,0.06850113367131175,0.21723996271302506,0.21713051823416507,0.06673837921420196,0.024223666451658365,0.03440016997276573,0.024223666451658365,0.03440016997276573,0.23361356425137617,0.10637648316344506,0.7027096921331978,0.17804154302670624,0.2857142857142857
5395,ReFAM_sta1_j4_k2_const0,0.1134999990463256,resnet18,mnist,resnet18mnist,2,YES,NO,0.2911789197332793,0.01635543780093241,0.154973731362158,0.15499040307101727,0.02152129470239594,0.012186815112734815,0.005432807202069173,0.012186815112734815,0.005432807202069173,0.14944648448123987,0.042724362993616496,0.8192893752456275,0.12462908011869436,0.14285714285714285
5396,mul8_266,0.1000000014901161,vgg16,cifar,vgg16cifar,2,NO,NO,1.0,0.6756794394823326,0.7034684471564224,0.7034548944337813,0.7280625072127753,1.0,1.0,1.0,1.0,0.7646070791357383,1.0,0.9809067195559257,1.0,1.0
5397,ReFAM_sta4_j2_k7_const0,0.1134999990463256,resnet18,mnist,resnet18mnist,2,YES,NO,1.0,0.43703684620283795,1.0,1.0,0.5750747168871725,0.09732377901482833,0.08417514920904719,0.09732377901482833,0.08417514920904719,1.0,0.18214172682921004,1.0,0.8545994065281899,0.14285714285714285
5398,mul8_048,0.1036000028252601,resnet34,cifar,resnet34cifar,2,NO,NO,0.8148785093048061,0.3521875820701602,0.5672886532455086,0.5671785028790788,0.29880684050340844,0.03867168232252329,0.028370350990249395,0.03867168232252329,0.028370350990249395,0.5512076434363727,0.10011465219182744,0.9958052410051945,0.706973293768546,0.15178571428571427
5399,ReFAM_new_sta2_j7_k1,0.1132000014185905,resnet34,mnist,resnet34mnist,2,NO,NO,0.21838418979995947,0.08157019845616896,0.2067469496520456,0.20681381957773515,0.0713437460081335,0.007122375859807359,0.000637397871477411,0.007122375859807359,0.000637397871477411,0.23279662135441945,0.015397431074326867,0.5118074320540675,0.18991097922848665,0.040816285714285715
5400,ReFAM_sta3_j1_k2_const1,0.4542999863624573,resnet18,mnist,resnet18mnist,2,NO,YES,0.027731325688883743,8.598068937406058e-05,0.015220634330211947,0.015115163147792706,9.611462173602159e-05,1.0,1.0,1.0,1.0,0.012911268763810336,1.0,0.9545113003956514,0.0051928783382789315,1.0
5401,mul8_315,0.1134999990463256,resnet34,mnist,resnet34mnist,2,NO,NO,0.787309668385965,0.466251335490281,0.6411325108350991,0.6410748560460653,0.32363960502182443,0.04710940308997645,0.04429827410917941,0.04710940308997645,0.04429827410917941,0.6022553731889685,0.12478502714032352,1.0,0.7047477744807121,1.0
5402,mul8_125,0.9846000075340272,resnet34,mnist,resnet34mnist,0,NO,NO,0.024373235468745477,0.0007692454207321733,0.015076501380343645,0.015115163147792706,0.0009395472348066162,0.0014490475493570527,0.0003213328112406783,0.0014490475493570527,0.0003213328112406783,0.023088446780373865,0.010165678388658986,0.44245544086713406,0.026706231454005934,0.14285714285714285
5403,ReFAM_new_sta2_j3_k5,0.1017000004649162,resnet34,cifar,resnet34cifar,2,NO,NO,0.28511269223883595,0.08703454990701348,0.23268400643639853,0.23272552783109407,0.07621903001406873,0.008627433975286692,0.0008112336546076141,0.008627433975286692,0.0008112336546076141,0.24991938401884056,0.017562088341902392,0.653352040057912,0.2314540059347181,0.046083
5404,ReFAM_new1_sta3_j4_k3,0.1000000014901161,vgg16,cifar,vgg16cifar,2,NO,YES,0.5251619802332359,0.06384145797773419,0.2862805312641201,0.2862284069097889,0.0792872370935578,1.0,1.0,1.0,1.0,0.2806612498159249,1.0,0.857692801101226,0.17804154302670624,1.0
5405,ReFAM_new_sta2_j5_k1,0.9883000254631042,vgg16,mnist,vgg16mnist,0,NO,NO,0.024264909977773273,0.002340585432960538,0.027443264928715478,0.027351247600767757,0.0023580164223257175,0.0014779562286459716,9.130768406838946e-05,0.0014779562286459716,9.130768406838946e-05,0.0378971244065334,0.005533311836047366,0.3201588714062013,0.02373887240356083,0.031746
5406,ReFAM_new_sta3_j1_k7,0.1297000050544738,resnet34,cifar,resnet34cifar,2,NO,NO,0.20798494266662806,0.059711996535296664,0.1783514929091843,0.1782629558541267,0.054497327791841375,0.009270652089465134,0.002043887389530872,0.009270652089465134,0.002043887389530872,0.2023469694558841,0.026588709147692326,0.5832710567738232,0.228486646884273,0.06762471428571429
5407,ReFAM_new1_sta2_j3_k1,0.3129999935626983,resnet18,cifar,resnet18cifar,2,YES,YES,0.07799435349998553,0.0010882926145772299,0.04151082090057804,0.04150671785028791,0.0014320292960560382,1.0,1.0,1.0,1.0,0.03941360490903541,1.0,0.7317919969699993,0.017804154302670624,1.0
5408,ReFAM_new_sta2_j6_k3,0.0971999987959861,resnet34,mnist,resnet34mnist,2,NO,NO,0.5641591569832286,0.35722249732504524,0.4769096040291281,0.4769673704414588,0.30104151188247513,0.01488164606019871,0.0016136877242086522,0.01488164606019871,0.0016136877242086522,0.5039994797915871,0.025754196449364934,0.6913064637978045,0.49851632047477745,0.045714285714285714
5409,mul8_211,0.1011999994516372,vgg16,mnist,vgg16mnist,2,NO,NO,1.0,0.26840505422515476,0.5687637817770316,0.5688579654510556,0.30831287897231985,0.036972394018071536,0.026284321592686958,0.036972394018071536,0.026284321592686958,0.555776542410324,0.09629813749902963,0.991952578860451,0.5593471810089021,1.0
5410,mul8_278,0.1507000029087066,vgg16,mnist,vgg16mnist,2,NO,NO,0.3121669853423513,1.0,1.0,1.0,1.0,0.07445249671615471,0.03750463123109097,0.07445249671615471,0.03750463123109097,1.0,0.12523885873297383,1.0,1.0,0.4330357142857143
5411,ReFAM_new2_sta3_j2_k4,0.0991000011563301,resnet34,mnist,resnet34mnist,2,NO,NO,0.2920455236610569,0.019329533729905993,0.15710692632510437,0.15714971209213052,0.024791446565785673,0.02233285814691752,0.03362054282418179,0.02233285814691752,0.03362054282418179,0.1553131163417438,0.10492168419292619,0.9003225484586297,0.09198813056379822,0.2857142857142857
5412,ReFAM_sta3_j7_k3_const1,0.0979999974370002,vgg16,mnist,vgg16mnist,2,NO,YES,0.5888573689248907,1.0,1.0,1.0,1.0,1.0,1.0,1.0,1.0,1.0,1.0,0.9642834598209286,1.0,1.0
5413,ReFAM_sta2_j1_k2_const0,0.8913999795913696,resnet18,cifar,resnet18cifar,1,YES,NO,0.019065286411107572,7.244669197258808e-05,0.01014708955347463,0.010076775431861805,9.532894362918763e-05,0.0015439041532738175,0.000618082784462944,0.0015439041532738175,0.000618082784462944,0.009853401227258852,0.014058329302592215,0.6999749536234776,0.0051928783382789315,0.14285714285714285
5414,ReFAM_new1_sta2_j2_k7,0.1000000014901161,resnet34,cifar,resnet34cifar,2,NO,YES,1.0,1.0,1.0,1.0,1.0,1.0,1.0,1.0,1.0,1.0,1.0,0.9875246645720023,0.7566765578635015,1.0
5415,ReFAM_new1_sta3_j7_k1,0.0979999974370002,vgg16,mnist,vgg16mnist,2,NO,YES,0.6230882240721066,0.22335215620462132,0.3772295849340029,0.3771593090211133,0.2541009974480674,1.0,1.0,1.0,1.0,0.4332114925444351,1.0,0.4890009753832808,0.28486646884273,1.0
5416,ReFAM_new2_sta4_j3_k5,0.1027000024914741,resnet34,mnist,resnet34mnist,2,NO,NO,1.0,1.0,1.0,1.0,1.0,1.0,1.0,1.0,1.0,1.0,1.0,1.0,1.0,0.2857142857142857
5417,ReFAM_sta1_j6_k1_const0,0.1018000021576881,resnet34,cifar,resnet34cifar,2,YES,NO,0.49916386239990734,0.052989580414235855,0.26566925376369943,0.265595009596929,0.06972631305449152,0.015888029457944194,0.006914801151179185,0.015888029457944194,0.006914801151179185,0.26166439855535184,0.048648059571368,0.7477005186432601,0.21364985163204747,0.14285714285714285
5418,ReFAM_sta2_j4_k1_const1,0.6588000059127808,vgg16,cifar,vgg16cifar,1,NO,YES,0.038130572822215145,0.002136779354444246,0.04151082090057804,0.04150671785028791,0.001197373434814961,1.0,1.0,1.0,1.0,0.03808998557957571,1.0,0.779517561989782,0.017804154302670624,1.0
5419,mul8_307,0.1641000062227249,resnet34,cifar,resnet34cifar,2,NO,NO,0.1022321838382236,0.005279975415891779,0.0701456751598864,0.07005758157389635,0.004534897426331287,0.00734641812429648,0.007251937215431701,0.00734641812429648,0.007251937215431701,0.06804904025410628,0.048350232588691235,0.9097994457216513,0.08531157270029674,1.0
5420,ReFAM_sta2_j2_k1_const0,0.9144999980926514,resnet34,cifar,resnet34cifar,0,YES,NO,0.017332078555552338,6.687386951315823e-05,0.00922462686679512,0.009117082533589253,8.799594796540397e-05,0.0013840030209569855,0.0004986804283735117,0.0013840030209569855,0.0004986804283735117,0.009179671563434416,0.012630401939532911,0.6363408669304342,0.004451038575667656,0.14285714285714285
5421,mul8_372,0.0099999997764825,resnet34,cifar100,resnet34cifar100,2,NO,NO,1.0,0.776625920974193,0.9454194178070839,0.9452975047984645,0.7372008300748149,0.05257585366426543,0.03845107049479986,0.05257585366426543,0.03845107049479986,0.8962876299056917,0.11869189014886869,0.9989126207265893,1.0,0.14285714285714285
5422,mul8_283,0.1036000028252601,resnet34,cifar,resnet34cifar,2,NO,NO,0.655477545872795,0.11314438932056149,0.38101379992371753,0.3809980806142035,0.1199930846468494,0.027867966834517685,0.017148285434844066,0.027867966834517685,0.017148285434844066,0.36136981365028376,0.07727378585120295,0.9824909537782357,0.43991097922848665,0.14285714285714285
5423,mul8_368,0.9882000088691713,vgg16,mnist,vgg16mnist,0,NO,NO,0.028922906089577965,0.009937956449188597,0.07756253714019269,0.07749520153550864,0.00596247136183334,0.007355452086574267,0.004215956720157752,0.007355452086574267,0.004215956720157752,0.07644852101044594,0.037079832560028184,0.7926913451533225,0.08011869436201781,0.2857142857142857
5424,mul8_134,0.1062000021338462,resnet18,cifar,resnet18cifar,2,NO,NO,0.47316574456657884,0.097892995439839,0.3037672320826678,0.30374280230326295,0.09328965540245711,0.022825209091056918,0.014064895180534607,0.022825209091056918,0.014064895180534607,0.300741238789161,0.06941757283698488,0.9564997383366355,0.4043026706231454,0.14285714285714285
5425,mul8_229,0.1014999970793724,resnet34,cifar,resnet34cifar,2,NO,NO,0.6236840177388694,1.0,1.0,1.0,1.0,0.07748339106035228,0.04103051256973185,0.07748339106035228,0.04103051256973185,1.0,0.13083561741996738,1.0,1.0,0.42857142857142855
5426,mul8_285,0.1045999974012374,resnet18,cifar,resnet18cifar,2,NO,NO,0.43156875603325323,0.15723599151657197,0.3197893905514848,0.31981765834932824,0.1459527747872971,0.021655310976083485,0.013877012061393882,0.021655310976083485,0.013877012061393882,0.34473920469890557,0.06872861467906344,0.9726882499913457,0.4473293768545994,0.3452381428571428
5427,mul8_057,0.1017000004649162,resnet34,cifar,resnet34cifar,2,NO,NO,1.0,1.0,1.0,1.0,1.0,0.07353735633741487,0.0565686221143699,0.07353735633741487,0.0565686221143699,1.0,0.14710936147089207,1.0,1.0,1.0
5428,mul8_040,0.1000000014901161,vgg16,cifar,vgg16cifar,2,NO,NO,0.9404886859969583,0.25386571874761166,0.5582672781172457,0.5583013435700577,0.25882140409359994,0.03417818948555198,0.023694344015747066,0.03417818948555198,0.023694344015747066,0.529985348511525,0.09119178564817303,0.9949347266992338,0.7655786350148368,0.5089285714285714
5429,ReFAM_new1_sta1_j5_k4,0.1009000018239021,resnet34,mnist,resnet34mnist,2,NO,YES,1.0,1.0,1.0,1.0,1.0,1.0,1.0,1.0,1.0,1.0,1.0,0.8525969834388472,0.7359050445103857,1.0
5430,mul8_234,0.1000000014901161,vgg16,cifar,vgg16cifar,2,NO,NO,0.3788684081416926,1.0,1.0,1.0,1.0,0.07312269746886445,0.03766266376120934,0.07312269746886445,0.03766266376120934,1.0,0.12490445650681047,1.0,1.0,0.7142857142857143
5431,ReFAM_new2_sta3_j4_k2,0.1032000035047531,resnet18,mnist,resnet18mnist,2,NO,NO,0.25911457440550745,0.019273805505311697,0.1396377891961111,0.13963531669865645,0.02477045014596148,0.019665129086286984,0.02696210555519462,0.019665129086286984,0.02696210555519462,0.14602416029927076,0.09391178946991276,0.6726326592532108,0.0830860534124629,0.2857142857142857
5432,ReFAM_new1_sta1_j5_k1,0.1134999990463256,resnet34,mnist,resnet34mnist,2,NO,YES,0.2703804254666165,0.023424961149466284,0.154973731362158,0.15499040307101727,0.026750768181482806,1.0,1.0,1.0,1.0,0.15690900214762732,1.0,0.6124785934932364,0.0712166172106825,1.0
5433,ReFAM_sta2_j4_k6_const0,0.1000000014901161,resnet18,cifar,resnet18cifar,2,YES,NO,1.0,1.0,1.0,1.0,1.0,0.17491919120742516,0.11941464750844157,0.17491919120742516,0.11941464750844157,1.0,0.24244385326908033,1.0,1.0,0.14285714285714285
5434,ReFAM_sta1_j2_k1_const1,0.8985999822616577,resnet34,cifar,resnet34cifar,1,NO,YES,0.013865662844441871,0.0001846992586553894,0.013145093285183046,0.013195777351247601,9.735861626212527e-05,1.0,1.0,1.0,1.0,0.011642979235984173,1.0,0.8272431270095645,0.00741839762611276,1.0
5435,ReFAM_sta1_j3_k6_const0,0.1134999990463256,resnet34,mnist,resnet34mnist,2,YES,NO,1.0,1.0,1.0,1.0,1.0,0.06020503480785665,0.04018591649209925,0.06020503480785665,0.04018591649209925,1.0,0.12339292858721032,0.9167289432261769,1.0,0.14285714285714285
5436,mul8_018,0.100100003182888,resnet34,mnist,resnet34mnist,2,NO,NO,0.36955241591808324,1.0,1.0,1.0,1.0,0.07328259860118128,0.03792253947740399,0.07328259860118128,0.03792253947740399,1.0,0.12529708054913624,1.0,1.0,1.0
5437,ReFAM_sta4_j2_k8_const1,0.1000000014901161,vgg16,cifar,vgg16cifar,2,NO,YES,1.0,1.0,1.0,1.0,1.0,1.0,1.0,1.0,1.0,1.0,1.0,1.0,1.0,1.0
5438,ReFAM_sta2_j2_k8_const0,0.1134999990463256,resnet34,mnist,resnet34mnist,2,YES,NO,1.0,1.0,1.0,1.0,1.0,0.17630319422838217,0.12217846086851168,0.17630319422838217,0.12217846086851168,1.0,0.24492425192430564,1.0,1.0,0.14285714285714285
5439,mul8_312,0.1039000004529953,resnet18,cifar,resnet18cifar,2,NO,NO,0.24226996402574574,1.0,1.0,1.0,1.0,0.04514180610587442,0.02566799472522533,0.04514180610587442,0.02566799472522533,1.0,0.09764992864095352,0.8665486296781235,1.0,0.14285714285714285
5440,mul8_342,0.4512999951839447,resnet34,cifar100,resnet34cifar100,2,NO,NO,0.029730268972852705,0.0008993374901281432,0.016981781642366738,0.017034548944337813,0.0011366067183321104,0.0015420973608182601,0.0003213328112406783,0.0015420973608182601,0.0003213328112406783,0.025536216631916943,0.010174635591145507,0.4459354618002032,0.02967359050445104,0.14285714285714285
5441,ReFAM_new1_sta4_j2_k5,0.101000003516674,vgg16,mnist,vgg16mnist,2,NO,YES,1.0,1.0,1.0,1.0,1.0,1.0,1.0,1.0,1.0,1.0,1.0,1.0,1.0,1.0
5442,mul8_089,0.0093000000342726,resnet34,cifar100,resnet34cifar100,2,NO,NO,0.29805759187642983,1.0,1.0,1.0,1.0,0.07508306728314425,0.0390586177772549,0.07508306728314425,0.0390586177772549,1.0,0.12744456984527924,1.0,1.0,0.42857142857142855
5443,ReFAM_sta4_j6_k1_const0,0.100100003182888,resnet18,cifar,resnet18cifar,2,YES,NO,0.4437012110221399,0.022240338318090337,0.23615044778995506,0.23608445297504801,0.02926493812335149,0.022027510221928313,0.013106164497816517,0.022027510221928313,0.013106164497816517,0.20689928843790756,0.06700883180165171,0.8645286292301395,0.142433234421365,0.14285714285714285
5444,ReFAM_sta4_j3_k3_const1,0.1000000014901161,resnet34,cifar,resnet34cifar,2,NO,YES,0.17505399341107863,0.005393696023233893,0.0999718936688921,0.10004798464491363,0.0054796955888671605,1.0,1.0,1.0,1.0,0.08817306027202788,1.0,0.9624660703049752,0.04451038575667656,1.0
5445,mul8_000,0.1064999997615814,resnet34,cifar,resnet34cifar,2,NO,NO,0.15252229128886058,0.344381321172904,0.3635502935069638,0.3634836852207294,0.29855618287234964,0.017958613612013,0.009899860053414995,0.017958613612013,0.009899860053414995,0.4490579991640922,0.057979225261699595,0.8805929271476249,0.6083086053412463,0.7999999999999999
5446,ReFAM_new2_sta1_j3_k6,0.101400002837181,resnet34,cifar,resnet34cifar,2,NO,NO,0.6603521929665441,0.9961714709703717,0.6797829336078661,0.6797024952015356,0.8939908003577567,0.0333967517485234,0.04080575519356351,0.0333967517485234,0.04080575519356351,0.7997064781092714,0.11708705803670065,0.6534925441213304,0.7537091988130564,0.2857142857142857
5447,ReFAM_new_sta1_j5_k1,0.989400029182434,vgg16,mnist,vgg16mnist,0,NO,NO,0.029464533544438978,0.002674158663032125,0.02398402985366731,0.023992322456813823,0.0031133804446807213,0.001279209058534655,0.0001264260240946931,0.001279209058534655,0.0001264260240946931,0.040873859613605415,0.006431271385320937,0.23067407333497592,0.04747774480712166,0.04664728571428572
5448,ReFAM_sta1_j8_k2_const0,0.1000000014901161,vgg16,cifar,vgg16cifar,2,YES,NO,1.0,1.0,1.0,1.0,1.0,0.07445972388597694,0.03618769348010458,0.07445972388597694,0.03618769348010458,1.0,0.12356162256737309,0.8690033782063944,1.0,0.14285714285714285
5449,ReFAM_sta1_j4_k6_const1,0.1000000014901161,resnet18,cifar,resnet18cifar,2,NO,YES,1.0,1.0,1.0,1.0,1.0,1.0,1.0,1.0,1.0,1.0,1.0,1.0,1.0,1.0
5450,mul8_010,0.3546999990940094,vgg16,cifar,vgg16cifar,2,NO,NO,0.30591118650549876,0.06765705009808168,0.21680350502759876,0.21689059500959693,0.06379536229376997,0.016201507948983406,0.010456485742831909,0.016201507948983406,0.010456485742831909,0.23062249310352867,0.059136197249541694,0.9520260075057678,0.3353115727002967,1.0
5451,ReFAM_sta3_j1_k2_const0,0.980400025844574,resnet18,mnist,resnet18mnist,0,YES,NO,0.020798494266662807,8.598068937406058e-05,0.011069552240154143,0.011036468330134358,0.0001131376473840908,0.0016387607571905821,0.0006479333734853022,0.0016387607571905821,0.0006479333734853022,0.01074282508158053,0.014400195864161039,0.6999749536234776,0.0066765578635014835,0.14285714285714285
5452,mul8_085,0.1186000034213066,resnet34,cifar,resnet34cifar,2,NO,NO,0.49673330876291655,0.2918734246809161,0.4898530211420478,0.4899232245681382,0.17470242881976722,0.03512585212849185,0.02863900629145062,0.03512585212849185,0.02863900629145062,0.4533409399719592,0.0996481312289879,0.9966289206233494,0.49554896142433236,0.4017857142857143
5453,ReFAM_new1_sta2_j1_k6,0.1009000018239021,resnet34,mnist,resnet34mnist,2,NO,YES,0.49223103097768645,0.08177718900466206,0.2968744359140671,0.29678502879078694,0.08359893496006097,1.0,1.0,1.0,1.0,0.2897940588780931,1.0,0.9980115620590158,0.1884272997032641,1.0
5454,ReFAM_sta4_j5_k5_const1,0.0979999974370002,vgg16,mnist,vgg16mnist,2,NO,YES,1.0,1.0,1.0,1.0,1.0,1.0,1.0,1.0,1.0,1.0,1.0,1.0,1.0,1.0
5455,ReFAM_new1_sta2_j3_k2,0.1128999963402748,resnet18,mnist,resnet18mnist,2,YES,YES,0.15598870699997106,0.004607928056454284,0.08302164180115608,0.08301343570057582,0.006063339843139978,1.0,1.0,1.0,1.0,0.0797513582660987,1.0,0.8113346053363036,0.04154302670623145,1.0
5456,mul8_200,0.1093000024557113,resnet34,cifar,resnet34cifar,2,NO,NO,1.0,1.0,1.0,1.0,1.0,0.07928837672345415,0.04395235845992032,0.07928837672345415,0.04395235845992032,1.0,0.13504923475633424,1.0,1.0,0.36160714285714285
5457,ReFAM_sta1_j5_k1_const1,0.954200029373169,vgg16,mnist,vgg16mnist,1,NO,YES,0.08319397706665123,0.013247395103558964,0.10331582090810533,0.10340690978886757,0.006704453178316493,1.0,1.0,1.0,1.0,0.093143825767061,1.0,0.8033808535723667,0.0712166172106825,1.0
5458,mul8_449,0.1134999990463256,resnet34,mnist,resnet34mnist,2,NO,NO,1.0,0.633027501477594,0.6958351569805674,0.6957773512476008,0.6656470634001824,1.0,1.0,1.0,1.0,0.742690414148952,1.0,0.9915331029609704,1.0,1.0
5459,ReFAM_new_sta1_j3_k6,0.1136000007390976,resnet18,mnist,resnet18mnist,2,NO,NO,0.38347223804159547,0.25464012106081063,0.2728759935033831,0.2727927063339731,0.29468058420817383,0.007293117746857536,0.001330985086996908,0.007293117746857536,0.001330985086996908,0.41097560383714776,0.021415178278186824,0.4404670029261498,0.5637982195845698,0.06082428571428571
5460,ReFAM_sta4_j1_k7_const0,0.1000000014901161,vgg16,cifar,vgg16cifar,2,YES,NO,1.0,0.10106472753674878,0.6484912687356968,0.6485124760076776,0.13298597150433497,0.05558868008390744,0.04768719392171771,0.05558868008390744,0.04768719392171771,0.5333577053349642,0.13130363124988803,0.9982599895334655,0.3805637982195846,0.14285714285714285
5461,ReFAM_sta4_j7_k3_const1,0.1000000014901161,vgg16,cifar,vgg16cifar,2,NO,YES,1.0,1.0,1.0,1.0,0.9949006582977522,1.0,1.0,1.0,1.0,1.0,1.0,0.9569507767431158,1.0,1.0
5462,ReFAM_new_sta1_j3_k2,0.9872000217437744,resnet34,mnist,resnet34mnist,0,NO,NO,0.019498588374996382,0.000838660025985275,0.014182863807697496,0.014155470249520154,0.000988497637501944,0.0009874120769621313,9.833135207365019e-05,0.0009874120769621313,9.833135207365019e-05,0.023246588773584872,0.005632587496939622,0.2863533901186954,0.02967359050445104,0.05442171428571429
5463,mul8_191,0.0099999997764825,resnet34,cifar100,resnet34cifar100,2,NO,NO,1.0,0.9725755884773138,0.9154185475926839,0.9153071017274472,0.8526660784924649,0.05141589290779757,0.038888293828127335,0.05141589290779757,0.038888293828127335,0.907614539003313,0.11892925601476147,1.0,1.0,0.18080357142857142
5464,mul8_474,0.1356000006198883,resnet34,cifar,resnet34cifar,2,NO,NO,0.30861932377980383,0.20076119965352968,0.29942517069766134,0.29942418426103645,0.187013187481013,0.0184636121033413,0.011710210481770946,0.0184636121033413,0.011710210481770946,0.36056772371915696,0.06283776117709583,0.9691766665512769,0.31750741839762614,0.7714285714285715
5465,ReFAM_new2_sta1_j1_k5,0.0254999995231628,resnet34,cifar100,resnet34cifar100,2,NO,NO,0.08666039277776169,0.017791633760476905,0.08518366556798655,0.08517274472168906,0.017097017501847084,0.008079975861252794,0.008997318714738993,0.008079975861252794,0.008997318714738993,0.10667531886890867,0.05384771561479252,0.5766836561193592,0.09347181008902077,0.2857142857142857
5466,ReFAM_sta4_j3_k4_const0,0.1134999990463256,resnet18,mnist,resnet18mnist,2,YES,NO,0.5459604744998987,0.023328630932667568,0.29057574630404626,0.2905470249520154,0.030696967419407528,0.02885266872279648,0.02150471551510703,0.02885266872279648,0.02150471551510703,0.2426146970478565,0.08597496163331601,0.98061145739367,0.1661721068249258,0.14285714285714285
5467,mul8_072,0.1513999998569488,resnet18,cifar,resnet18cifar,2,NO,NO,0.09803456932984292,0.019945277749471378,0.10869204783144668,0.10868522072936661,0.015052579484063506,0.010013243788699236,0.0053678382730205105,0.010013243788699236,0.0053678382730205105,0.11374876029370151,0.04209064091769525,0.9290332302291437,0.19881305637982197,0.1932772857142857
5468,mul8_022,0.1000000014901161,vgg16,cifar,vgg16cifar,2,NO,NO,1.0,0.8930129544238657,0.8664674452291101,0.8663627639155471,0.7641286192857913,0.05266167630590441,0.03848443291782484,0.05266167630590441,0.03848443291782484,0.8591355304817413,0.11876280133522031,1.0,1.0,0.14285714285714285
5469,ReFAM_new1_sta2_j6_k2,0.1000000014901161,resnet18,cifar,resnet18cifar,2,NO,YES,0.5320948116554568,0.31240207754821286,0.437535583075676,0.4376199616122841,0.27413215540899427,1.0,1.0,1.0,1.0,0.4720948598373365,1.0,0.6375840224480696,0.3323442136498516,1.0
5470,mul8_156,0.1803999990224838,resnet18,mnist,resnet18mnist,2,NO,NO,0.10437161401813246,0.005406395804142358,0.07005942120883113,0.07005758157389635,0.004870276650989958,0.006959764538807191,0.0034222822355632894,0.006959764538807191,0.0034222822355632894,0.06907084688479236,0.03344917981882565,0.8983341105176454,0.07640949554896143,0.7142857142857143
5471,mul8_020,0.0103000001981854,resnet34,cifar100,resnet34cifar100,2,NO,NO,0.2868459000943912,1.0,1.0,1.0,1.0,0.07396827633806533,0.0371604714988332,0.07396827633806533,0.0371604714988332,1.0,0.12460588309059314,1.0,1.0,0.4330357142857143
5472,mul8_302,0.2418999969959259,resnet34,cifar,resnet34cifar,2,NO,NO,0.11812513831431988,0.012228048047283011,0.08527847628292348,0.08517274472168906,0.012003292237354588,0.007309378878957552,0.003021933159263428,0.007309378878957552,0.003021933159263428,0.09571564102759904,0.031552492192305166,0.9116952324324105,0.1446587537091988,0.14285714285714285
5473,ReFAM_new2_sta2_j1_k7,0.0100999996066093,resnet34,cifar100,resnet34cifar100,2,NO,NO,0.46276649743324744,0.30037751891575165,0.4348979154084891,0.43498080614203455,0.23709036439505868,0.04420950119880679,0.07591004788385662,0.04420950119880679,0.07591004788385662,0.45325644833309486,0.15943969712712658,0.9162310701318905,0.37833827893175076,0.2857142857142857
5474,ReFAM_sta1_j2_k7_const0,0.1009000018239021,resnet34,cifar,resnet34cifar,2,YES,NO,1.0,1.0,1.0,1.0,1.0,0.06073894197847387,0.04096729955768451,0.06073894197847387,0.04096729955768451,1.0,0.12457005428064707,0.9182195080728748,1.0,0.14285714285714285
5475,ReFAM_sta1_j6_k2_const0,0.1134999990463256,resnet18,mnist,resnet18mnist,2,YES,NO,1.0,0.2616870048149186,0.619894925448632,0.6199616122840691,0.34434071523833504,0.030541116272514886,0.017334412636983477,0.030541116272514886,0.017334412636983477,0.5977859379249595,0.07834118581417986,0.8192893752456275,0.49851632047477745,0.14285714285714285
5476,ReFAM_sta2_j1_k8_const1,0.0979999974370002,vgg16,mnist,vgg16mnist,2,NO,YES,0.4038374303443695,0.9791823236440527,0.8415388800015965,0.8414107485604607,0.47349345638428175,1.0,1.0,1.0,1.0,0.766903376887966,1.0,1.0,0.7054896142433235,1.0
5477,mul8_456,0.1134999990463256,resnet34,mnist,resnet34mnist,2,NO,NO,0.9432899103987696,0.2513174675311441,0.5588084611465655,0.5587811900191939,0.25656423382675175,0.034133019674163045,0.023653957924716817,0.034133019674163045,0.023653957924716817,0.5293609879730524,0.09111042439225381,0.9956657550871635,0.6706231454005934,0.5089285714285714
5478,mul8_320,0.9240000247955322,resnet18,cifar,resnet18cifar,0,YES,NO,0.001733207855555234,1.194176241306397e-05,0.000922462686679512,0.0009596928982725527,1.571356213667928e-05,9.485660391676469e-05,1.0535502007891091e-05,9.485660391676469e-05,1.0535502007891091e-05,0.0027069374576095284,0.0018414515445202822,0.06363408669304342,0.002967359050445104,0.063492
5479,mul8_037,0.0099999997764825,resnet34,cifar100,resnet34cifar100,2,NO,NO,1.0,1.0,1.0,1.0,1.0,0.04669022724028713,0.02454947559538756,0.04669022724028713,0.02454947559538756,1.0,0.09632276980586756,0.9053715314332026,1.0,0.5714285714285714
5480,ReFAM_sta1_j3_k3_const1,0.1035000011324882,resnet18,mnist,resnet18mnist,2,NO,YES,0.10399247133331403,0.01774386671082465,0.12430184703006424,0.1242802303262956,0.008098180670854658,1.0,1.0,1.0,1.0,0.10888485656868244,1.0,0.9644545082459596,0.08902077151335312,1.0
5481,mul8_407,0.9915000200271606,resnet18,mnist,resnet18mnist,0,NO,NO,0.0,0.0,0.0,0.0,0.0,0.0,0.0,0.0,0.0,0.0,0.0,0.0,0.0,0.0
5482,ReFAM_sta4_j8_k2_const1,0.0979999974370002,vgg16,mnist,vgg16mnist,2,NO,YES,1.0,1.0,1.0,1.0,0.9494056450038113,1.0,1.0,1.0,1.0,1.0,1.0,0.8949161964531888,1.0,1.0
5483,mul8_422,0.6068000197410583,vgg16,cifar,vgg16cifar,2,NO,NO,0.0898873068945601,0.010918243318981988,0.07175030269321615,0.07173704414587333,0.010846639204019314,0.0062840241604287155,0.0029955944042437004,0.0062840241604287155,0.0029955944042437004,0.0866748786667393,0.031261383111493284,0.9111973593381241,0.1446587537091988,0.7142857142857143
5484,ReFAM_sta1_j1_k6_const1,0.1039000004529953,resnet18,mnist,resnet18mnist,2,NO,YES,0.22705022907773564,0.07465910248898174,0.2587147485312106,0.258637236084453,0.03381732735069707,1.0,1.0,1.0,1.0,0.2254043595428068,1.0,1.0,0.18545994065281898,1.0
5485,ReFAM_sta3_j7_k1_const0,0.1010999977588653,vgg16,mnist,vgg16mnist,2,YES,NO,1.0,0.15305975817134995,0.7328966045668722,0.7329654510556622,0.2014036067255434,0.0486560174319336,0.029007748861726804,0.0486560174319336,0.029007748861726804,0.6141109877761228,0.1040229782101121,0.9538902317095272,0.42729970326409494,0.14285714285714285
5486,mul8_358,0.100500002503395,resnet34,cifar,resnet34cifar,2,NO,NO,0.25451074450560457,1.0,1.0,1.0,1.0,0.08236624767149622,0.04616656979857876,0.08236624767149622,0.04616656979857876,1.0,0.1388545529460239,1.0,1.0,0.42857142857142855
5487,mul8_240,0.7084000110626221,vgg16,cifar,vgg16cifar,0,NO,NO,0.0,0.0,0.0,0.0,0.0,0.0,0.0,0.0,0.0,0.0,0.0,0.0,0.0,0.0
5488,ReFAM_sta2_j8_k2_const1,0.1000000014901161,vgg16,cifar,vgg16cifar,2,NO,YES,0.0,1.0,1.0,1.0,1.0,1.0,1.0,1.0,1.0,1.0,1.0,0.9034299281800244,0.9495548961424333,1.0
5489,mul8_237,0.4483999907970428,vgg16,mnist,vgg16mnist,2,NO,NO,0.637820490844326,0.1401214556849158,0.3911827333936127,0.39107485604606523,0.13786049430341749,0.02859339400542399,0.017666280950232045,0.02859339400542399,0.017666280950232045,0.3776577946999025,0.07850913336080208,0.9798651568249339,0.45178041543026703,0.2380952857142857
5490,ReFAM_new1_sta3_j3_k4,0.1009000018239021,resnet34,mnist,resnet34mnist,2,NO,YES,0.5546265137776748,0.06534532392428605,0.301753400101527,0.30182341650671785,0.08115986295589439,1.0,1.0,1.0,1.0,0.2906650917993278,1.0,0.9456870343257536,0.18397626112759644,1.0
5491,ReFAM_sta1_j6_k1_const1,0.1009000018239021,resnet18,mnist,resnet18mnist,2,NO,YES,0.16638795413330246,0.052989580414235855,0.20663164181621066,0.206573896353167,0.02681781271326597,1.0,1.0,1.0,1.0,0.186287651534122,1.0,0.8033808535723667,0.142433234421365,1.0
5492,ReFAM_new1_sta1_j4_k1,0.1044000014662742,resnet18,cifar,resnet18cifar,2,NO,YES,0.13519021273330825,0.005856240287366571,0.077486865681079,0.07749520153550864,0.006687692045370701,1.0,1.0,1.0,1.0,0.07845449972034493,1.0,0.6124785934932364,0.03560830860534125,1.0
5493,mul8_134,0.1010999977588653,resnet34,cifar,resnet34cifar,2,NO,NO,0.47316574456657884,0.097892995439839,0.3037672320826678,0.30374280230326295,0.09328965540245711,0.022825209091056918,0.014064895180534607,0.022825209091056918,0.014064895180534607,0.300741238789161,0.06941757283698488,0.9564997383366355,0.4043026706231454,0.14285714285714285
5494,mul8_199,0.0099999997764825,resnet34,cifar100,resnet34cifar100,2,NO,NO,0.9919026678166201,0.2406092655720582,0.5756971183357865,0.5755758157389635,0.2516922927449769,0.03575461590302583,0.024020944577991688,0.03575461590302583,0.024020944577991688,0.5370336316595868,0.0921673742856631,0.9951373376312644,0.6454005934718101,0.14285714285714285
5495,mul8_399,0.1004000008106231,resnet18,cifar,resnet18cifar,2,NO,NO,1.0,1.0,1.0,1.0,1.0,0.09031794126840442,0.05873015594298889,0.09031794126840442,0.05873015594298889,1.0,0.1555769035548151,1.0,1.0,1.0
5496,mul8_029,0.5993000268936157,vgg16,cifar,vgg16cifar,2,NO,NO,0.09445982812776024,0.0038068348279112424,0.05148494870030026,0.051583493282149714,0.004857549017643039,0.004291132081948878,0.0011852439758877479,0.004291132081948878,0.0011852439758877479,0.05958337758386553,0.019717041973450852,0.7074318504385152,0.07270029673590504,0.14285714285714285
5497,ReFAM_new2_sta3_j3_k1,0.3380999863147735,resnet18,cifar,resnet18cifar,2,YES,NO,0.06586189851109889,0.0011177489618627876,0.03505358209382145,0.03502879078694818,0.0014707894159931806,0.005113222649227506,0.0044372022623234645,0.005113222649227506,0.0044372022623234645,0.03611505002844057,0.03776057994900366,0.6045238235839125,0.017804154302670624,0.2857142857142857
5498,mul8_093,0.6901999711990356,vgg16,cifar,vgg16cifar,0,NO,NO,0.04499569821276667,0.0028759981147937737,0.033296940089428406,0.033349328214971205,0.003125532483961148,0.00297940075921419,0.0010096522757562295,0.00297940075921419,0.0010096522757562295,0.04430672461003446,0.018069663149471824,0.5943942951277671,0.05341246290801187,0.2689075714285714
5499,mul8_142,0.9922000169754028,resnet34,mnist,resnet34mnist,0,NO,NO,0.0,0.0,0.0,0.0,0.0,0.0,0.0,0.0,0.0,0.0,0.0,0.0,0.0,0.0
5500,ReFAM_new1_sta1_j2_k2,0.2374999970197677,resnet18,cifar,resnet18cifar,2,NO,YES,0.08319397706665123,0.0017323516673884798,0.04704559702065511,0.04702495201535509,0.0019683855503213575,1.0,1.0,1.0,1.0,0.045295728572609224,1.0,0.763609040316521,0.020771513353115726,1.0
5501,ReFAM_new_sta2_j3_k5,0.1134999990463256,resnet18,mnist,resnet18mnist,2,NO,NO,0.28511269223883595,0.08703454990701348,0.23268400643639853,0.23272552783109407,0.07621903001406873,0.008627433975286692,0.0008112336546076141,0.008627433975286692,0.0008112336546076141,0.24991938401884056,0.017562088341902392,0.653352040057912,0.2314540059347181,0.046083
5502,ReFAM_sta2_j1_k3_const0,0.6690000295639038,resnet18,mnist,resnet18mnist,2,YES,NO,0.05719585923332272,0.000499165668866074,0.030441268660423893,0.03047024952015355,0.0006568268973131939,0.0038846037794484584,0.001740113748303345,0.0038846037794484584,0.001740113748303345,0.02803347200712258,0.023717925750762852,0.8272431270095645,0.017062314540059347,0.14285714285714285
5503,ReFAM_sta4_j1_k9_const0,0.0997999981045723,resnet34,cifar,resnet34cifar,2,YES,NO,1.0,1.0,1.0,1.0,1.0,0.16443618138028102,0.13661209861932247,0.16443618138028102,0.13661209861932247,1.0,0.24861088718104896,1.0,1.0,0.14285714285714285
5504,mul8_348,0.9889000058174132,vgg16,mnist,vgg16mnist,0,YES,NO,0.001733207855555234,0.0002030099610220875,0.000922462686679512,0.0009596928982725527,0.00026713055632354775,7.407849067785432e-05,2.2826921017097364e-05,7.407849067785432e-05,2.2826921017097364e-05,0.010827749830438113,0.00268417501179365,0.003976875881968441,0.04747774480712166,0.07087485714285714
5505,mul8_423,0.1134999990463256,resnet18,mnist,resnet18mnist,2,NO,NO,1.0,0.6571910108781495,0.9360091065811618,0.9359404990403072,0.7496314381947604,0.05139692158701421,0.03823860453764072,0.05139692158701421,0.03823860453764072,0.8940006737946302,0.11805518233878527,0.9962094447238687,0.9310089020771514,0.14285714285714285
5506,mul8_051,0.1134999990463256,resnet18,mnist,resnet18mnist,2,NO,NO,0.5511600980665644,0.1516778972307849,0.3793346300256026,0.3793186180422265,0.12837408007065937,0.0262165585301382,0.015675071070740627,0.0262165585301382,0.015675071070740627,0.365465380247335,0.07377823758083875,0.9855514988118244,0.4072700296735905,0.2380952857142857
5507,ReFAM_sta4_j6_k2_const1,0.1000000014901161,resnet18,cifar,resnet18cifar,2,NO,YES,0.4437012110221399,0.09734287825134384,0.32404384750006265,0.32413627639155473,0.06747349463144027,1.0,1.0,1.0,1.0,0.29327515608614185,1.0,0.8929277585122045,0.18991097922848665,1.0
5508,mul8_478,0.1000000014901161,vgg16,cifar,vgg16cifar,2,NO,NO,1.0,0.2686244836318243,0.5906072996937218,0.5906909788867564,0.27277248593520115,0.03619276307349851,0.024586349852415177,0.03619276307349851,0.024586349852415177,0.5540576669010541,0.09324895648591032,0.9945315411259467,0.766320474777448,0.14285714285714285
5509,ReFAM_sta2_j6_k4_const1,0.1027999967336654,resnet18,mnist,resnet18mnist,2,NO,YES,0.027731325688883743,1.0,1.0,1.0,1.0,1.0,1.0,1.0,1.0,1.0,1.0,0.9905536470985911,1.0,1.0
5510,mul8_302,0.1771000027656555,resnet18,cifar,resnet18cifar,2,NO,NO,0.11812513831431988,0.012228048047283011,0.08527847628292348,0.08517274472168906,0.012003292237354588,0.007309378878957552,0.003021933159263428,0.007309378878957552,0.003021933159263428,0.09571564102759904,0.031552492192305166,0.9116952324324105,0.1446587537091988,0.14285714285714285
5511,ReFAM_new_sta1_j7_k2,0.1044000014662742,resnet34,cifar,resnet34cifar,2,NO,NO,0.3119774139999421,0.22611010623391842,0.2398402985366731,0.23992322456813822,0.26065237843999944,0.005212596234283164,0.0008551315796404937,0.005212596234283164,0.0008551315796404937,0.38066894590981054,0.017020177591467966,0.30425034973294046,0.47477744807121663,0.05442171428571429
5512,mul8_319,0.1080999970436096,resnet18,cifar,resnet18cifar,2,NO,NO,0.7114818247054235,0.2360446574147199,0.4052196599144268,0.4052303262955854,0.2849789015993252,0.024581411357858733,0.014040312342516193,0.024581411357858733,0.014040312342516193,0.4614737928025992,0.06976839660104023,0.9653861112751457,0.701780415430267,0.2857142857142857
5513,ReFAM_sta1_j1_k9_const0,0.101000003516674,vgg16,mnist,vgg16mnist,2,YES,NO,1.0,1.0,1.0,1.0,1.0,0.09841688845044058,0.05928326979840317,0.09841688845044058,0.05928326979840317,1.0,0.15944790789607255,0.9550081553445506,1.0,0.14285714285714285
5514,ReFAM_new_sta1_j4_k5,0.1045000031590461,resnet34,cifar,resnet34cifar,2,NO,NO,0.3787059164388186,0.25334508668127276,0.2708869351801558,0.270873320537428,0.2930411798731265,0.0070799162371017604,0.0012818194109600828,0.0070799162371017604,0.0012818194109600828,0.4093924108610029,0.0210009076631853,0.4175984393867507,0.5578635014836796,0.060421
5515,mul8_216,0.1134999990463256,resnet18,mnist,resnet18mnist,2,NO,NO,0.6094392122096091,0.1060136799862431,0.3546032356625905,0.35460652591170827,0.11421977621330473,0.026478543436194026,0.016517911231371918,0.026478543436194026,0.016517911231371918,0.3429404393444491,0.07562864632784555,0.9798651568249339,0.4280415430267062,0.14285714285714285
5516,mul8_252,0.1071000024676323,resnet34,cifar,resnet34cifar,2,NO,NO,0.6798507813415405,0.14894716447150536,0.3945282361990948,0.3944337811900192,0.16555086786407708,0.02295710494031261,0.011390633587531585,0.02295710494031261,0.011390633587531585,0.3951526069693098,0.06303855179950198,0.9654797806507578,0.56973293768546,0.2857142857142857
5517,ReFAM_sta4_j1_k1_const1,0.9882000088691713,vgg16,mnist,vgg16mnist,0,YES,YES,0.013865662844441871,1.592234988408529e-05,0.007379701493436096,0.007437619961612285,2.0951416182239038e-05,1.0,1.0,1.0,1.0,0.006202373313371222,1.0,0.8908772137026079,0.002225519287833828,1.0
5518,mul8_094,0.9883999824523926,vgg16,mnist,vgg16mnist,0,NO,NO,0.30591118650549876,0.06765705009808168,0.21680350502759876,0.21689059500959693,0.06379536229376997,0.016201507948983406,0.010456485742831909,0.016201507948983406,0.010456485742831909,0.23062249310352867,0.059136197249541694,0.9520260075057678,0.3353115727002967,1.0
5519,mul8_482,0.101000003516674,vgg16,mnist,vgg16mnist,2,NO,NO,1.0,0.6160269472779151,0.8559939108902226,0.8560460652591171,0.6114401439925774,0.048927939696495,0.03614379555507171,0.048927939696495,0.03614379555507171,0.8134208410780055,0.11446931561001535,0.9957899688243882,0.9673590504451038,0.6190475714285714
5520,ReFAM_sta2_j2_k5_const1,0.1009000018239021,resnet34,mnist,resnet34mnist,2,NO,YES,0.034664157111104675,0.05421878582528724,0.19735296601567762,0.19745681381957772,0.023814505444510595,1.0,1.0,1.0,1.0,0.177123504257007,1.0,1.0,0.13649851632047477,1.0
5521,ReFAM_new2_sta2_j2_k1,0.1738000065088272,resnet34,cifar100,resnet34cifar100,2,YES,NO,0.034664157111104675,0.00026749547805263293,0.01844925373359024,0.018474088291746644,0.0003519837918616159,0.0027671026456861925,0.001994721713494047,0.0027671026456861925,0.001994721713494047,0.01835934312686883,0.025260803879065822,0.6363408669304342,0.008902077151335312,0.2857142857142857
5522,mul8_472,0.1102000027894973,resnet18,mnist,resnet18mnist,2,NO,NO,0.45255682164232525,0.24197487734695436,0.3968361972528087,0.3968330134357006,0.195954934367929,0.02997468683769764,0.023260632516422214,0.02997468683769764,0.023260632516422214,0.41282004334732636,0.08940930235335566,0.9869494124282971,0.594213649851632,0.30357142857142855
5523,mul8_459,0.2475000023841858,resnet34,cifar100,resnet34cifar100,2,YES,NO,0.04495507875346388,0.0013022460831019285,0.023926375935749842,0.023992322456813823,0.0017135598612884368,0.0021753781164911366,0.0005355546854011304,0.0021753781164911366,0.0005355546854011304,0.03251495584975532,0.013152158984372667,0.5249812152176082,0.03560830860534125,0.14285714285714285
5524,ReFAM_new1_sta1_j3_k2,0.9169999957084656,vgg16,mnist,vgg16mnist,1,NO,YES,0.15772191485552628,0.007036882531271495,0.09040134329459217,0.0904510556621881,0.00787354220128543,1.0,1.0,1.0,1.0,0.08854623596299646,1.0,0.7198603511787068,0.04154302670623145,1.0
5525,mul8_068,0.1026000007987022,resnet18,cifar,resnet18cifar,2,NO,NO,0.7210144679109773,0.1673550429266553,0.43124984115192533,0.43114203454894434,0.1725508707030275,0.028066714004628998,0.020459944899324498,0.028066714004628998,0.020459944899324498,0.4189581512585165,0.08384538674214602,0.9775356401792751,0.4755192878338279,1.0
5526,ReFAM_sta1_j5_k4_const1,0.1000000014901161,vgg16,cifar,vgg16cifar,2,NO,YES,0.859671096355396,1.0,0.983748801425782,0.9836852207293667,0.48686802305133053,1.0,1.0,1.0,1.0,0.856556455214942,1.0,0.9932883856083112,0.7359050445103857,1.0
5527,ReFAM_new_sta2_j3_k6,0.6805999875068665,vgg16,mnist,vgg16mnist,2,NO,NO,0.5884240669610019,0.3612874732504522,0.4859783863597848,0.4858445297504798,0.30539324319542427,0.015570033985766087,0.0017260664122928236,0.015570033985766087,0.0017260664122928236,0.5105071631669272,0.02670963138126034,0.7302230349284956,0.516320474777448,0.04686314285714286
5528,mul8_398,0.9283999800682068,resnet34,mnist,resnet34mnist,1,NO,NO,0.03845554929513175,0.03732494558377704,0.02495694017975595,0.02495201535508637,0.048862938796005555,0.0016279200024572377,0.0009025413386760036,0.0016279200024572377,0.0009025413386760036,0.14729819394838198,0.01697389871195428,0.12994080502719466,0.7833827893175074,0.18998142857142858
5529,ReFAM_sta1_j2_k7_const0,0.1000000014901161,vgg16,cifar,vgg16cifar,2,YES,NO,1.0,1.0,1.0,1.0,1.0,0.06073894197847387,0.04096729955768451,0.06073894197847387,0.04096729955768451,1.0,0.12457005428064707,0.9182195080728748,1.0,0.14285714285714285
5530,ReFAM_new2_sta1_j1_k2,0.7084000110626221,vgg16,cifar,vgg16cifar,0,NO,NO,0.013865662844441871,0.00021654395842355997,0.009916473881804753,0.009836852207293667,0.00023092389442389913,0.001492410568290431,0.0010763771218062065,0.001492410568290431,0.0010763771218062065,0.012404746626742444,0.018522748308581596,0.4772556501978257,0.010385756676557863,0.2857142857142857
5531,ReFAM_new2_sta3_j1_k7,0.1000000014901161,resnet34,cifar,resnet34cifar,2,NO,NO,0.9047345005998321,0.31366710824650346,0.5280292611953541,0.5280710172744721,0.3549419412189441,0.0712318891641236,0.15026084147054536,0.0712318891641236,0.15026084147054536,0.5524739325374177,0.22614771621193935,0.9982599895334655,0.37833827893175076,0.2857142857142857
5532,ReFAM_new2_sta4_j2_k1,0.1000000014901161,resnet18,cifar,resnet18cifar,2,NO,NO,1.0,1.0,1.0,1.0,1.0,1.0,1.0,1.0,1.0,1.0,1.0,1.0,1.0,0.2857142857142857
5533,mul8_403,0.1134999990463256,resnet34,mnist,resnet34mnist,2,NO,NO,0.6295877535304387,0.24123191022342239,0.3785405372464014,0.3785988483685221,0.2792475820833238,0.022811658147640235,0.012719862757527177,0.022811658147640235,0.012719862757527177,0.44631695970839175,0.06626538399527059,0.9650755769320837,0.701780415430267,0.2857142857142857
5534,ReFAM_new1_sta3_j4_k3,0.1009000018239021,resnet34,mnist,resnet34mnist,2,NO,YES,0.5251619802332359,0.06384145797773419,0.2862805312641201,0.2862284069097889,0.0792872370935578,1.0,1.0,1.0,1.0,0.2806612498159249,1.0,0.857692801101226,0.17804154302670624,1.0
5535,ReFAM_sta3_j4_k4_const1,0.1032000035047531,resnet18,mnist,resnet18mnist,2,NO,YES,0.034664157111104675,0.18370570402262248,0.36001628729638413,0.3598848368522073,0.08258586799906932,1.0,1.0,1.0,1.0,0.32536217219322366,1.0,0.9901810058869166,0.32047477744807124,1.0
5536,ReFAM_new_sta1_j2_k6,0.6696000099182129,vgg16,cifar,vgg16cifar,1,NO,NO,0.1902195621471869,0.060303462079331516,0.12811421189112557,0.1281190019193858,0.0717623343855607,0.004946094347088444,0.0008428401606312873,0.004946094347088444,0.0008428401606312873,0.20051446212601853,0.016849244310683555,0.40218779080777617,0.28041543026706234,0.06074242857142857
5537,mul8_186,0.1011999994516372,resnet34,cifar,resnet34cifar,2,NO,NO,0.5976994397253085,0.15187035352711895,0.38230853534208414,0.3821976967370442,0.14448415649113777,0.02699528607848345,0.01672862127152974,0.02699528607848345,0.01672862127152974,0.37659908168391937,0.07619295008449628,0.9922936575651257,0.5044510385756676,0.28968257142857146
5538,mul8_449,0.1074000000953674,resnet34,cifar,resnet34cifar,2,NO,NO,1.0,0.633027501477594,0.6958351569805674,0.6957773512476008,0.6656470634001824,1.0,1.0,1.0,1.0,0.742690414148952,1.0,0.9915331029609704,1.0,1.0
5539,mul8_429,0.1092000007629394,resnet18,mnist,resnet18mnist,2,NO,NO,0.25526902294241,1.0,1.0,1.0,1.0,0.08217924465234602,0.04625963339964847,0.08217924465234602,0.04625963339964847,1.0,0.13888366385410508,1.0,1.0,0.7142857142857143
5540,mul8_132,0.991599977016449,resnet18,mnist,resnet18mnist,0,NO,NO,0.0,1.9106819860902353e-05,0.0027673880600385357,0.0028790786948176585,1.571356213667928e-05,0.0002836664155225153,6.145709504603137e-05,0.0002836664155225153,6.145709504603137e-05,0.003315308116519982,0.004415154392313526,0.3818045201582605,0.001483679525222552,0.14285714285714285
5541,mul8_172,0.1000000014901161,vgg16,cifar,vgg16cifar,2,NO,NO,1.0,1.0,1.0,1.0,1.0,0.06366323556779356,0.04645454018679445,0.06366323556779356,0.04645454018679445,1.0,0.13231579513086472,1.0,1.0,0.14285714285714285
5542,mul8_417,0.0093999998643994,resnet34,cifar100,resnet34cifar100,2,NO,NO,0.821648849024153,0.28878514945354494,0.4827002196405796,0.48272552783109407,0.32858319138200365,0.028049549476301203,0.01674266860754026,0.028049549476301203,0.01674266860754026,0.5186969699616754,0.07648331273176762,0.9900415199688855,0.6580118694362018,0.3125
5543,mul8_143,0.0121999997645616,resnet34,cifar100,resnet34cifar100,2,NO,NO,0.4864258869817726,0.07012510490917892,0.2793751231856672,0.2792706333973129,0.07869952053766333,0.020811538899338167,0.012421356867303597,0.020811538899338167,0.012421356867303597,0.27642643294217933,0.06509199046953655,0.9738682804949816,0.28857566765578635,0.4375
5544,ReFAM_new2_sta1_j2_k6,0.1867000013589859,resnet18,cifar,resnet18cifar,2,NO,NO,0.3327759082666049,0.289532010292207,0.3420751075613632,0.34213051823416507,0.2755430754995625,0.02005539625668739,0.02979264376131469,0.02005539625668739,0.02979264376131469,0.4282953368056718,0.09862999587968686,0.5901068849027367,0.3768545994065282,0.2857142857142857
5545,ReFAM_new_sta2_j2_k3,0.911199986934662,resnet18,cifar,resnet18cifar,0,NO,NO,0.012132454988886637,0.0004959811988892569,0.01130016791182402,0.011276391554702494,0.0005467664933711526,0.0007272339633618626,4.389792503287955e-05,0.0007272339633618626,4.389792503287955e-05,0.017542960565965833,0.0037650107785003255,0.25055947089020525,0.011869436201780416,0.031746
5546,ReFAM_new2_sta4_j2_k6,0.1000000014901161,vgg16,cifar,vgg16cifar,2,NO,NO,1.0,1.0,1.0,1.0,1.0,1.0,1.0,1.0,1.0,1.0,1.0,1.0,1.0,0.2857142857142857
5547,mul8_446,0.100100003182888,vgg16,cifar,vgg16cifar,2,NO,NO,0.6820714573728863,0.12669306747254988,0.3877513124134933,0.38771593090211137,0.14384900262706354,0.026295154001954948,0.015248383239421041,0.026295154001954948,0.015248383239421041,0.37921617859424833,0.07287281369615975,0.974894571045167,0.4992581602373887,0.2380952857142857
5548,mul8_169,0.1134999990463256,resnet34,mnist,resnet34mnist,2,NO,NO,0.662410377295016,0.12450259761037373,0.3804544886576792,0.3805182341650672,0.13864927699110133,0.025980772114687956,0.015215020816396052,0.025980772114687956,0.015215020816396052,0.372175907981061,0.07272128768742946,0.9755777465999035,0.4755192878338279,0.2380952857142857
5549,ReFAM_sta4_j6_k3_const0,0.1134999990463256,resnet34,mnist,resnet34mnist,2,YES,NO,1.0,0.42896700122283643,1.0,1.0,0.5644560153806092,0.09005956994725972,0.07072306906197158,0.09005956994725972,0.07072306906197158,1.0,0.1672653063661824,0.9990521066446204,0.8308605341246291,0.14285714285714285
5550,ReFAM_sta1_j2_k2_const0,0.9887999892234802,vgg16,mnist,vgg16mnist,0,YES,NO,0.06932831422220935,0.0009744478129060199,0.03689850746718048,0.03694817658349329,0.0012822266703530292,0.004141168308137612,0.001582081218184979,0.004141168308137612,0.001582081218184979,0.0359625574137036,0.02266620089213737,0.7874723318991058,0.02967359050445104,0.14285714285714285
5551,ReFAM_sta2_j1_k4_const0,0.1045999974012374,resnet18,cifar,resnet18cifar,2,YES,NO,0.14732266772219488,0.0024416923547244795,0.07840932836775852,0.07845489443378119,0.0032128996715463567,0.008617496616781127,0.004400328005295846,0.008617496616781127,0.004400328005295846,0.06865436019450201,0.0380389996596263,0.9067857353758687,0.04080118694362018,0.14285714285714285
5552,ReFAM_sta3_j5_k1_const0,0.1191999986767768,vgg16,cifar,vgg16cifar,2,YES,NO,0.27298023724994935,0.00817274316612743,0.14528787315202313,0.14539347408829176,0.010754100033641021,0.013879779643592119,0.006870903226146307,0.013879779643592119,0.006870903226146307,0.126735563440329,0.048080770080555106,0.8938603796867778,0.09495548961424333,0.14285714285714285
5553,ReFAM_new2_sta3_j1_k6,0.1032000035047531,resnet18,mnist,resnet18mnist,2,NO,NO,0.533828019511012,0.075790385448246,0.29118471558143383,0.2912667946257198,0.0947241451322628,0.040644699683992,0.07396098001239677,0.040644699683992,0.07396098001239677,0.29503134672826503,0.15683165833646834,0.9823514678602046,0.1884272997032641,0.2857142857142857
5554,mul8_415,0.094200000166893,resnet18,cifar,resnet18cifar,2,NO,NO,0.28814580598605766,1.0,1.0,1.0,1.0,0.07394298124368752,0.036883036612625396,0.07394298124368752,0.036883036612625396,1.0,0.12424087708926748,1.0,1.0,0.4330357142857143
5555,ReFAM_new1_sta4_j3_k6,0.1000000014901161,resnet18,cifar,resnet18cifar,2,NO,YES,1.0,1.0,1.0,1.0,1.0,1.0,1.0,1.0,1.0,1.0,1.0,1.0,1.0,1.0
5556,mul8_206,0.925000011920929,resnet18,cifar,resnet18cifar,0,NO,NO,0.0,0.0,0.0,0.0,0.0,0.0,0.0,0.0,0.0,0.0,0.0,0.0,0.0,0.0
5557,ReFAM_new1_sta1_j3_k4,0.0979999974370002,vgg16,mnist,vgg16mnist,2,NO,YES,0.6984827657887592,0.12553737930858788,0.3995416511680636,0.3994721689059501,0.13880180636819536,1.0,1.0,1.0,1.0,0.3828761854196828,1.0,0.8411632107418411,0.18397626112759644,1.0
5558,mul8_255,0.0104999998584389,resnet34,cifar100,resnet34cifar100,2,NO,NO,0.7685422788082388,0.2262242820421369,0.4716799896353569,0.4716890595009597,0.22976074296523172,0.030305329857064647,0.020071887242033844,0.030305329857064647,0.020071887242033844,0.46923727048246117,0.08364235681911826,0.9844641195384136,0.5756676557863502,0.36153842857142854
5559,ReFAM_new_sta3_j1_k6,0.9262999892234802,resnet34,mnist,resnet34mnist,1,NO,NO,0.04798819250068554,0.011692897944106183,0.06816854981397397,0.06813819577735125,0.010468397019017629,0.004348046044298936,0.0008639111646470695,0.004348046044298936,0.0008639111646470695,0.08412763698444146,0.01693732346846766,0.463335566465549,0.08605341246290801,0.06762471428571429
5560,ReFAM_new1_sta4_j4_k3,0.1032000035047531,resnet18,mnist,resnet18mnist,2,NO,YES,1.0,1.0,1.0,1.0,1.0,1.0,1.0,1.0,1.0,1.0,1.0,1.0,1.0,1.0
5561,mul8_196,0.1334999948740005,resnet18,mnist,resnet18mnist,2,NO,NO,0.16140498154858116,0.01457550566835656,0.10613996256247915,0.10604606525911708,0.014395032763134821,0.009185732844053936,0.004423154926312943,0.009185732844053936,0.004423154926312943,0.11115864072207512,0.03822635447830267,0.9292816577035934,0.16765578635014836,0.2857142857142857
5562,mul8_225,0.1132000014185905,resnet18,mnist,resnet18mnist,2,NO,NO,1.0,1.0,0.9916508787792817,0.9916026871401153,0.9382069913015348,0.053092596306554864,0.039049838192248325,0.053092596306554864,0.039049838192248325,0.9692281115595733,0.11964583221368301,1.0,1.0,0.14285714285714285
5563,ReFAM_new2_sta1_j3_k6,0.0993999987840652,resnet18,cifar,resnet18cifar,2,NO,NO,0.6603521929665441,0.9961714709703717,0.6797829336078661,0.6797024952015356,0.8939908003577567,0.0333967517485234,0.04080575519356351,0.0333967517485234,0.04080575519356351,0.7997064781092714,0.11708705803670065,0.6534925441213304,0.7537091988130564,0.2857142857142857
5564,ReFAM_new_sta2_j2_k7,0.0992999970912933,resnet34,mnist,resnet34mnist,2,NO,NO,0.5884240669610019,0.3612874732504522,0.4859783863597848,0.4858445297504798,0.30539324319542427,0.015570033985766087,0.0017260664122928236,0.015570033985766087,0.0017260664122928236,0.5105071631669272,0.02670963138126034,0.7302230349284956,0.516320474777448,0.04686314285714286
5565,ReFAM_sta3_j1_k5_const1,0.9136000275611876,vgg16,mnist,vgg16mnist,1,NO,YES,0.10832549097220212,0.009653521705347362,0.09623880156127328,0.09620921305182342,0.005392519846942458,1.0,1.0,1.0,1.0,0.08568643774715573,1.0,1.0,0.06083086053412463,1.0
5566,ReFAM_sta1_j7_k3_const0,0.101000003516674,vgg16,mnist,vgg16mnist,2,YES,NO,1.0,1.0,1.0,1.0,1.0,0.08418839786292587,0.04392777562190191,0.08418839786292587,0.04392777562190191,1.0,0.13703101580647664,0.913745777242007,1.0,0.14285714285714285
5567,mul8_092,0.320499986410141,resnet34,mnist,resnet34mnist,2,NO,NO,0.1123335341381736,0.012335514037143658,0.08664663235144832,0.08661228406909789,0.011389675708386974,0.007644538879463455,0.0034345736545724954,0.007644538879463455,0.0034345736545724954,0.09497274369785776,0.03361339519774518,0.9219489746257807,0.16765578635014836,0.14285714285714285
5568,mul8_491,0.1086999997496604,resnet34,cifar,resnet34cifar,2,NO,NO,0.47143253671102364,1.0,0.5470924396758847,0.5470249520153551,1.0,0.018531366820424704,0.00845122852732997,0.018531366820424704,0.00845122852732997,0.8543363279758339,0.05399998805706335,0.7108650366837783,1.0,0.14285714285714285
5569,mul8_412,0.1000000014901161,vgg16,cifar,vgg16cifar,2,NO,NO,1.0,0.636128138842891,0.8840640519419996,0.8841170825335892,0.6452874341982127,0.04977442196192365,0.03656345971838604,0.04977442196192365,0.03656345971838604,0.8382946674071078,0.1152963639729373,0.9957278619557759,0.9918397626112759,0.6190475714285714
5570,ReFAM_sta3_j2_k5_const0,0.1027000024914741,resnet34,cifar,resnet34cifar,2,YES,NO,0.748745793599861,0.041417216518482666,0.39850388064554915,0.39851247600767753,0.05449882377324019,0.03488283854321938,0.025257110146917575,0.03488283854321938,0.025257110146917575,0.3305956459685178,0.09404764037429163,0.9822272541229797,0.22551928783382788,0.14285714285714285
5571,mul8_022,0.100100003182888,resnet18,cifar,resnet18cifar,2,NO,NO,1.0,0.8930129544238657,0.8664674452291101,0.8663627639155471,0.7641286192857913,0.05266167630590441,0.03848443291782484,0.05266167630590441,0.03848443291782484,0.8591355304817413,0.11876280133522031,1.0,1.0,0.14285714285714285
5572,ReFAM_new_sta3_j2_k4,0.9861000180244446,resnet34,mnist,resnet34mnist,0,NO,NO,0.01689877659166353,0.002369992026087178,0.02656404360293676,0.02663147792706334,0.002349428939666606,0.0019450120784075652,0.00034240381525646045,0.0019450120784075652,0.00034240381525646045,0.037508424429245416,0.010555316696822583,0.33606739307946215,0.03857566765578635,0.063492
5573,ReFAM_new_sta2_j2_k7,0.0100999996066093,resnet34,cifar100,resnet34cifar100,2,NO,NO,0.5884240669610019,0.3612874732504522,0.4859783863597848,0.4858445297504798,0.30539324319542427,0.015570033985766087,0.0017260664122928236,0.015570033985766087,0.0017260664122928236,0.5105071631669272,0.02670963138126034,0.7302230349284956,0.516320474777448,0.04686314285714286
5574,ReFAM_sta2_j1_k5_const1,0.097300000488758,resnet34,mnist,resnet34mnist,2,NO,YES,0.09532643205553787,0.010211799098158102,0.09573433254688346,0.09572936660268715,0.005323180933953743,1.0,1.0,1.0,1.0,0.08520405337139735,1.0,1.0,0.04673590504451038,1.0
5575,mul8_079,0.0103000001981854,resnet34,cifar100,resnet34cifar100,2,NO,NO,0.3990101760862227,0.22278027074363743,0.41755219640727204,0.4174664107485605,0.13402703606066568,1.0,1.0,1.0,1.0,0.39041900709268773,1.0,0.9935062687211483,0.43991097922848665,1.0
5576,mul8_361,0.1118000000715255,resnet18,mnist,resnet18mnist,2,NO,NO,0.5437668850409194,0.33173717768068683,0.5070815209647431,0.506957773512476,0.22307852844134657,0.03772401967958343,0.02863022670644404,0.03772401967958343,0.02863022670644404,0.4857062590259953,0.10027886757074696,0.9958357853668072,0.6535608308605341,0.15178571428571427
5577,ReFAM_sta4_j4_k6_const0,0.1001999974250793,resnet34,cifar,resnet34cifar,2,YES,NO,1.0,1.0,1.0,1.0,1.0,0.16289589081191833,0.13321966697278154,0.16289589081191833,0.13321966697278154,1.0,0.2457371180499573,1.0,1.0,0.14285714285714285
5578,ReFAM_new2_sta3_j4_k4,0.5055999755859375,vgg16,mnist,vgg16mnist,2,NO,NO,0.8683371356331722,0.31651641275826053,0.510049799258836,0.5100767754318618,0.35916321379563393,0.06826874953700943,0.13908267384017292,0.06826874953700943,0.13908267384017292,0.545002717480979,0.21751670518263735,0.8032871841967545,0.36795252225519287,0.2857142857142857
5579,mul8_133,0.1032000035047531,resnet34,cifar,resnet34cifar,2,NO,NO,0.49451940610787026,0.5217689426413268,0.541556202374912,0.5415067178502879,0.4107951513568729,1.0,1.0,1.0,1.0,0.5808886766854446,1.0,0.9942831136514969,0.7307121661721068,1.0
5580,ReFAM_new_sta3_j4_k3,0.989300012588501,vgg16,mnist,vgg16mnist,0,NO,NO,0.04712158857290792,0.011652644256489951,0.06787307394587828,0.0678982725527831,0.010436172265949646,0.00431100679896001,0.0008516197456378633,0.00431100679896001,0.0008516197456378633,0.08391506118589538,0.01681640123489965,0.4556302421760618,0.0830860534124629,0.06762471428571429
5581,ReFAM_sta2_j3_k1_const0,0.5135999917984009,resnet34,cifar,resnet34cifar,2,YES,NO,0.050263027811101785,0.0004386607393065498,0.026751417913705847,0.02663147792706334,0.0005772115158206855,0.0032856520804311726,0.001215094564910106,0.0032856520804311726,0.001215094564910106,0.025248631596420507,0.019822289102667454,0.7477005186432601,0.01483679525222552,0.14285714285714285
5582,ReFAM_new1_sta3_j3_k4,0.0979999974370002,vgg16,mnist,vgg16mnist,2,NO,YES,0.5546265137776748,0.06534532392428605,0.301753400101527,0.30182341650671785,0.08115986295589439,1.0,1.0,1.0,1.0,0.2906650917993278,1.0,0.9456870343257536,0.18397626112759644,1.0
5583,ReFAM_new1_sta4_j2_k4,0.101000003516674,vgg16,mnist,vgg16mnist,2,NO,YES,1.0,1.0,1.0,1.0,1.0,1.0,1.0,1.0,1.0,1.0,1.0,1.0,1.0,1.0
5584,ReFAM_new1_sta3_j2_k3,0.1134999990463256,resnet34,mnist,resnet34mnist,2,NO,YES,0.18198682483329956,0.004521151249586019,0.09726215952677104,0.09716890595009597,0.005852708551806751,1.0,1.0,1.0,1.0,0.08746382641650943,1.0,0.9664429461869437,0.04451038575667656,1.0
5585,ReFAM_new1_sta4_j1_k1,0.1000000014901161,vgg16,cifar,vgg16cifar,2,NO,YES,1.0,1.0,1.0,1.0,1.0,1.0,1.0,1.0,1.0,1.0,1.0,1.0,1.0,1.0
5586,mul8_445,0.1018000021576881,resnet34,cifar,resnet34cifar,2,NO,NO,0.2614435759278255,1.0,1.0,1.0,1.0,0.08381529522085326,0.04867401927645684,0.08381529522085326,0.04867401927645684,1.0,0.14226873996046888,1.0,1.0,0.42857142857142855
5587,ReFAM_sta2_j3_k4_const1,0.1009000018239021,resnet34,mnist,resnet34mnist,2,NO,YES,0.025998117833328508,0.05384222225052862,0.19609538739433044,0.1960172744721689,0.023744806452102803,1.0,1.0,1.0,1.0,0.1762837824813445,1.0,0.9937852405572106,0.13649851632047477,1.0
5588,ReFAM_sta2_j1_k1_const1,0.7448999881744385,resnet34,mnist,resnet34mnist,2,YES,YES,0.013865662844441871,1.592234988408529e-05,0.007379701493436096,0.007437619961612285,2.0951416182239038e-05,1.0,1.0,1.0,1.0,0.006202373313371222,1.0,0.8908772137026079,0.002225519287833828,1.0
5589,mul8_341,0.1005999967455864,resnet18,cifar,resnet18cifar,2,NO,NO,1.0,1.0,1.0,1.0,1.0,0.083453033333514,0.05798037938342731,0.083453033333514,0.05798037938342731,1.0,0.1521574915055863,1.0,1.0,1.0
5590,ReFAM_new2_sta1_j4_k3,0.090499997138977,resnet34,mnist,resnet34mnist,2,NO,NO,0.15598870699997106,0.06845018215168268,0.16281466419893387,0.16290786948176586,0.06592127398309464,0.011721566055428779,0.014054359678526716,0.011721566055428779,0.014054359678526716,0.20757109888307454,0.06747684563157234,0.49714104775305495,0.17804154302670624,0.2857142857142857
5591,ReFAM_new2_sta4_j4_k1,0.1019999980926513,resnet34,mnist,resnet34mnist,2,NO,NO,1.0,1.0,1.0,1.0,1.0,1.0,1.0,1.0,1.0,1.0,1.0,1.0,1.0,0.2857142857142857
5592,ReFAM_new2_sta3_j5_k3,0.1037999987602233,resnet18,mnist,resnet18mnist,2,NO,NO,0.8250069392442914,0.3146893231090617,0.4876080126319236,0.4875239923224568,0.35873501641153904,0.06495689896597266,0.1280239085658899,0.06495689896597266,0.1280239085658899,0.5336581483233842,0.20857517780046933,0.6952212328111604,0.3560830860534125,0.2857142857142857
5593,ReFAM_new_sta3_j1_k7,0.0093000000342726,resnet34,cifar100,resnet34cifar100,2,NO,NO,0.20798494266662806,0.059711996535296664,0.1783514929091843,0.1782629558541267,0.054497327791841375,0.009270652089465134,0.002043887389530872,0.009270652089465134,0.002043887389530872,0.2023469694558841,0.026588709147692326,0.5832710567738232,0.228486646884273,0.06762471428571429
5594,ReFAM_new_sta1_j5_k2,0.5557000041007996,resnet34,cifar,resnet34cifar,2,NO,NO,0.07799435349998553,0.01341856036481288,0.056731455230789984,0.05662188099808062,0.01581596218326997,0.0025367366076026214,0.00033538014725119976,0.0025367366076026214,0.00033538014725119976,0.09298635509433949,0.010515009285633245,0.2863533901186954,0.11869436201780416,0.05442171428571429
5595,ReFAM_new2_sta4_j3_k5,0.101000003516674,vgg16,mnist,vgg16mnist,2,NO,NO,1.0,1.0,1.0,1.0,1.0,1.0,1.0,1.0,1.0,1.0,1.0,1.0,1.0,0.2857142857142857
5596,ReFAM_sta4_j6_k3_const1,0.1027999967336654,resnet18,mnist,resnet18mnist,2,NO,YES,0.7814600918734661,0.42896700122283643,0.6470643333447769,0.6470729366602688,0.26197180793666647,1.0,1.0,1.0,1.0,0.5829790631191468,1.0,0.9564529036488294,0.47477744807121663,1.0
5597,mul8_263,0.6510999798774719,resnet34,cifar100,resnet34cifar100,1,NO,NO,0.006932831422220936,0.0001910681986090235,0.007379701493436096,0.007437619961612285,0.0002011335953494948,0.0007940852842174871,0.00016505619812362708,0.0007940852842174871,0.00016505619812362708,0.010827749830438113,0.0072575733147023525,0.2545363467721737,0.005934718100890208,0.14285714285714285
5598,ReFAM_sta2_j2_k1_const0,0.9890999794006348,vgg16,mnist,vgg16mnist,0,YES,NO,0.017332078555552338,6.687386951315823e-05,0.00922462686679512,0.009117082533589253,8.799594796540397e-05,0.0013840030209569855,0.0004986804283735117,0.0013840030209569855,0.0004986804283735117,0.009179671563434416,0.012630401939532911,0.6363408669304342,0.004451038575667656,0.14285714285714285
5599,ReFAM_sta1_j2_k2_const1,0.3970000147819519,resnet18,mnist,resnet18mnist,2,NO,YES,0.027731325688883743,0.0009744478129060199,0.02974942164541426,0.02975047984644914,0.00046086568702397257,1.0,1.0,1.0,1.0,0.0260344907305515,1.0,0.9226942570491296,0.019287833827893175,1.0
5600,mul8_341,0.1000000014901161,vgg16,cifar,vgg16cifar,2,NO,NO,1.0,1.0,1.0,1.0,1.0,0.083453033333514,0.05798037938342731,0.083453033333514,0.05798037938342731,1.0,0.1521574915055863,1.0,1.0,1.0
5601,mul8_086,0.929199993610382,resnet34,cifar,resnet34cifar,0,NO,NO,0.0,0.0,0.0,0.0,0.0,0.0,0.0,0.0,0.0,0.0,0.0,0.0,0.0,0.0
5602,mul8_360,0.1134999990463256,resnet18,mnist,resnet18mnist,2,NO,NO,1.0,1.0,1.0,1.0,1.0,0.06589010726926808,0.036312363587197964,0.06589010726926808,0.036312363587197964,1.0,0.12035718337782077,1.0,1.0,0.44642857142857145
5603,mul8_007,0.1089999973773956,resnet18,cifar,resnet18cifar,2,NO,NO,0.18783640134579846,0.18186417230530152,0.25994710333285326,0.2598368522072937,0.16842269530835408,0.010930190959894627,0.004112357617080156,0.010930190959894627,0.004112357617080156,0.33165784010607147,0.03723434430292064,0.6367919053369144,0.4807121661721068,0.14285714285714285
5604,mul8_371,0.1134999990463256,resnet34,mnist,resnet34mnist,2,NO,NO,0.9735110307691469,0.28423002343769904,0.5862362988093088,0.5861324376199616,0.2814096751922819,1.0,1.0,1.0,1.0,0.5549661069910155,1.0,0.996441581872125,0.7655786350148368,1.0
5605,mul8_394,0.1052000001072883,resnet34,cifar,resnet34cifar,2,NO,NO,0.4530713694576511,0.09726547370901586,0.29013253250190274,0.2900671785028791,0.09594225911144641,0.019245953236597665,0.008242274404173465,0.019245953236597665,0.008242274404173465,0.29537575038099667,0.05355809940106172,0.7781033580471157,0.4035608308605341,0.5079365714285714
5606,ReFAM_new_sta2_j2_k2,0.919099986553192,resnet18,cifar,resnet18cifar,0,YES,NO,0.006066227494443318,7.94127200468754e-05,0.0032286194033782916,0.0031190019193857964,0.00010449518820891721,0.00023578641545024363,1.4047336010521454e-05,0.00023578641545024363,1.4047336010521454e-05,0.007161882485407868,0.0021303213247105333,0.11135965171282598,0.005934718100890208,0.031746
5607,mul8_234,0.0935999974608421,resnet18,cifar,resnet18cifar,2,NO,NO,0.3788684081416926,1.0,1.0,1.0,1.0,0.07312269746886445,0.03766266376120934,0.07312269746886445,0.03766266376120934,1.0,0.12490445650681047,1.0,1.0,0.7142857142857143
5608,mul8_104,0.6955000162124634,vgg16,cifar,vgg16cifar,0,NO,NO,0.09131838888956638,0.029553097330140374,0.1353488764212604,0.13531669865642995,0.019242935497350563,0.012316000773307169,0.007113219772327802,0.012316000773307169,0.007113219772327802,0.1351733473616938,0.04858834488812454,0.9451280725082419,0.22255192878338279,0.2857142857142857
5609,ReFAM_sta2_j1_k9_const1,0.1009000018239021,resnet34,mnist,resnet34mnist,2,NO,YES,0.039863780677770376,1.0,1.0,1.0,1.0,1.0,1.0,1.0,1.0,1.0,1.0,1.0,1.0,1.0
5610,ReFAM_sta3_j6_k2_const1,0.1027999967336654,vgg16,cifar,vgg16cifar,2,NO,YES,0.013865662844441871,0.1712990089929432,0.3445830548356985,0.34452975047984646,0.07929559183112483,1.0,1.0,1.0,1.0,0.31395806936012377,1.0,0.9010993933889784,0.3086053412462908,1.0
5611,ReFAM_sta2_j4_k4_const0,0.101000003516674,vgg16,mnist,vgg16mnist,2,YES,NO,1.0,0.24349412783736274,1.0,1.0,0.3204016271085087,0.06439769670097766,0.043130589303304816,0.06439769670097766,0.043130589303304816,0.8416703916607442,0.12851719484303994,0.9972031546216674,0.5103857566765578,0.14285714285714285
5612,mul8_364,0.925100028514862,resnet18,cifar,resnet18cifar,0,NO,NO,0.0,0.0,0.0,0.0,0.0,0.0,0.0,0.0,0.0,0.0,0.0,0.0,0.0,0.0
5613,mul8_214,0.1134999990463256,resnet18,mnist,resnet18mnist,2,NO,NO,0.5117296193526828,0.46431278939189363,0.5861248173486981,0.5861324376199616,0.279357617295283,0.042672824215355204,0.03069869693399332,0.042672824215355204,0.03069869693399332,0.5540937991022382,0.104805986994142,1.0,0.650593471810089,0.2857142857142857
5614,ReFAM_sta2_j8_k2_const0,0.1000000014901161,vgg16,cifar,vgg16cifar,2,YES,NO,1.0,1.0,1.0,1.0,1.0,0.14160735870431299,0.0781400624755269,0.14160735870431299,0.0781400624755269,1.0,0.19617318452434268,0.9865146643480103,1.0,0.14285714285714285
5615,mul8_489,0.1134999990463256,resnet34,mnist,resnet34mnist,2,NO,NO,0.4965369709770393,0.1689863496802792,0.3529820591486617,0.35292706333973134,0.1549503179605265,0.02416946267799164,0.015975332877965525,0.02416946267799164,0.015975332877965525,0.3671471815411856,0.07394693156100153,0.9830662059219408,0.46958456973293766,0.7142857142857143
5616,ReFAM_new1_sta1_j7_k1,0.1009000018239021,resnet34,mnist,resnet34mnist,2,NO,YES,1.0,0.37479937839146055,0.619894925448632,0.6199616122840691,0.4280122909037249,1.0,1.0,1.0,1.0,0.6276360085905093,1.0,0.6124785934932364,0.28486646884273,1.0
5617,mul8_481,0.1134999990463256,resnet34,mnist,resnet34mnist,2,NO,NO,0.8095705602471682,0.14034222202124677,0.4428807303861777,0.44289827255278313,0.1717567843235679,0.028117304193384606,0.014637324122963355,0.028117304193384606,0.014637324122963355,0.42503006101418084,0.07200172575434574,0.9768209021175388,0.5348664688427299,0.14285714285714285
5618,mul8_230,0.1134999990463256,resnet34,mnist,resnet34mnist,2,NO,NO,0.7257807895137542,0.172646388097725,0.420588711111224,0.4205854126679463,0.19309836759997648,1.0,1.0,1.0,1.0,0.42381728806667274,1.0,0.9760124946801904,0.4495548961424332,1.0
5619,ReFAM_sta2_j2_k6_const1,0.100100003182888,resnet18,mnist,resnet18mnist,2,NO,YES,0.18718644839996526,0.2457455481109724,0.42314912806317756,0.42322456813819576,0.11515202157787144,1.0,1.0,1.0,1.0,0.38302447686748564,1.0,1.0,0.3264094955489614,1.0
5620,ReFAM_new_sta2_j4_k5,0.1049000024795532,resnet18,cifar,resnet18cifar,2,NO,NO,0.5884240669610019,0.3612874732504522,0.4859783863597848,0.4858445297504798,0.30539324319542427,0.015570033985766087,0.0017260664122928236,0.015570033985766087,0.0017260664122928236,0.5105071631669272,0.02670963138126034,0.7302230349284956,0.516320474777448,0.04686314285714286
5621,mul8_370,0.1000000014901161,resnet18,cifar,resnet18cifar,2,NO,NO,1.0,0.5429154598884162,0.8506797288071873,0.85052783109405,0.611419280304165,0.04777068912871047,0.03251958286435717,0.04777068912871047,0.03251958286435717,0.8104092513442293,0.10898078978640058,0.9942831136514969,1.0,0.14732142857142858
5622,ReFAM_new1_sta4_j5_k3,0.1032000035047531,resnet18,mnist,resnet18mnist,2,NO,YES,1.0,1.0,1.0,1.0,1.0,1.0,1.0,1.0,1.0,1.0,1.0,1.0,1.0,1.0
5623,ReFAM_sta3_j1_k8_const0,0.1138999983668327,resnet34,cifar,resnet34cifar,2,YES,NO,1.0,0.799380332000102,1.0,1.0,1.0,0.11735388017713791,0.094642170453887,0.11735388017713791,0.094642170453887,1.0,0.19857670052489207,1.0,1.0,0.14285714285714285
5624,mul8_111,0.4954000115394592,resnet34,mnist,resnet34mnist,2,NO,NO,0.060838306467074804,0.0046889372404656975,0.05735709156400051,0.05734165067178503,0.003410621990835325,0.005756440763405948,0.0028656565461463767,0.005756440763405948,0.0028656565461463767,0.05711042780009177,0.030531371108841954,0.8991425179549939,0.07270029673590504,0.7142857142857143
5625,ReFAM_sta3_j3_k6_const1,0.1000000014901161,resnet18,cifar,resnet18cifar,2,NO,YES,0.2448156095971768,0.7973406789799506,0.7534691423243031,0.753358925143954,0.37117831492159414,1.0,1.0,1.0,1.0,0.6839665541743765,1.0,1.0,0.6706231454005934,1.0
5626,mul8_111,0.5809999704360962,resnet18,mnist,resnet18mnist,2,NO,NO,0.060838306467074804,0.0046889372404656975,0.05735709156400051,0.05734165067178503,0.003410621990835325,0.005756440763405948,0.0028656565461463767,0.005756440763405948,0.0028656565461463767,0.05711042780009177,0.030531371108841954,0.8991425179549939,0.07270029673590504,0.7142857142857143
5627,ReFAM_sta3_j3_k5_const1,0.0979999974370002,vgg16,mnist,vgg16mnist,2,NO,YES,0.048529819955546546,0.1853743662904746,0.3623422622014435,0.3622840690978887,0.08311540002510029,1.0,1.0,1.0,1.0,0.327102900808589,1.0,1.0,0.32344213649851633,1.0
5628,mul8_138,0.1054999977350235,resnet34,mnist,resnet34mnist,2,NO,NO,0.39013425920280165,1.0,1.0,1.0,1.0,0.07579855709554499,0.039393997924506104,0.07579855709554499,0.039393997924506104,1.0,0.12814994954109266,1.0,1.0,0.42857142857142855
5629,ReFAM_sta3_j8_k1_const1,0.1001999974250793,resnet34,mnist,resnet34mnist,2,NO,YES,0.36094053591937747,0.6546441812600311,0.6762660446149005,0.6763435700575816,0.3438280804791717,1.0,1.0,1.0,1.0,0.6296408693352383,1.0,0.7967781807370965,0.56973293768546,1.0
5630,ReFAM_new_sta2_j3_k4,0.9884999990463256,vgg16,mnist,vgg16mnist,0,NO,NO,0.05762916119721153,0.01669811662802843,0.08601964553286448,0.08613243761996162,0.014021146025573633,0.003941517741798517,0.0003230887282419935,0.003941517741798517,0.0003230887282419935,0.10055826281032638,0.010635931519201256,0.5241117190570345,0.08902077151335312,0.04444442857142857
5631,mul8_121,0.0098999999463558,resnet34,cifar100,resnet34cifar100,2,NO,NO,0.0075286250889837585,1.0,1.0,1.0,1.0,0.05697539329354776,0.03491992140515502,0.05697539329354776,0.03491992140515502,1.0,0.11531054621020763,0.9835009540022277,1.0,0.32034628571428575
5632,mul8_345,0.1000000014901161,vgg16,cifar,vgg16cifar,2,NO,NO,1.0,0.4939655831401421,0.7352839490695511,0.7353646833013436,0.46129068232770726,0.046711908749753825,0.035165749785339144,0.046711908749753825,0.035165749785339144,0.7018790847906173,0.11246364868657553,1.0,0.9562314540059347,0.2857142857142857
5633,ReFAM_new_sta2_j4_k1,0.9144999980926514,resnet34,cifar,resnet34cifar,0,NO,NO,0.012132454988886637,0.0004959811988892569,0.01130016791182402,0.011276391554702494,0.0005467664933711526,0.0007272339633618626,4.389792503287955e-05,0.0007272339633618626,4.389792503287955e-05,0.017542960565965833,0.0037650107785003255,0.25055947089020525,0.011869436201780416,0.031746
5634,ReFAM_sta1_j3_k6_const1,0.1000000014901161,resnet18,cifar,resnet18cifar,2,NO,YES,0.8804695906220588,1.0,1.0,1.0,0.4995084062368939,1.0,1.0,1.0,1.0,0.8698077072026156,1.0,1.0,0.7537091988130564,1.0
5635,ReFAM_sta1_j4_k5_const0,0.0984999984502792,resnet18,cifar,resnet18cifar,2,YES,NO,1.0,1.0,1.0,1.0,1.0,0.05885807103223859,0.03851077167284457,0.05885807103223859,0.03851077167284457,1.0,0.12076772182511958,0.9117573393010228,1.0,0.14285714285714285
5636,mul8_017,0.1000000014901161,vgg16,cifar,vgg16cifar,2,NO,NO,0.9651259652832505,1.0,1.0,1.0,1.0,0.08996561673957074,0.058724888191984945,0.08996561673957074,0.058724888191984945,1.0,0.1554335883150308,1.0,1.0,1.0
5637,mul8_354,0.1134999990463256,resnet18,mnist,resnet18mnist,2,NO,NO,1.0,1.0,1.0,1.0,1.0,0.09031794126840442,0.05873015594298889,0.09031794126840442,0.05873015594298889,1.0,0.1555769035548151,1.0,1.0,1.0
5638,ReFAM_sta2_j2_k7_const0,0.101000003516674,vgg16,mnist,vgg16mnist,2,YES,NO,1.0,0.9788360125340738,1.0,1.0,1.0,0.11297511866109451,0.07894602837913058,0.11297511866109451,0.07894602837913058,1.0,0.18374805180845918,1.0,1.0,0.14285714285714285
5639,ReFAM_sta4_j1_k8_const1,0.1000000014901161,resnet18,cifar,resnet18cifar,2,NO,YES,0.8871857710623353,0.4374426670955086,0.6785368414918935,0.6785028790786948,0.2832853949586267,1.0,1.0,1.0,1.0,0.609619352918024,1.0,1.0,0.4762611275964392,1.0
5640,ReFAM_sta2_j6_k3_const0,0.101000003516674,vgg16,mnist,vgg16mnist,2,YES,NO,1.0,0.9494306167681451,1.0,1.0,1.0,0.104518426572858,0.06506023673273012,0.104518426572858,0.06506023673273012,1.0,0.16763553740229184,1.0,1.0,0.14285714285714285
5641,ReFAM_sta2_j5_k2_const0,0.1000000014901161,resnet18,cifar,resnet18cifar,2,YES,NO,0.7834099507109658,0.05048021807250401,0.4169531343791394,0.4169865642994242,0.06642436986417065,0.03097113287693756,0.017044686331766472,0.03097113287693756,0.017044686331766472,0.35014840202619785,0.07786869338301594,0.9666913736613933,0.21364985163204747,0.14285714285714285
5642,ReFAM_new2_sta2_j3_k4,0.0980999991297721,resnet34,cifar,resnet34cifar,2,NO,NO,0.33970873968882587,0.06882276513897027,0.22854013062484907,0.2286468330134357,0.06650391977667787,0.026032265699671344,0.03814905277057364,0.026032265699671344,0.03814905277057364,0.2391315344465276,0.11210461415357421,0.8190399296257909,0.18397626112759644,0.2857142857142857
5643,mul8_105,0.1000000014901161,vgg16,cifar,vgg16cifar,2,NO,NO,0.32838872934864644,1.0,1.0,1.0,1.0,0.07523483784941108,0.03907090919626411,0.07523483784941108,0.03907090919626411,1.0,0.12752070606641466,1.0,1.0,0.42857142857142855
5644,ReFAM_new_sta3_j2_k6,0.1134999990463256,resnet18,mnist,resnet18mnist,2,NO,NO,0.20798494266662806,0.059711996535296664,0.1783514929091843,0.1782629558541267,0.054497327791841375,0.009270652089465134,0.002043887389530872,0.009270652089465134,0.002043887389530872,0.2023469694558841,0.026588709147692326,0.5832710567738232,0.228486646884273,0.06762471428571429
5645,mul8_396,0.100100003182888,resnet34,cifar,resnet34cifar,2,NO,NO,0.9008347829248328,0.4887488197589993,0.6786707314160889,0.678742802303263,0.3590833812904252,0.04560344157826934,0.034057766157509266,0.04560344157826934,0.034057766157509266,0.6362942454984218,0.11057442539546049,0.9945773576683656,0.7796735905044511,0.14732142857142858
5646,ReFAM_sta4_j1_k6_const0,0.1134999990463256,resnet18,mnist,resnet18mnist,2,YES,NO,0.5528933059221196,0.02361841770055792,0.2942655970507643,0.2941458733205375,0.031078283193924278,0.029452523818041542,0.022660108901972422,0.029452523818041542,0.022660108901972422,0.24533650912679558,0.08821724798910804,0.9823514678602046,0.16691394658753708,0.14285714285714285
5647,mul8_162,0.1024999991059303,resnet18,cifar,resnet18cifar,2,NO,NO,0.2562439523611598,1.0,1.0,1.0,1.0,0.08255686427555751,0.046591501712897034,0.08255686427555751,0.046591501712897034,1.0,0.139416617402053,1.0,1.0,0.42857142857142855
5648,ReFAM_new_sta3_j2_k2,0.9222999811172484,resnet18,cifar,resnet18cifar,0,NO,NO,0.003466415711110468,6.050492955952411e-05,0.0025367723883686576,0.00263915547024952,7.588341467533027e-05,0.00024120679281691587,3.687425702761882e-05,0.00024120679281691587,3.687425702761882e-05,0.006052896226962023,0.003419412049228785,0.1034058999488891,0.005934718100890208,0.063492
5649,ReFAM_sta2_j4_k1_const0,0.9869999885559082,vgg16,mnist,vgg16mnist,0,YES,NO,0.1282573813110873,0.002136779354444246,0.06826223881428388,0.06837811900191938,0.002811680051656479,0.007073592463507309,0.0028322941231213885,0.007073592463507309,0.0028322941231213885,0.061131255853938346,0.030544060479031188,0.839174772800857,0.03560830860534125,0.14285714285714285
5650,ReFAM_sta3_j4_k3_const0,0.1000000014901161,vgg16,cifar,vgg16cifar,2,YES,NO,0.7296805071887534,0.040270011209334315,0.3883567910920745,0.3884357005758158,0.05298927423730986,0.03340397891834563,0.022702250910003986,0.03340397891834563,0.022702250910003986,0.3230114866535978,0.08924732627505778,0.9783745919782361,0.2195845697329377,0.14285714285714285
5651,ReFAM_new2_sta3_j4_k3,0.0099999997764825,resnet34,cifar100,resnet34cifar100,2,NO,NO,0.49743065454435215,0.07678314396351871,0.2722129752922576,0.27231285988483683,0.09609961916438335,0.037666202321005586,0.06445268945027507,0.037666202321005586,0.06445268945027507,0.2861682298449984,0.14635546359494336,0.7475763049060354,0.17804154302670624,0.2857142857142857
5652,ReFAM_sta1_j2_k4_const0,0.9776999950408936,vgg16,mnist,vgg16mnist,0,YES,NO,0.318910245422163,0.018196061447532674,0.1697331343490302,0.1696257197696737,0.023943278413062773,0.01406858945519787,0.007208039290398822,0.01406858945519787,0.007208039290398822,0.16115942722275345,0.04921833479634307,0.8650254841790388,0.13649851632047477,0.14285714285714285
5653,mul8_211,0.0099999997764825,resnet34,cifar100,resnet34cifar100,2,NO,NO,1.0,0.26840505422515476,0.5687637817770316,0.5688579654510556,0.30831287897231985,0.036972394018071536,0.026284321592686958,0.036972394018071536,0.026284321592686958,0.555776542410324,0.09629813749902963,0.991952578860451,0.5593471810089021,1.0
5654,mul8_209,0.1134999990463256,resnet34,mnist,resnet34mnist,2,NO,NO,0.8960684613220559,0.22120681858711436,0.4949159834268435,0.49496161228406915,0.2695363981916089,0.029642237025875075,0.01617023966511151,0.029642237025875075,0.01617023966511151,0.49966007226835446,0.07570403611544042,0.9762303777930273,0.5615727002967359,0.14285714285714285
5655,mul8_048,0.1134999990463256,resnet18,mnist,resnet18mnist,2,NO,NO,0.8148785093048061,0.3521875820701602,0.5672886532455086,0.5671785028790788,0.29880684050340844,0.03867168232252329,0.028370350990249395,0.03867168232252329,0.028370350990249395,0.5512076434363727,0.10011465219182744,0.9958052410051945,0.706973293768546,0.15178571428571427
5656,mul8_428,0.1134999990463256,resnet34,mnist,resnet34mnist,2,NO,NO,0.6372247041103947,0.12415641944564745,0.37359378312102276,0.3735604606525912,0.13314799304623887,0.026042203058176908,0.015250139156422355,0.026042203058176908,0.015250139156422355,0.36513785705658897,0.07281608474707846,0.9756398534685159,0.4992581602373887,0.2380952857142857
5657,ReFAM_sta1_j3_k6_const1,0.0979999974370002,vgg16,mnist,vgg16mnist,2,NO,YES,0.8804695906220588,1.0,1.0,1.0,0.4995084062368939,1.0,1.0,1.0,1.0,0.8698077072026156,1.0,1.0,0.7537091988130564,1.0
5658,ReFAM_new2_sta4_j3_k1,0.1000000014901161,resnet18,cifar,resnet18cifar,2,NO,NO,1.0,1.0,1.0,1.0,1.0,1.0,1.0,1.0,1.0,1.0,1.0,1.0,1.0,0.2857142857142857
5659,mul8_227,0.1134999990463256,resnet18,mnist,resnet18mnist,2,NO,NO,1.0,0.8730022626805595,1.0,1.0,1.0,0.058348555559771406,0.042767114484032566,0.058348555559771406,0.042767114484032566,1.0,0.12607337143130123,0.9989126207265893,1.0,0.14285714285714285
5660,mul8_394,0.100100003182888,vgg16,cifar,vgg16cifar,2,NO,NO,0.4530713694576511,0.09726547370901586,0.29013253250190274,0.2900671785028791,0.09594225911144641,0.019245953236597665,0.008242274404173465,0.019245953236597665,0.008242274404173465,0.29537575038099667,0.05355809940106172,0.7781033580471157,0.4035608308605341,0.5079365714285714
5661,mul8_046,0.1000000014901161,vgg16,cifar,vgg16cifar,2,NO,NO,0.9097174731845534,0.37893838079891984,0.6207510630681392,0.6206813819577736,0.31285128296175246,0.04107742647709799,0.02989975469839492,0.04107742647709799,0.02989975469839492,0.58664585352985,0.10314666523351428,0.9942047164566912,0.7099406528189911,0.15178571428571427
5662,ReFAM_sta4_j1_k8_const0,0.1134999990463256,resnet34,mnist,resnet34mnist,2,YES,NO,1.0,0.4374426670955086,1.0,1.0,0.5756087161071173,0.09748368014714517,0.08457198645134442,0.09748368014714517,0.08457198645134442,1.0,0.18254554737464396,1.0,0.8553412462908012,0.14285714285714285
5663,mul8_239,0.1005999967455864,resnet18,cifar,resnet18cifar,2,NO,NO,0.005145464287595311,1.0,1.0,1.0,1.0,1.0,1.0,1.0,1.0,1.0,1.0,0.7912934315368497,1.0,1.0
5664,ReFAM_sta2_j4_k5_const1,0.1000000014901161,resnet34,cifar,resnet34cifar,2,NO,YES,0.4333019638888085,0.9755655618678827,0.8418679150622335,0.841890595009597,0.4766540567284868,1.0,1.0,1.0,1.0,0.76799779982289,1.0,1.0,0.7062314540059347,1.0
5665,ReFAM_sta1_j1_k8_const0,0.1134999990463256,resnet18,mnist,resnet18mnist,2,YES,NO,1.0,1.0,1.0,1.0,1.0,0.06089974650701848,0.04122717527387915,0.06089974650701848,0.04122717527387915,1.0,0.1249552139875674,0.9187173811671612,1.0,0.14285714285714285
5666,ReFAM_sta2_j6_k3_const0,0.1134999990463256,resnet18,mnist,resnet18mnist,2,YES,NO,1.0,0.9494306167681451,1.0,1.0,1.0,0.104518426572858,0.06506023673273012,0.104518426572858,0.06506023673273012,1.0,0.16763553740229184,1.0,1.0,0.14285714285714285
5667,ReFAM_new2_sta4_j6_k2,0.100100003182888,resnet34,cifar,resnet34cifar,2,NO,NO,1.0,1.0,1.0,1.0,1.0,1.0,1.0,1.0,1.0,1.0,1.0,1.0,1.0,0.2857142857142857
5668,mul8_118,0.7742000222206116,resnet34,cifar,resnet34cifar,2,NO,NO,0.031847694345827425,0.00037844191526762285,0.01801685119413459,0.017994241842610365,0.00045205851619534073,0.002132918493785537,0.0007322173895484308,0.002132918493785537,0.0007322173895484308,0.019295832502765967,0.01533696995754286,0.5836436979854975,0.01483679525222552,0.14285714285714285
5669,ReFAM_sta2_j3_k3_const0,0.1000000014901161,resnet34,cifar,resnet34cifar,2,YES,NO,0.33450911612216017,0.009972963849896823,0.1780352985291458,0.17802303262955857,0.013122919525745421,0.016825754742378497,0.00931162785797441,0.016825754742378497,0.00931162785797441,0.1509830612874272,0.056104930641395406,0.9495396964704972,0.08605341246290801,0.14285714285714285
5670,ReFAM_new2_sta1_j4_k5,0.2504999935626983,vgg16,cifar,vgg16cifar,2,NO,NO,0.6551525693998784,0.990774590477161,0.6755309562389901,0.6756238003838771,0.8915984128187224,0.03272010797391714,0.039227185809381164,0.03272010797391714,0.039227185809381164,0.7971092041019446,0.11479625350077331,0.6313692630052802,0.7477744807121661,0.2857142857142857
5671,ReFAM_sta4_j1_k8_const1,0.1027999967336654,resnet18,mnist,resnet18mnist,2,NO,YES,0.8871857710623353,0.4374426670955086,0.6785368414918935,0.6785028790786948,0.2832853949586267,1.0,1.0,1.0,1.0,0.609619352918024,1.0,1.0,0.4762611275964392,1.0
5672,ReFAM_new2_sta1_j2_k4,0.031700000166893,resnet34,cifar100,resnet34cifar100,2,NO,NO,0.08319397706665123,0.017552798512215625,0.08377114273408318,0.08373320537428024,0.016871221994509477,0.007799019634413614,0.008458252195335232,0.007799019634413614,0.008458252195335232,0.10560525837110325,0.05220705469267838,0.5448666127728374,0.09198813056379822,0.2857142857142857
5673,mul8_011,0.1093999966979026,resnet18,mnist,resnet18mnist,2,NO,NO,0.3157552663642016,1.0,1.0,1.0,1.0,0.0749918242641386,0.039046326358245696,0.0749918242641386,0.039046326358245696,1.0,0.12739306593098176,1.0,1.0,0.42857142857142855
5674,mul8_229,0.1371999979019165,vgg16,mnist,vgg16mnist,2,NO,NO,0.6236840177388694,1.0,1.0,1.0,1.0,0.07748339106035228,0.04103051256973185,0.07748339106035228,0.04103051256973185,1.0,0.13083561741996738,1.0,1.0,0.42857142857142855
5675,mul8_326,0.1084999963641166,resnet18,mnist,resnet18mnist,2,NO,NO,0.3014156820965681,1.0,1.0,1.0,1.0,0.07507312992463867,0.03900067251621151,0.07507312992463867,0.03900067251621151,1.0,0.12736843362414385,1.0,1.0,0.42857142857142855
5676,ReFAM_new_sta1_j1_k8,0.1134999990463256,resnet18,mnist,resnet18mnist,2,NO,NO,0.3843388419693731,0.25477904356354925,0.27317507435565835,0.2732725527831094,0.2948943713694238,0.007339190954474249,0.001343276506006114,0.007339190954474249,0.001343276506006114,0.41119618404975594,0.021522664708025056,0.4459354618002032,0.5652818991097923,0.06098442857142857
5677,mul8_218,0.0105999996885657,resnet34,cifar100,resnet34cifar100,2,NO,NO,0.15685531092774865,0.03145121869666013,0.09821705231166346,0.09812859884836853,0.0380892278010285,0.009138756240209442,0.004630353132468135,0.009138756240209442,0.004630353132468135,0.14779481952210485,0.03906683864495441,0.648024085247277,0.2195845697329377,0.14285714285714285
5678,mul8_069,0.1121999993920326,resnet18,mnist,resnet18mnist,2,NO,NO,1.0,1.0,0.9993272959306645,0.9992802303262956,0.9731112683855482,0.05683446348201428,0.06664582978491773,0.05683446348201428,0.06664582978491773,0.981268496283709,0.1528158458883455,1.0,1.0,0.8571428571428571
5679,mul8_408,0.0971999987959861,resnet18,cifar,resnet18cifar,2,NO,NO,0.39100086313057925,1.0,1.0,1.0,1.0,0.0733919095447425,0.037053360561752964,0.0733919095447425,0.037053360561752964,1.0,0.12423639848802423,1.0,1.0,0.42857142857142855
5680,ReFAM_sta1_j7_k3_const0,0.1063999980688095,resnet34,cifar,resnet34cifar,2,YES,NO,1.0,1.0,1.0,1.0,1.0,0.08418839786292587,0.04392777562190191,0.08418839786292587,0.04392777562190191,1.0,0.13703101580647664,0.913745777242007,1.0,0.14285714285714285
5681,mul8_296,0.1049000024795532,resnet18,cifar,resnet18cifar,2,NO,NO,0.15040994768131835,1.0,1.0,1.0,1.0,0.055591390272590774,0.029611784310179228,0.055591390272590774,0.029611784310179228,1.0,0.10726473907669157,0.9886741507140253,0.9903560830860534,0.5714285714285714
5682,ReFAM_sta2_j4_k5_const1,0.0995000004768371,resnet18,cifar,resnet18cifar,2,NO,YES,0.4333019638888085,0.9755655618678827,0.8418679150622335,0.841890595009597,0.4766540567284868,1.0,1.0,1.0,1.0,0.76799779982289,1.0,1.0,0.7062314540059347,1.0
5683,mul8_456,0.1000000014901161,vgg16,cifar,vgg16cifar,2,NO,NO,0.9432899103987696,0.2513174675311441,0.5588084611465655,0.5587811900191939,0.25656423382675175,0.034133019674163045,0.023653957924716817,0.034133019674163045,0.023653957924716817,0.5293609879730524,0.09111042439225381,0.9956657550871635,0.6706231454005934,0.5089285714285714
5684,mul8_161,0.1045000031590461,resnet34,mnist,resnet34mnist,2,NO,NO,0.33088021564100706,1.0,1.0,1.0,1.0,0.07519508841538881,0.038923412168153634,0.07519508841538881,0.038923412168153634,1.0,0.12732066187754906,1.0,1.0,0.42857142857142855
5685,ReFAM_sta3_j3_k2_const0,0.1168999969959259,resnet34,mnist,resnet34mnist,2,YES,NO,0.13172379702219777,0.002012585025348381,0.0701071641876429,0.07005758157389635,0.0026482590054350144,0.00800409057811938,0.004007002597001245,0.00800409057811938,0.004007002597001245,0.061668287883090964,0.03626472713375492,0.8928656516435921,0.04747774480712166,0.14285714285714285
5686,mul8_053,0.0938000008463859,resnet34,mnist,resnet34mnist,2,NO,NO,0.2243420918034306,1.0,1.0,1.0,1.0,0.05733223480352036,0.033323792850959516,0.05733223480352036,0.033323792850959516,1.0,0.11321456082836209,0.9860025372183047,0.9324925816023739,1.0
5687,ReFAM_sta1_j2_k3_const0,0.1156999990344047,resnet18,mnist,resnet18mnist,2,YES,NO,0.15252229128886058,0.0043372481084248335,0.08117671642779704,0.08109404990403071,0.005707165768041914,0.007909233974202618,0.0035171017536343094,0.007909233974202618,0.0035171017536343094,0.07772729450704542,0.034042594483557564,0.839174772800857,0.06528189910979229,0.14285714285714285
5688,mul8_448,0.1107999980449676,resnet34,cifar,resnet34cifar,2,NO,NO,0.3325050980055901,1.0,1.0,1.0,1.0,0.07524296841546108,0.039046326358245696,0.07524296841546108,0.039046326358245696,1.0,0.12749458089249566,1.0,1.0,0.42857142857142855
5689,mul8_414,0.9861999750137328,resnet34,mnist,resnet34mnist,0,NO,NO,0.022531702122218042,0.0003240198201411357,0.013836940300192679,0.013915547024952016,0.00036769735399829514,0.0015186090588960135,0.00041966416331432846,0.0015186090588960135,0.00041966416331432846,0.01624162474565717,0.011614505890853501,0.4295300851780431,0.011869436201780416,0.14285714285714285
5690,mul8_410,0.1134999990463256,resnet34,mnist,resnet34mnist,2,NO,NO,1.0,0.3074685916617838,0.68961697991384,0.6895393474088292,0.3343298682525443,0.04122287326977037,0.027113114417307724,0.04122287326977037,0.027113114417307724,0.6341211783670144,0.09880913992941724,0.9961931543976753,0.6824925816023739,0.14285714285714285
5691,ReFAM_new1_sta4_j3_k4,0.1000000014901161,resnet34,cifar,resnet34cifar,2,NO,YES,1.0,1.0,1.0,1.0,1.0,1.0,1.0,1.0,1.0,1.0,1.0,1.0,1.0,1.0
5692,ReFAM_sta4_j4_k6_const0,0.1000000014901161,resnet18,cifar,resnet18cifar,2,YES,NO,1.0,1.0,1.0,1.0,1.0,0.16289589081191833,0.13321966697278154,0.16289589081191833,0.13321966697278154,1.0,0.2457371180499573,1.0,1.0,0.14285714285714285
5693,mul8_268,0.0948999971151351,resnet18,mnist,resnet18mnist,2,NO,NO,0.25410452218125096,1.0,1.0,1.0,1.0,0.04410109365147334,0.025978792034458117,0.04410109365147334,0.025978792034458117,1.0,0.09783131199130553,0.839221607488663,1.0,0.19047614285714287
5694,ReFAM_new2_sta4_j3_k6,0.1000000014901161,resnet18,cifar,resnet18cifar,2,NO,NO,1.0,1.0,1.0,1.0,1.0,1.0,1.0,1.0,1.0,1.0,1.0,1.0,1.0,0.2857142857142857
5695,ReFAM_sta2_j5_k1_const0,0.1134999990463256,resnet18,mnist,resnet18mnist,2,YES,NO,0.28424608831105835,0.008699971976664203,0.15128388061543996,0.1513915547024952,0.01144785380197541,0.013540102661947323,0.006033330816518964,0.013540102661947323,0.006033330816518964,0.1316139601084961,0.04516370780411195,0.8849118998796552,0.0712166172106825,0.14285714285714285
5696,mul8_055,0.989199995994568,vgg16,mnist,vgg16mnist,0,YES,NO,0.031956019836799625,0.0008845331821771585,0.0170079057856535,0.017034548944337813,0.0011639125481922262,0.001479763021101529,0.0003107973092327872,0.001479763021101529,0.0003107973092327872,0.02577815999494062,0.010015645247009786,0.43052481322122876,0.02967359050445104,0.14285714285714285
5697,ReFAM_sta1_j3_k7_const1,0.1000000014901161,resnet34,cifar,resnet34cifar,2,NO,YES,1.0,1.0,1.0,1.0,1.0,1.0,1.0,1.0,1.0,1.0,1.0,1.0,1.0,1.0
5698,mul8_286,0.1401000022888183,vgg16,cifar,vgg16cifar,2,NO,NO,0.23224985264440134,0.02247280462639798,0.1558745752133125,0.15595009596928983,0.01846963852096213,1.0,1.0,1.0,1.0,0.1454333495436478,1.0,0.97626092215464,0.15207715133531158,1.0
5699,ReFAM_sta3_j6_k4_const0,0.101000003516674,vgg16,mnist,vgg16mnist,2,YES,NO,1.0,1.0,1.0,1.0,1.0,0.1826197406530109,0.131528718900515,0.1826197406530109,0.131528718900515,1.0,0.25397401216985244,1.0,1.0,0.14285714285714285
5700,ReFAM_new2_sta2_j6_k3,0.101000003516674,resnet34,cifar,resnet34cifar,2,NO,NO,0.7643446642998581,1.0,0.7984635217960517,0.7984644913627639,0.9558774699486614,0.06171099631956376,0.09880018191300134,0.06171099631956376,0.09880018191300134,0.8723565324433262,0.1842548801824881,0.6765474282665668,0.712166172106825,0.2857142857142857
5701,mul8_373,0.1134999990463256,resnet18,mnist,resnet18mnist,2,NO,NO,1.0,0.3054859063765827,0.6138106346162493,0.6137236084452975,0.3082963537020369,0.03762012911338887,0.02584183050835553,0.03762012911338887,0.02584183050835553,0.5809910584739663,0.09573905877716271,0.9953542025987143,0.650593471810089,0.235955
5702,ReFAM_new2_sta2_j7_k2,0.1045999974012374,resnet34,mnist,resnet34mnist,2,NO,NO,0.6551525693998784,1.0,0.7545456525898074,0.7545585412667946,0.9532214741048254,0.055640173668890826,0.08319183568831069,0.055640173668890826,0.08319183568831069,0.8503748278702458,0.16885073120629632,0.5740120426236385,0.6646884272997032,0.2857142857142857
5703,ReFAM_new1_sta3_j4_k3,0.0979999974370002,vgg16,mnist,vgg16mnist,2,NO,YES,0.5251619802332359,0.06384145797773419,0.2862805312641201,0.2862284069097889,0.0792872370935578,1.0,1.0,1.0,1.0,0.2806612498159249,1.0,0.857692801101226,0.17804154302670624,1.0
5704,mul8_243,0.1274999976158142,vgg16,mnist,vgg16mnist,2,NO,NO,0.9025679907803881,0.4901862098947851,0.6794718053929029,0.6794625719769674,0.36072538770755674,0.045626026483963814,0.03405425432350664,0.045626026483963814,0.03405425432350664,0.6373176194458958,0.11057442539546049,0.9945773576683656,0.7826409495548962,0.14732142857142858
5705,mul8_385,0.1086999997496604,resnet18,cifar,resnet18cifar,2,NO,NO,0.7443044484700008,0.5551280981708404,0.6678137773064083,0.6677063339731286,0.3746238820476579,0.04548871025734145,0.033799646358315935,0.04548871025734145,0.033799646358315935,0.6354498759111447,0.11016985841648604,1.0,0.7908011869436202,0.42857142857142855
5706,ReFAM_new_sta3_j6_k1,0.3734999895095825,resnet34,cifar100,resnet34cifar100,2,NO,NO,0.027839651179855943,0.01117589427559677,0.06189148272932887,0.06190019193857965,0.010260357602238607,0.0037310264207260774,0.0007269496385444853,0.0037310264207260774,0.0007269496385444853,0.0809143398060115,0.01549819960230021,0.357071732415102,0.0712166172106825,0.063492
5707,mul8_263,0.7077000141143799,vgg16,cifar,vgg16cifar,0,NO,NO,0.006932831422220936,0.0001910681986090235,0.007379701493436096,0.007437619961612285,0.0002011335953494948,0.0007940852842174871,0.00016505619812362708,0.0007940852842174871,0.00016505619812362708,0.010827749830438113,0.0072575733147023525,0.2545363467721737,0.005934718100890208,0.14285714285714285
5708,ReFAM_new2_sta2_j1_k2,0.7059000134468079,vgg16,cifar,vgg16cifar,0,YES,NO,0.038130572822215145,0.0002897867678903523,0.02029417910694926,0.02039347408829175,0.0003813157745167505,0.003087808306547635,0.002470575220850461,0.003087808306547635,0.002470575220850461,0.019706802454517704,0.028115912171643883,0.6999749536234776,0.010385756676557863,0.2857142857142857
5709,ReFAM_sta3_j3_k1_const0,0.8435999751091003,resnet34,mnist,resnet34mnist,2,YES,NO,0.048529819955546546,0.000382136397218047,0.025828955227026332,0.025911708253358926,0.000502833988373737,0.0033109471748089766,0.0013064022489784953,0.0033109471748089766,0.0013064022489784953,0.024059785269100267,0.020538865301589007,0.771563810225845,0.017804154302670624,0.14285714285714285
5710,mul8_247,0.6832000017166138,vgg16,mnist,vgg16mnist,2,NO,NO,1.0,0.9170608331465112,0.9698419347640882,0.9697696737044146,0.9290451713424414,1.0,1.0,1.0,1.0,0.9551831882162659,1.0,1.0,1.0,1.0
5711,ReFAM_sta3_j1_k1_const1,0.9882000088691713,vgg16,mnist,vgg16mnist,0,YES,YES,0.013865662844441871,1.592234988408529e-05,0.007379701493436096,0.007437619961612285,2.0951416182239038e-05,1.0,1.0,1.0,1.0,0.006202373313371222,1.0,0.8908772137026079,0.002225519287833828,1.0
5712,ReFAM_new1_sta4_j3_k1,0.101000003516674,vgg16,mnist,vgg16mnist,2,NO,YES,1.0,1.0,1.0,1.0,1.0,1.0,1.0,1.0,1.0,1.0,1.0,1.0,1.0,1.0
5713,ReFAM_new1_sta2_j1_k3,0.2065999954938888,resnet18,cifar,resnet18cifar,2,YES,YES,0.10572567918886927,0.0012666229332789851,0.056270223887450226,0.05638195777351248,0.0016666851572971157,1.0,1.0,1.0,1.0,0.04932274739242135,1.0,0.9704198220689122,0.02225519287833828,1.0
5714,ReFAM_new2_sta1_j4_k3,0.1108999997377395,resnet18,mnist,resnet18mnist,2,NO,NO,0.15598870699997106,0.06845018215168268,0.16281466419893387,0.16290786948176586,0.06592127398309464,0.011721566055428779,0.014054359678526716,0.011721566055428779,0.014054359678526716,0.20757109888307454,0.06747684563157234,0.49714104775305495,0.17804154302670624,0.2857142857142857
5715,mul8_307,0.4706999957561493,vgg16,cifar,vgg16cifar,2,NO,NO,0.1022321838382236,0.005279975415891779,0.0701456751598864,0.07005758157389635,0.004534897426331287,0.00734641812429648,0.007251937215431701,0.00734641812429648,0.007251937215431701,0.06804904025410628,0.048350232588691235,0.9097994457216513,0.08531157270029674,1.0
5716,mul8_313,0.0979999974370002,resnet18,cifar,resnet18cifar,2,NO,NO,1.0,1.0,1.0,1.0,1.0,0.09031794126840442,0.05873015594298889,0.09031794126840442,0.05873015594298889,1.0,0.1555769035548151,1.0,1.0,1.0
5717,mul8_332,0.1134999990463256,resnet18,mnist,resnet18mnist,2,NO,NO,1.0,0.3139761699997452,0.6260998153628206,0.6259596928982726,0.32695755144018157,1.0,1.0,1.0,1.0,0.5949029331342947,1.0,0.9963020959540939,0.7655786350148368,1.0
5718,mul8_096,0.101000003516674,vgg16,mnist,vgg16mnist,2,NO,NO,1.0,1.0,1.0,1.0,1.0,0.09031794126840442,0.05873015594298889,0.09031794126840442,0.05873015594298889,1.0,0.1555769035548151,1.0,1.0,1.0
5719,ReFAM_sta2_j4_k4_const0,0.1000000014901161,vgg16,cifar,vgg16cifar,2,YES,NO,1.0,0.24349412783736274,1.0,1.0,0.3204016271085087,0.06439769670097766,0.043130589303304816,0.06439769670097766,0.043130589303304816,0.8416703916607442,0.12851719484303994,0.9972031546216674,0.5103857566765578,0.14285714285714285
5720,ReFAM_new1_sta1_j3_k1,0.1146000027656555,resnet34,mnist,resnet34mnist,2,NO,YES,0.06759510636665413,0.0014640600718416428,0.0387434328405395,0.03862763915547025,0.0016719230113426754,1.0,1.0,1.0,1.0,0.03922725121364119,1.0,0.6124785934932364,0.017804154302670624,1.0
5721,ReFAM_new2_sta4_j7_k2,0.1000000014901161,vgg16,cifar,vgg16cifar,2,NO,NO,1.0,1.0,1.0,1.0,1.0,1.0,1.0,1.0,1.0,1.0,1.0,1.0,1.0,0.2857142857142857
5722,mul8_043,0.1134999990463256,resnet34,mnist,resnet34mnist,2,NO,NO,0.6603521929665441,0.49114239675948335,0.6195741113754587,0.6194817658349329,0.3257592112902628,0.04249304836602724,0.02965568223521211,0.04249304836602724,0.02965568223521211,0.5907712695262464,0.10316383320494676,1.0,0.8115727002967359,0.2857142857142857
5723,ReFAM_sta1_j3_k2_const0,0.1208000034093856,resnet18,mnist,resnet18mnist,2,YES,NO,0.14558945986663965,0.004088859450233103,0.077486865681079,0.07749520153550864,0.005380323675598985,0.007375326803585398,0.0030149094912581675,0.007375326803585398,0.0030149094912581675,0.07472324088715121,0.03152487415130507,0.8192893752456275,0.06231454005934718,0.14285714285714285
5724,ReFAM_new1_sta2_j6_k3,0.0979999974370002,vgg16,mnist,vgg16mnist,2,NO,YES,1.0,1.0,0.9365446552083911,0.9364203454894434,1.0,1.0,1.0,1.0,1.0,0.988295413574418,1.0,0.7355825522461306,0.712166172106825,1.0
5725,mul8_350,0.101000003516674,vgg16,mnist,vgg16mnist,2,NO,NO,1.0,1.0,1.0,1.0,1.0,0.09031794126840442,0.05873015594298889,0.09031794126840442,0.05873015594298889,1.0,0.1555769035548151,1.0,1.0,1.0
5726,mul8_190,0.0096000004559755,resnet34,cifar100,resnet34cifar100,2,NO,NO,0.8803341854915514,0.22663414572134613,0.495089731118805,0.49496161228406915,0.2667191965366872,0.030118326837914454,0.017973566425462204,0.030118326837914454,0.017973566425462204,0.4985189654900366,0.07951383290637334,0.9844641195384136,0.5756676557863502,0.14285714285714285
5727,mul8_462,0.1134999990463256,resnet18,mnist,resnet18mnist,2,NO,NO,0.6913332833845939,0.13546873357450387,0.39517245093081504,0.3951535508637236,0.15267951745656114,0.024594058905047636,0.011129001954335622,0.024594058905047636,0.011129001954335622,0.3883199422174965,0.06280417166777139,0.9666139946119746,0.5044510385756676,0.14285714285714285
5728,ReFAM_sta2_j2_k4_const0,0.1039000004529953,vgg16,cifar,vgg16cifar,2,YES,NO,0.33970873968882587,0.010145721346139148,0.18080268658918433,0.1809021113243762,0.013350242391322716,0.01726480530907895,0.009963073065462343,0.01726480530907895,0.009963073065462343,0.15306767923740722,0.05800758973624025,0.9535165723524657,0.08753709198813056,0.14285714285714285
5729,mul8_045,0.1134999990463256,resnet18,mnist,resnet18mnist,2,NO,NO,0.604022937660999,0.4629731724326803,0.5954165589107254,0.5954894433781189,0.29998979473781734,0.041942880063310005,0.029499405622095055,0.041942880063310005,0.029499405622095055,0.5674049393742241,0.10276747699491827,1.0,0.766320474777448,0.2857142857142857
5730,ReFAM_sta3_j6_k4_const0,0.1000000014901161,vgg16,cifar,vgg16cifar,2,YES,NO,1.0,1.0,1.0,1.0,1.0,0.1826197406530109,0.131528718900515,0.1826197406530109,0.131528718900515,1.0,0.25397401216985244,1.0,1.0,0.14285714285714285
5731,ReFAM_new2_sta1_j5_k3,0.0171000007539987,resnet34,cifar100,resnet34cifar100,2,NO,NO,0.3119774139999421,0.2738007286067307,0.32562932839786773,0.32557581573896355,0.26368509593237854,0.017755349460762793,0.024591617603419123,0.017755349460762793,0.024591617603419123,0.4151421977661491,0.08954589969127509,0.49714104775305495,0.3560830860534125,0.2857142857142857
5732,mul8_187,0.1005999967455864,resnet34,cifar,resnet34cifar,2,NO,NO,1.0,0.5559526799735053,0.8750272495477646,0.875,0.6313619492716398,0.04934982573486766,0.03473906195401956,0.04934982573486766,0.03473906195401956,0.8295147211772262,0.11262935693257614,0.9949968335678462,1.0,0.14732142857142858
5733,ReFAM_new_sta1_j1_k6,0.0157999992370605,resnet34,cifar100,resnet34cifar100,2,NO,NO,0.09315992223609382,0.014908842559804347,0.06317428148052988,0.06309980806142035,0.017731068684507086,0.0031112966084698816,0.0004512706693380018,0.0031112966084698816,0.0004512706693380018,0.09949606325889786,0.012244495799072032,0.3748444782921222,0.13798219584569732,0.060252714285714284
5734,ReFAM_sta1_j4_k3_const1,0.1071000024676323,resnet18,mnist,resnet18mnist,2,NO,YES,0.20798494266662806,0.0709754668432986,0.24860369406012847,0.2485604606525912,0.0323927226666575,1.0,1.0,1.0,1.0,0.21776971043042742,1.0,0.9644545082459596,0.17804154302670624,1.0
5735,ReFAM_new1_sta2_j3_k1,0.6407999992370605,vgg16,cifar,vgg16cifar,2,YES,YES,0.07799435349998553,0.0010882926145772299,0.04151082090057804,0.04150671785028791,0.0014320292960560382,1.0,1.0,1.0,1.0,0.03941360490903541,1.0,0.7317919969699993,0.017804154302670624,1.0
5736,ReFAM_new2_sta4_j3_k5,0.0089999996125698,resnet34,cifar100,resnet34cifar100,2,NO,NO,1.0,1.0,1.0,1.0,1.0,1.0,1.0,1.0,1.0,1.0,1.0,1.0,1.0,0.2857142857142857
5737,ReFAM_new1_sta3_j2_k7,0.0979999974370002,vgg16,mnist,vgg16mnist,2,NO,YES,1.0,1.0,0.9810210497424647,0.9810460652591171,1.0,1.0,1.0,1.0,1.0,0.9971648132595238,1.0,1.0,0.7566765578635015,1.0
5738,mul8_009,0.100100003182888,resnet34,cifar,resnet34cifar,2,NO,NO,1.0,0.2598248366112144,0.5709753491698383,0.571017274472169,0.2985070580533049,0.037054603074799394,0.026301880762700108,0.037054603074799394,0.026301880762700108,0.5531340760821424,0.09634814854624603,0.99199839540287,0.5593471810089021,1.0
5739,ReFAM_new2_sta4_j1_k7,0.1000000014901161,vgg16,cifar,vgg16cifar,2,NO,NO,1.0,1.0,1.0,1.0,1.0,1.0,1.0,1.0,1.0,1.0,1.0,1.0,1.0,0.2857142857142857
5740,ReFAM_new2_sta1_j3_k1,0.8748999834060669,resnet34,mnist,resnet34mnist,2,NO,NO,0.015598870699997104,0.0008781175961073039,0.016604328360231214,0.016554702495201537,0.0009009108958362786,0.0020263177389076496,0.0013889303480403088,0.0020263177389076496,0.0013889303480403088,0.023285955765030886,0.021064354514131477,0.3261252033745411,0.017804154302670624,0.2857142857142857
5741,mul8_084,0.3635999858379364,vgg16,mnist,vgg16mnist,2,NO,NO,0.3996330493925207,0.17536930768348918,0.3545042554163098,0.35460652591170827,0.1317394958612436,0.026694455134633137,0.016791834283577084,0.026694455134633137,0.016791834283577084,0.35387782284885794,0.07625415763482082,0.989932578412467,0.5682492581602374,0.2857142857142857
5742,ReFAM_sta4_j2_k6_const0,0.1134999990463256,resnet18,mnist,resnet18mnist,2,YES,NO,1.0,0.10086171757572669,0.6475688060490173,0.647552783109405,0.13271884094801142,0.0554287789515906,0.04730089218142837,0.0554287789515906,0.04730089218142837,0.5326445464201321,0.13079083140753478,0.998197882664853,0.3798219584569733,0.14285714285714285
5743,ReFAM_new2_sta3_j3_k5,0.1396999955177307,vgg16,cifar,vgg16cifar,2,NO,NO,0.8908688377553902,0.31543767355361374,0.5213787922846933,0.5213531669865643,0.3571812384695703,0.07004753670950571,0.1455339129030049,0.07004753670950571,0.1455339129030049,0.5499548348838667,0.2225499065465207,0.893828817179778,0.37388724035608306,0.2857142857142857
5744,ReFAM_new_sta3_j1_k3,0.7081999778747559,vgg16,cifar,vgg16cifar,0,NO,NO,0.003466415711110468,6.050492955952411e-05,0.0025367723883686576,0.00263915547024952,7.588341467533027e-05,0.00024120679281691587,3.687425702761882e-05,0.00024120679281691587,3.687425702761882e-05,0.006052896226962023,0.003419412049228785,0.1034058999488891,0.005934718100890208,0.063492
5745,ReFAM_new2_sta2_j2_k4,0.9739999771118164,vgg16,mnist,vgg16mnist,0,YES,NO,0.24091589192217752,0.014450328637301607,0.12822231344845217,0.1281190019193858,0.01901445775619104,0.016150014364000022,0.02073562386853098,0.016150014364000022,0.02073562386853098,0.1310001133151089,0.08220621868711298,0.8401684826986554,0.09198813056379822,0.2857142857142857
5746,mul8_131,0.1062000021338462,resnet18,cifar,resnet18cifar,2,NO,NO,0.30834851351878906,1.0,1.0,1.0,1.0,0.07438203181038797,0.037353622368977865,0.07438203181038797,0.037353622368977865,1.0,0.12501791440497304,1.0,1.0,0.4330357142857143
5747,mul8_188,0.1134999990463256,resnet18,mnist,resnet18mnist,2,NO,NO,1.0,0.6018670024966244,0.8512826209003951,0.8512476007677543,0.6005663528091374,0.0480832642235219,0.034872511646119514,0.0480832642235219,0.034872511646119514,0.8078185362463622,0.11244424141452142,0.996085230986644,0.9673590504451038,0.6190475714285714
5748,ReFAM_new2_sta3_j1_k6,0.1024999991059303,resnet34,mnist,resnet34mnist,2,NO,NO,0.533828019511012,0.075790385448246,0.29118471558143383,0.2912667946257198,0.0947241451322628,0.040644699683992,0.07396098001239677,0.040644699683992,0.07396098001239677,0.29503134672826503,0.15683165833646834,0.9823514678602046,0.1884272997032641,0.2857142857142857
5749,mul8_489,0.0113000003620982,resnet34,cifar100,resnet34cifar100,2,NO,NO,0.4965369709770393,0.1689863496802792,0.3529820591486617,0.35292706333973134,0.1549503179605265,0.02416946267799164,0.015975332877965525,0.02416946267799164,0.015975332877965525,0.3671471815411856,0.07394693156100153,0.9830662059219408,0.46958456973293766,0.7142857142857143
5750,mul8_171,0.5217999815940857,resnet34,cifar100,resnet34cifar100,2,NO,NO,0.026512665648654322,0.0008126414032048506,0.01575393214848585,0.015834932821497123,0.0010089025066610867,0.0014571781154070612,0.0003213328112406783,0.0014571781154070612,0.0003213328112406783,0.023971590539793888,0.010167917689280617,0.443947023859219,0.02967359050445104,0.14285714285714285
5751,ReFAM_sta2_j2_k5_const1,0.1247999966144561,vgg16,cifar,vgg16cifar,2,NO,YES,0.034664157111104675,0.05421878582528724,0.19735296601567762,0.19745681381957772,0.023814505444510595,1.0,1.0,1.0,1.0,0.177123504257007,1.0,1.0,0.13649851632047477,1.0
5752,ReFAM_new1_sta3_j4_k5,0.1000000014901161,resnet34,cifar,resnet34cifar,2,NO,YES,1.0,1.0,0.9581612731331134,0.9580134357005758,1.0,1.0,1.0,1.0,1.0,0.9835984196130352,1.0,0.9223521601990677,0.7477744807121661,1.0
5753,mul8_031,0.1008000001311302,resnet34,cifar,resnet34cifar,2,NO,NO,1.0,1.0,0.7306458509591355,0.7305662188099808,1.0,0.028770459666068615,0.023209710923384076,0.028770459666068615,0.023209710923384076,1.0,0.08904802851973272,0.7945565875024689,0.8100890207715133,0.8401544285714285
5754,ReFAM_new1_sta2_j2_k2,0.1080999970436096,resnet34,mnist,resnet34mnist,2,YES,YES,0.09532643205553787,0.001209302473696278,0.050735447767373154,0.05062380038387716,0.001591260059041055,1.0,1.0,1.0,1.0,0.04561812211687306,1.0,0.8908772137026079,0.020771513353115726,1.0
5755,ReFAM_new1_sta1_j7_k2,0.1000000014901161,resnet34,cifar,resnet34cifar,2,NO,YES,1.0,1.0,1.0,1.0,1.0,1.0,1.0,1.0,1.0,1.0,1.0,0.7357688728519678,0.6646884272997032,1.0
5756,mul8_221,0.1133999973535537,resnet18,cifar,resnet18cifar,2,NO,NO,0.6978328128429261,0.5571394299289226,0.6579656542198359,0.6578694817658349,0.369973028120126,0.043747865726411865,0.0310077383262248,0.043747865726411865,0.0310077383262248,0.6282805276922286,0.10557332067382048,1.0,0.7908011869436202,0.42857142857142855
5757,mul8_397,0.0103000001981854,resnet34,cifar100,resnet34cifar100,2,NO,NO,0.5635092040373955,0.16372413762005453,0.36001122113130885,0.3598848368522073,0.166613395319323,0.025827194755965576,0.018421325260797573,0.025827194755965576,0.018421325260797573,0.37761504674357194,0.07937648913491338,0.9792593603196161,0.43991097922848665,0.7142857142857143
5758,ReFAM_new2_sta4_j2_k3,0.1000000014901161,vgg16,cifar,vgg16cifar,2,NO,NO,1.0,1.0,1.0,1.0,1.0,1.0,1.0,1.0,1.0,1.0,1.0,1.0,1.0,0.2857142857142857
5759,mul8_474,0.008899999782443,resnet34,cifar100,resnet34cifar100,2,NO,NO,0.30861932377980383,0.20076119965352968,0.29942517069766134,0.29942418426103645,0.187013187481013,0.0184636121033413,0.011710210481770946,0.0184636121033413,0.011710210481770946,0.36056772371915696,0.06283776117709583,0.9691766665512769,0.31750741839762614,0.7714285714285715
5760,ReFAM_new_sta1_j5_k3,0.1446000039577484,resnet34,cifar,resnet34cifar,2,NO,NO,0.17505399341107863,0.05775912032201361,0.1215344589700257,0.12164107485604606,0.0685047800220817,0.00435346642166561,0.0007111463855326486,0.00435346642166561,0.0007111463855326486,0.19467378708879565,0.015442217086759464,0.3281136413155253,0.26112759643916916,0.05793285714285714
5761,mul8_297,0.1134999990463256,resnet18,mnist,resnet18mnist,2,NO,NO,0.5544640290076323,0.19935201804957584,0.40804188653626305,0.4081094049904031,0.16455331509154572,0.03136501363224908,0.021945450682437143,0.03136501363224908,0.021945450682437143,0.4019285316050743,0.08737974955661848,0.982506225959042,0.5437685459940653,0.14285714285714285
5762,ReFAM_new_sta1_j5_k2,0.2531999945640564,resnet18,cifar,resnet18cifar,2,NO,NO,0.07799435349998553,0.01341856036481288,0.056731455230789984,0.05662188099808062,0.01581596218326997,0.0025367366076026214,0.00033538014725119976,0.0025367366076026214,0.00033538014725119976,0.09298635509433949,0.010515009285633245,0.2863533901186954,0.11869436201780416,0.05442171428571429
5763,ReFAM_new2_sta2_j1_k8,0.243599995970726,vgg16,cifar,vgg16cifar,2,NO,NO,0.8995348770331664,1.0,0.8490827614040077,0.8490882917466411,0.9472720245006999,0.07078922501251203,0.1242978526890991,0.07078922501251203,0.1242978526890991,0.8956159385657728,0.20702931393800422,0.9337553885344612,0.7581602373887241,0.2857142857142857
5764,ReFAM_sta4_j7_k2_const1,0.1000000014901161,resnet34,cifar,resnet34cifar,2,NO,YES,0.6982661148068149,0.4185378620487606,0.6196787223339788,0.619721689059501,0.24802594993680369,1.0,1.0,1.0,1.0,0.5613355524842703,1.0,0.8937514381303593,0.47477744807121663,1.0
5765,ReFAM_new1_sta3_j2_k1,0.4059999883174896,resnet34,cifar,resnet34cifar,2,YES,YES,0.046796612099991315,0.00026033042060479456,0.02490649254034682,0.02495201535508637,0.00034255565457960827,1.0,1.0,1.0,1.0,0.0219912627692432,1.0,0.8272431270095645,0.008902077151335312,1.0
5766,ReFAM_sta1_j6_k4_const0,0.1134999990463256,resnet34,mnist,resnet34mnist,2,YES,NO,1.0,1.0,1.0,1.0,1.0,0.09034684994769335,0.049815365327311706,0.09034684994769335,0.049815365327311706,1.0,0.14621588052286177,0.9336311747972363,1.0,0.14285714285714285
5767,ReFAM_new1_sta3_j2_k3,0.8991000056266785,vgg16,mnist,vgg16mnist,2,NO,YES,0.18198682483329956,0.004521151249586019,0.09726215952677104,0.09716890595009597,0.005852708551806751,1.0,1.0,1.0,1.0,0.08746382641650943,1.0,0.9664429461869437,0.04451038575667656,1.0
5768,ReFAM_sta2_j1_k2_const0,0.7042999863624573,vgg16,cifar,vgg16cifar,0,YES,NO,0.019065286411107572,7.244669197258808e-05,0.01014708955347463,0.010076775431861805,9.532894362918763e-05,0.0015439041532738175,0.000618082784462944,0.0015439041532738175,0.000618082784462944,0.009853401227258852,0.014058329302592215,0.6999749536234776,0.0051928783382789315,0.14285714285714285
5769,mul8_161,0.1076999977231025,resnet18,mnist,resnet18mnist,2,NO,NO,0.33088021564100706,1.0,1.0,1.0,1.0,0.07519508841538881,0.038923412168153634,0.07519508841538881,0.038923412168153634,1.0,0.12732066187754906,1.0,1.0,0.42857142857142855
5770,mul8_406,0.101000003516674,vgg16,cifar,vgg16cifar,2,NO,NO,0.553814076061799,0.10864468582019209,0.33999168499513927,0.33997120921305185,0.10761154338595087,0.024879532113025706,0.014992019357229023,0.024879532113025706,0.014992019357229023,0.3305404894108816,0.07196888267856183,0.9769451158547636,0.39243323442136496,0.14285714285714285
5771,ReFAM_new2_sta2_j5_k2,0.0948999971151351,resnet34,cifar,resnet34cifar,2,NO,NO,0.27904646474439265,0.06638903395918783,0.19925194032277457,0.1991362763915547,0.06563659661571847,0.021593880032594534,0.02897614235570313,0.021593880032594534,0.02897614235570313,0.22374438699261437,0.09753199214154769,0.5781752391114442,0.1661721068249258,0.2857142857142857
5772,ReFAM_new1_sta2_j6_k1,0.1027999967336654,resnet18,mnist,resnet18mnist,2,NO,YES,0.3085109982888316,0.0679151911955774,0.20455610077118178,0.2046545105566219,0.07104513923417818,1.0,1.0,1.0,1.0,0.2314708527166184,1.0,0.5080779655011617,0.142433234421365,1.0
5773,mul8_498,0.1137000024318695,resnet18,mnist,resnet18mnist,2,NO,NO,0.19758569553329666,0.014416095585050824,0.1291159510210983,0.12907869481765835,0.012060419810174515,0.0109907185071558,0.0042984848192195654,0.0109907185071558,0.0042984848192195654,0.11935107866003206,0.038033774624842503,0.8600548983992718,0.0771513353115727,0.2857142857142857
5774,mul8_207,0.100100003182888,vgg16,cifar,vgg16cifar,2,NO,NO,0.24367819540838437,1.0,1.0,1.0,1.0,0.07358794652617048,0.0380981311775355,0.07358794652617048,0.0380981311775355,1.0,0.12564118641132668,1.0,1.0,1.0
5775,ReFAM_sta4_j8_k1_const1,0.1009000018239021,resnet34,mnist,resnet34mnist,2,NO,YES,0.5596094863623962,0.4011984230249917,0.5698513246962685,0.5698176583493282,0.23735538574717346,1.0,1.0,1.0,1.0,0.5277625657667712,1.0,0.7660485166639855,0.47477744807121663,1.0
5776,ReFAM_new2_sta4_j2_k2,0.1000000014901161,resnet18,cifar,resnet18cifar,2,NO,NO,1.0,1.0,1.0,1.0,1.0,1.0,1.0,1.0,1.0,1.0,1.0,1.0,1.0,0.2857142857142857
5777,mul8_235,0.9914000034332277,resnet18,mnist,resnet18mnist,0,NO,NO,0.0,0.0,0.0,0.0,0.0,0.0,0.0,0.0,0.0,0.0,0.0,0.0,0.0,0.0
5778,mul8_482,0.1000000014901161,resnet18,cifar,resnet18cifar,2,NO,NO,1.0,0.6160269472779151,0.8559939108902226,0.8560460652591171,0.6114401439925774,0.048927939696495,0.03614379555507171,0.048927939696495,0.03614379555507171,0.8134208410780055,0.11446931561001535,0.9957899688243882,0.9673590504451038,0.6190475714285714
5779,mul8_326,0.1000000014901161,vgg16,cifar,vgg16cifar,2,NO,NO,0.3014156820965681,1.0,1.0,1.0,1.0,0.07507312992463867,0.03900067251621151,0.07507312992463867,0.03900067251621151,1.0,0.12736843362414385,1.0,1.0,0.42857142857142855
5780,mul8_030,0.1150000020861625,resnet18,mnist,resnet18mnist,2,NO,NO,0.18761975036385406,0.029379074134461062,0.14965065304897238,0.14971209213051823,0.023363544212644683,0.013281731340802612,0.007046494926277825,0.013281731340802612,0.007046494926277825,0.14922107779914473,0.048539080274448684,0.9417101584437853,0.19881305637982197,0.21428571428571427
5781,ReFAM_new2_sta4_j4_k2,0.1027999967336654,resnet18,mnist,resnet18mnist,2,NO,NO,1.0,1.0,1.0,1.0,1.0,1.0,1.0,1.0,1.0,1.0,1.0,1.0,1.0,0.2857142857142857
5782,ReFAM_new_sta2_j5_k2,0.1401000022888183,resnet34,cifar100,resnet34cifar100,2,NO,NO,0.05156293370276821,0.016364145339209744,0.08371348881616571,0.08373320537428024,0.013832583279933483,0.0037644520811538893,0.00029850589022358096,0.0037644520811538893,0.00029850589022358096,0.09909017964262896,0.010217928736497017,0.4859557025304986,0.0830860534124629,0.040816285714285715
5783,mul8_107,0.0980999991297721,resnet34,cifar,resnet34cifar,2,NO,NO,0.4285356422860316,0.18980232203907982,0.35697369171840154,0.35700575815738966,0.1569153701572944,0.02626714871889381,0.01827734006668973,0.02626714871889381,0.01827734006668973,0.37037993889299825,0.07918689501561539,0.9834693914952279,0.45845697329376855,0.2770562857142857
5784,mul8_077,0.1134999990463256,resnet18,mnist,resnet18mnist,2,NO,NO,1.0,0.8620182993783915,1.0,1.0,0.9749229196263088,0.05588409065039107,0.040684596920472764,0.05588409065039107,0.040684596920472764,1.0,0.12264500217958595,0.9988505138579769,1.0,0.1462052857142857
5785,ReFAM_new2_sta1_j3_k5,0.1022000014781951,resnet34,cifar,resnet34cifar,2,NO,NO,0.3275762846999392,0.28763963900848344,0.33975453828764773,0.3397312859884837,0.2738034800676354,0.01965248153909808,0.028782991485558462,0.01965248153909808,0.028782991485558462,0.42640924294189536,0.0969370846097347,0.5722099252884915,0.37388724035608306,0.2857142857142857
5786,mul8_365,0.698199987411499,resnet34,cifar,resnet34cifar,2,NO,NO,0.046904937590963515,0.0011512822968945049,0.025153325106048525,0.025191938579654512,0.0015032423048416887,0.0024951803811248006,0.0006935872155194968,0.0024951803811248006,0.0006935872155194968,0.031586173124800006,0.014973456823298282,0.6246576486135914,0.040059347181008904,0.14285714285714285
5787,mul8_457,0.0108000002801418,resnet34,cifar100,resnet34cifar100,2,NO,NO,0.2249920447492638,0.021309848011616946,0.14619862425243255,0.14611324376199616,0.019380347271150934,0.01337387775603604,0.007211551124401453,0.01337387775603604,0.007211551124401453,0.141336258940808,0.049095919695693976,0.9328858923738874,0.19881305637982197,0.14285714285714285
5788,mul8_344,0.9914000034332277,resnet18,mnist,resnet18mnist,0,NO,NO,0.0,0.0,0.0,0.0,0.0,0.0,0.0,0.0,0.0,0.0,0.0,0.0,0.0,0.0
5789,ReFAM_new1_sta1_j3_k6,0.1027999967336654,resnet18,mnist,resnet18mnist,2,NO,YES,1.0,1.0,1.0,1.0,1.0,1.0,1.0,1.0,1.0,1.0,1.0,0.9132489222931078,0.7537091988130564,1.0
5790,mul8_133,0.1072999984025955,resnet18,mnist,resnet18mnist,2,NO,NO,0.49451940610787026,0.5217689426413268,0.541556202374912,0.5415067178502879,0.4107951513568729,1.0,1.0,1.0,1.0,0.5808886766854446,1.0,0.9942831136514969,0.7307121661721068,1.0
5791,mul8_253,0.093299999833107,resnet18,cifar,resnet18cifar,2,NO,NO,0.025727307572313715,1.0,1.0,1.0,1.0,0.08033360615899413,0.045116531431792284,0.08033360615899413,0.045116531431792284,1.0,0.13682723944990835,1.0,1.0,0.42857142857142855
5792,mul8_167,0.101000003516674,vgg16,mnist,vgg16mnist,2,NO,NO,1.0,1.0,1.0,1.0,1.0,0.09031794126840442,0.05873015594298889,0.09031794126840442,0.05873015594298889,1.0,0.1555769035548151,1.0,1.0,1.0
5793,ReFAM_new2_sta1_j2_k5,0.0111999996006488,resnet34,cifar100,resnet34cifar100,2,NO,NO,0.16638795413330246,0.07166331235829108,0.16987727098874925,0.16986564299424184,0.06842572831749016,0.012833646811824372,0.01638094970526933,0.012833646811824372,0.01638094970526933,0.21317884465900763,0.07286982796199758,0.5717120521942051,0.18694362017804153,0.2857142857142857
5794,ReFAM_sta1_j5_k5_const1,0.1000000014901161,resnet18,cifar,resnet18cifar,2,NO,YES,1.0,1.0,1.0,1.0,1.0,1.0,1.0,1.0,1.0,1.0,1.0,1.0,1.0,1.0
5795,mul8_030,0.1981000006198883,vgg16,cifar,vgg16cifar,2,NO,NO,0.18761975036385406,0.029379074134461062,0.14965065304897238,0.14971209213051823,0.023363544212644683,0.013281731340802612,0.007046494926277825,0.013281731340802612,0.007046494926277825,0.14922107779914473,0.048539080274448684,0.9417101584437853,0.19881305637982197,0.21428571428571427
5796,mul8_127,0.8934999704360962,resnet18,cifar,resnet18cifar,1,NO,NO,0.01939026288402418,0.0007474268208799327,0.015162980412294478,0.015115163147792706,0.0008315707090014593,0.0014409169833070445,0.00031255322623410233,0.0014409169833070445,0.00031255322623410233,0.022074406353253674,0.010031320351361195,0.46234185656775045,0.02967359050445104,0.14285714285714285
5797,mul8_299,0.9915000200271606,resnet18,mnist,resnet18mnist,0,NO,NO,0.0,0.0,0.0,0.0,0.0,0.0,0.0,0.0,0.0,0.0,0.0,0.0,0.0,0.0
5798,ReFAM_new2_sta1_j3_k6,0.1020999997854232,resnet34,mnist,resnet34mnist,2,NO,NO,0.6603521929665441,0.9961714709703717,0.6797829336078661,0.6797024952015356,0.8939908003577567,0.0333967517485234,0.04080575519356351,0.0333967517485234,0.04080575519356351,0.7997064781092714,0.11708705803670065,0.6534925441213304,0.7537091988130564,0.2857142857142857
5799,ReFAM_sta2_j1_k4_const0,0.1090999990701675,resnet34,cifar,resnet34cifar,2,YES,NO,0.14732266772219488,0.0024416923547244795,0.07840932836775852,0.07845489443378119,0.0032128996715463567,0.008617496616781127,0.004400328005295846,0.008617496616781127,0.004400328005295846,0.06865436019450201,0.0380389996596263,0.9067857353758687,0.04080118694362018,0.14285714285714285
5800,ReFAM_sta4_j2_k3_const1,0.1186000034213066,resnet18,mnist,resnet18mnist,2,NO,YES,0.10052605562220357,0.0012769724607036405,0.0550018376932659,0.05494241842610365,0.0014800702396777277,1.0,1.0,1.0,1.0,0.04769897200991207,1.0,0.9704198220689122,0.02225519287833828,1.0
5801,ReFAM_sta1_j1_k6_const0,0.100100003182888,vgg16,cifar,vgg16cifar,2,YES,NO,0.6534193615443231,0.07465910248898174,0.347768432878176,0.34764875239923226,0.09824014290770974,0.023957164564463642,0.014222927710652972,0.023957164564463642,0.014222927710652972,0.3286923251547612,0.0700333805079331,0.8789455679113154,0.27967359050445106,0.14285714285714285
5802,mul8_496,0.7896000146865845,resnet34,cifar,resnet34cifar,2,NO,NO,0.05653913291118999,0.0029411308944539273,0.039104669228643196,0.03910748560460653,0.0031023082916737258,0.0037174754773093965,0.001515356372135002,0.0037174754773093965,0.001515356372135002,0.04668230314652055,0.02214220454667598,0.6963086120845713,0.045252225519287835,0.2857142857142857
5803,mul8_144,0.5586000084877014,vgg16,mnist,vgg16mnist,2,NO,NO,0.5315531842005958,0.09982101475046494,0.32411478857051906,0.32413627639155473,0.10055574308740772,0.025678134378382088,0.01805082677352007,0.025678134378382088,0.01805082677352007,0.3170137551050844,0.07859795895212673,0.9761367084174152,0.4043026706231454,0.42857142857142855
5804,ReFAM_sta4_j5_k4_const0,0.101000003516674,vgg16,mnist,vgg16mnist,2,YES,NO,1.0,0.43316970547474076,1.0,1.0,0.5699861416819112,0.09398844014186934,0.07738852999896402,0.09398844014186934,0.07738852999896402,1.0,0.17489012498283205,1.0,0.8427299703264095,0.14285714285714285
5805,ReFAM_sta4_j2_k1_const0,0.9884999990463256,resnet34,mnist,resnet34mnist,0,YES,NO,0.017332078555552338,6.687386951315823e-05,0.00922462686679512,0.009117082533589253,8.799594796540397e-05,0.0013803894360458707,0.0004951685943708813,0.0013803894360458707,0.0004951685943708813,0.009179671563434416,0.012580390892316513,0.6363408669304342,0.004451038575667656,0.14285714285714285
5806,mul8_025,0.1045000031590461,resnet34,cifar,resnet34cifar,2,NO,NO,0.30054907816879045,1.0,1.0,1.0,1.0,0.07397821369657089,0.037973461070442124,0.07397821369657089,0.037973461070442124,1.0,0.1256396935442456,1.0,1.0,1.0
5807,ReFAM_new2_sta4_j5_k2,0.100100003182888,resnet34,cifar,resnet34cifar,2,NO,NO,1.0,1.0,1.0,1.0,1.0,1.0,1.0,1.0,1.0,1.0,1.0,1.0,1.0,0.2857142857142857
5808,ReFAM_sta3_j1_k1_const0,0.9908000230789183,resnet18,mnist,resnet18mnist,0,YES,NO,0.006932831422220936,1.592234988408529e-05,0.003689850746718048,0.003598848368522073,2.0951416182239038e-05,0.0005989516990172855,0.00019315087014467003,0.0005989516990172855,0.00019315087014467003,0.004060406186414293,0.007856213014218065,0.5090726935443474,0.002225519287833828,0.14285714285714285
5809,mul8_453,0.494700014591217,resnet34,cifar,resnet34cifar,2,YES,NO,0.8874024220442798,1.0,0.4723008955799101,0.47216890595009603,1.0,0.010302330581588422,0.005601375234195431,0.010302330581588422,0.005601375234195431,0.98001604234001,0.04301099347318512,0.12726817338608684,0.7596439169139466,0.14285714285714285
5810,ReFAM_new2_sta1_j7_k1,0.121799997985363,resnet18,mnist,resnet18mnist,2,NO,NO,0.24958193119995367,0.2247981046034698,0.26566925376369943,0.265595009596929,0.23063318933408733,0.012531009075518504,0.015272966077439451,0.012531009075518504,0.015272966077439451,0.372575303068244,0.07037972567074517,0.3261252033745411,0.28486646884273,0.2857142857142857
5811,ReFAM_new1_sta1_j5_k4,0.1000000014901161,vgg16,cifar,vgg16cifar,2,NO,YES,1.0,1.0,1.0,1.0,1.0,1.0,1.0,1.0,1.0,1.0,1.0,0.8525969834388472,0.7359050445103857,1.0
5812,ReFAM_new2_sta3_j6_k3,0.1000000014901161,resnet34,cifar,resnet34cifar,2,NO,NO,1.0,1.0,0.877615144818229,0.8776391554702495,1.0,0.10257070430576709,0.2086380580962699,0.10257070430576709,0.2086380580962699,0.9951520915684179,0.2708964069675092,0.6506804265621914,0.712166172106825,0.2857142857142857
5813,ReFAM_new2_sta1_j4_k2,0.7062000036239624,vgg16,cifar,vgg16cifar,0,NO,NO,0.07279472993331983,0.01602106845336662,0.07656440299439948,0.07653550863723609,0.015712514565870167,0.006680615104423569,0.006507428406874064,0.006680615104423569,0.006507428406874064,0.10012009896487549,0.045775783307357445,0.4295300851780431,0.0830860534124629,0.2857142857142857
5814,mul8_461,0.0983999967575073,resnet18,cifar,resnet18cifar,2,NO,NO,1.0,1.0,1.0,1.0,1.0,0.07353735633741487,0.0565686221143699,0.07353735633741487,0.0565686221143699,1.0,0.14710936147089207,1.0,1.0,1.0
5815,mul8_364,0.9911999702453612,resnet18,mnist,resnet18mnist,0,NO,NO,0.0,0.0,0.0,0.0,0.0,0.0,0.0,0.0,0.0,0.0,0.0,0.0,0.0,0.0
5816,mul8_268,0.091899998486042,resnet34,mnist,resnet34mnist,2,NO,NO,0.25410452218125096,1.0,1.0,1.0,1.0,0.04410109365147334,0.025978792034458117,0.04410109365147334,0.025978792034458117,1.0,0.09783131199130553,0.839221607488663,1.0,0.19047614285714287
5817,ReFAM_new_sta2_j1_k2,0.9308000206947328,resnet34,cifar,resnet34cifar,0,NO,NO,0.0,0.0,0.0,0.0,0.0,0.0,0.0,0.0,0.0,0.0,0.0,0.0,0.0,0.0
5818,ReFAM_sta1_j3_k6_const0,0.1010999977588653,resnet34,cifar,resnet34cifar,2,YES,NO,1.0,1.0,1.0,1.0,1.0,0.06020503480785665,0.04018591649209925,0.06020503480785665,0.04018591649209925,1.0,0.12339292858721032,0.9167289432261769,1.0,0.14285714285714285
5819,ReFAM_sta4_j2_k5_const0,0.1000000014901161,vgg16,cifar,vgg16cifar,2,YES,NO,0.5511600980665644,0.023517310778793977,0.29334313436408477,0.293426103646833,0.03094524170116706,0.029291719289496934,0.02232121692071859,0.029291719289496934,0.02232121692071859,0.24462238924916616,0.08757009010945702,0.9821030403857549,0.1661721068249258,0.14285714285714285
5820,ReFAM_new2_sta3_j3_k2,0.6761999726295471,vgg16,cifar,vgg16cifar,1,NO,NO,0.1438562520110844,0.004858705067128627,0.07702563433773925,0.07701535508637236,0.006306114378151673,0.011048535865733638,0.01270054767051271,0.011048535865733638,0.01270054767051271,0.07713584491418249,0.06413506267056006,0.7238382452060624,0.04154302670623145,0.2857142857142857
5821,mul8_492,0.1670999974012375,vgg16,mnist,vgg16mnist,2,NO,NO,1.0,0.2686244836318243,0.5906072996937218,0.5906909788867564,0.27277248593520115,0.03619276307349851,0.024586349852415177,0.03619276307349851,0.024586349852415177,0.5540576669010541,0.09324895648591032,0.9945315411259467,0.766320474777448,0.14285714285714285
5822,ReFAM_sta1_j1_k3_const1,0.3346999883651733,resnet18,mnist,resnet18mnist,2,NO,YES,0.032930949255549444,0.0010086808651568033,0.03165200093669075,0.03166986564299425,0.00047209023225171123,1.0,1.0,1.0,1.0,0.027305205674339684,1.0,0.986328343742173,0.019287833827893175,1.0
5823,ReFAM_new1_sta3_j2_k7,0.1000000014901161,resnet18,cifar,resnet18cifar,2,NO,YES,1.0,1.0,0.9810210497424647,0.9810460652591171,1.0,1.0,1.0,1.0,1.0,0.9971648132595238,1.0,1.0,0.7566765578635015,1.0
5824,ReFAM_sta3_j1_k7_const0,0.1000000014901161,vgg16,cifar,vgg16cifar,2,YES,NO,1.0,0.18642205691284744,0.9077032836926398,0.9076295585412668,0.2453033709448911,0.066445695949352,0.053483475943059126,0.066445695949352,0.053483475943059126,0.7420724798800039,0.14136854111057368,0.9982599895334655,0.5111275964391692,0.14285714285714285
5825,ReFAM_new2_sta2_j2_k6,0.095499999821186,resnet18,mnist,resnet18mnist,2,NO,NO,0.459300081722137,0.3006259075739434,0.4337592532970071,0.43378119001919385,0.23752026254807468,0.043921317802145386,0.07496185270314643,0.043921317802145386,0.07496185270314643,0.45287638077935916,0.15843872974925804,0.9011309558959781,0.3768545994065282,0.2857142857142857
5826,ReFAM_sta3_j5_k2_const1,0.1048000007867813,resnet18,mnist,resnet18mnist,2,NO,YES,0.08146076921109599,0.03859498000152854,0.1680899995333077,0.16818618042226488,0.018316070741398714,1.0,1.0,1.0,1.0,0.15235994502524028,1.0,0.8970919731453972,0.13056379821958458,1.0
5827,ReFAM_new_sta2_j5_k1,0.7075999975204468,vgg16,cifar,vgg16cifar,0,NO,NO,0.024264909977773273,0.002340585432960538,0.027443264928715478,0.027351247600767757,0.0023580164223257175,0.0014779562286459716,9.130768406838946e-05,0.0014779562286459716,9.130768406838946e-05,0.0378971244065334,0.005533311836047366,0.3201588714062013,0.02373887240356083,0.031746
5828,mul8_087,0.9921000003814696,resnet34,mnist,resnet34mnist,0,NO,NO,0.0,0.0,0.0,0.0,0.0,0.0,0.0,0.0,0.0,0.0,0.0,0.0,0.0,0.0
5829,mul8_033,0.1000000014901161,vgg16,cifar,vgg16cifar,2,NO,NO,0.9366905204366317,0.23620721155070948,0.5079001623209621,0.5079174664107485,0.29920776852986847,0.027831830985406533,0.012742689678544276,0.027831830985406533,0.012742689678544276,0.519268128351356,0.06761717513719448,0.975950387811578,0.6060830860534124,0.14285714285714285
5830,ReFAM_sta3_j4_k3_const1,0.1048000007867813,resnet18,mnist,resnet18mnist,2,NO,YES,0.1022592634777588,0.040270011209334315,0.17477785401173415,0.17466410748560462,0.01902974471397198,1.0,1.0,1.0,1.0,0.1573520195319397,1.0,0.9594829043208054,0.13056379821958458,1.0
5831,mul8_157,0.6123999953269958,resnet34,cifar100,resnet34cifar100,2,NO,NO,0.019986056550787,0.0007698697169643084,0.015480078805765931,0.015595009596928982,0.0008573211057242055,0.0014427237757626016,0.00031255322623410233,0.0014427237757626016,0.00031255322623410233,0.02244473975989178,0.010031320351361195,0.4658218775008196,0.02967359050445104,0.14285714285714285
5832,ReFAM_new1_sta3_j3_k5,0.1000000014901161,resnet18,cifar,resnet18cifar,2,NO,YES,0.9324658262887159,0.2659382722339694,0.5389398177668321,0.5388675623800384,0.29557351648626645,1.0,1.0,1.0,1.0,0.5343579566226753,1.0,0.9622481871921383,0.37388724035608306,1.0
5833,ReFAM_sta4_j2_k1_const1,0.8206999897956848,resnet34,cifar,resnet34cifar,2,YES,YES,0.024264909977773273,6.687386951315823e-05,0.012914477613513166,0.012955854126679463,8.799594796540397e-05,1.0,1.0,1.0,1.0,0.01132393146641794,1.0,0.8272431270095645,0.004451038575667656,1.0
5834,ReFAM_sta2_j6_k2_const0,0.1134999990463256,resnet18,mnist,resnet18mnist,2,YES,NO,1.0,0.22714187450640716,0.9593611941466924,0.9592130518234165,0.29888452268934923,0.057324104237470336,0.03339754136501476,0.057324104237470336,0.03339754136501476,0.7912040633491688,0.11331756865695707,0.9857693819246613,0.47477744807121663,0.14285714285714285
5835,mul8_497,0.1439999938011169,vgg16,mnist,vgg16mnist,2,NO,NO,0.7330385974088918,0.15654485890250427,0.4356404351438034,0.43570057581573896,0.15973760700740317,0.03009845212090332,0.020481015903340283,0.03009845212090332,0.020481015903340283,0.41469600514419896,0.08436191875220198,0.981667274160081,0.5459940652818991,0.42857142857142855
5836,mul8_226,0.0100999996066093,resnet34,cifar100,resnet34cifar100,2,NO,NO,0.4295105717047814,0.19044719897842202,0.35735655063188104,0.35724568138195784,0.15771896690415424,0.026274375888716037,0.01827734006668973,0.026274375888716037,0.01827734006668973,0.37105228531178186,0.07918913431623702,0.9835009540022277,0.45845697329376855,0.2770562857142857
5837,mul8_082,0.0991000011563301,resnet18,cifar,resnet18cifar,2,NO,NO,0.9535892970282952,0.2604456306269584,0.5428922641216418,0.5429462571976967,0.2969752613315266,0.032957701181822945,0.024017432743989056,0.032957701181822945,0.024017432743989056,0.5370777276707713,0.09144631948549828,0.9887209854018314,0.6706231454005934,1.0
5838,ReFAM_new2_sta3_j1_k5,0.0917000025510788,resnet18,cifar,resnet18cifar,2,NO,NO,0.29551193937216735,0.019210116105775353,0.15890861033756262,0.1588291746641075,0.024643636537089526,0.022650853619095628,0.034623171431932755,0.022650853619095628,0.034623171431932755,0.15608962842083365,0.10647351952371568,0.9545113003956514,0.09347181008902077,0.2857142857142857
5839,ReFAM_new2_sta1_j3_k4,0.7032999992370605,vgg16,cifar,vgg16cifar,0,NO,NO,0.16118833056663676,0.07073901994751994,0.16754228546816635,0.16746641074856047,0.06758545479247378,0.012428925301779508,0.015474896532590697,0.012428925301779508,0.015474896532590697,0.211314571418077,0.07082310719382788,0.5428781748318533,0.18397626112759644,0.2857142857142857
5840,ReFAM_sta4_j7_k1_const1,0.1446000039577484,vgg16,mnist,vgg16mnist,2,NO,YES,0.36050723395548867,0.09426031131378493,0.29345844219991973,0.293426103646833,0.06333663852868628,1.0,1.0,1.0,1.0,0.2720977124080293,1.0,0.7656595851261176,0.18991097922848665,1.0
5841,mul8_197,0.1005999967455864,resnet18,cifar,resnet18cifar,2,NO,NO,0.12896150046882232,1.0,1.0,1.0,1.0,0.07896676766636493,0.044003280052958456,0.07896676766636493,0.044003280052958456,1.0,0.13498056287060425,1.0,1.0,0.42857142857142855
5842,ReFAM_sta3_j3_k4_const0,0.1134999990463256,resnet34,mnist,resnet34mnist,2,YES,NO,0.7435461700331953,0.041059759763584947,0.39573649258551064,0.3956333973128599,0.05402846447994892,0.034443787976518925,0.02441778182028892,0.034443787976518925,0.02441778182028892,0.3284888392521978,0.09250849441369138,0.9814809535542437,0.22551928783382788,0.14285714285714285
5843,mul8_401,0.1000000014901161,resnet18,cifar,resnet18cifar,2,NO,NO,0.7903427821331866,0.15312683107023667,0.44118827333552385,0.44121880998080615,0.17969368290342083,0.028764135892474164,0.017943715836439843,0.028764135892474164,0.017943715836439843,0.42815309807002416,0.07911075879447997,0.9801135842993837,0.594213649851632,1.0
5844,mul8_122,0.098300002515316,resnet18,cifar,resnet18cifar,2,NO,NO,0.2969404839508731,1.0,1.0,1.0,1.0,0.07513636766058318,0.039163972797333815,0.07513636766058318,0.039163972797333815,1.0,0.12759684228755008,1.0,1.0,0.42857142857142855
5845,mul8_287,0.1066000014543533,resnet18,cifar,resnet18cifar,2,NO,NO,0.5209643657248552,0.5224626865844648,0.617017860264998,0.6170825335892515,0.3134421630976848,0.04430616459517911,0.03182775156583899,0.04430616459517911,0.03182775156583899,0.5847433312626434,0.1069549691573661,1.0,0.8100890207715133,0.2857142857142857
5846,mul8_148,0.2151000052690506,vgg16,mnist,vgg16mnist,2,NO,NO,0.5045801369485174,0.22877041991694902,0.39539158378696115,0.39539347408829173,0.19735295690078453,1.0,1.0,1.0,1.0,0.4128142721566668,1.0,0.9865767712166227,0.7225519287833828,1.0
5847,mul8_403,0.9779000282287598,vgg16,mnist,vgg16mnist,0,NO,NO,0.6295877535304387,0.24123191022342239,0.3785405372464014,0.3785988483685221,0.2792475820833238,0.022811658147640235,0.012719862757527177,0.022811658147640235,0.012719862757527177,0.44631695970839175,0.06626538399527059,0.9650755769320837,0.701780415430267,0.2857142857142857
5848,ReFAM_new_sta1_j7_k1,0.2615000009536743,resnet18,cifar,resnet18cifar,2,NO,NO,0.11785813417775591,0.042786538608514,0.09593611941466924,0.09596928982725529,0.04981408711489154,0.002922486796864131,0.0004073727443051222,0.002922486796864131,0.0004073727443051222,0.16349543574748418,0.011633166729367084,0.23067407333497592,0.18991097922848665,0.04664728571428572
5849,ReFAM_new1_sta1_j2_k3,0.8985000252723694,vgg16,mnist,vgg16mnist,2,NO,YES,0.17332078555552338,0.00750261126538099,0.09858819963887283,0.0986084452975048,0.008382383346184673,1.0,1.0,1.0,1.0,0.09431647648757237,1.0,0.8192893752456275,0.04451038575667656,1.0
5850,ReFAM_new1_sta2_j1_k1,0.8220000267028809,resnet18,cifar,resnet18cifar,2,YES,YES,0.027731325688883743,6.368939953634117e-05,0.014759402986872191,0.01487523992322457,8.380566472895615e-05,1.0,1.0,1.0,1.0,0.012404746626742444,1.0,0.8908772137026079,0.004451038575667656,1.0
5851,ReFAM_new2_sta2_j4_k5,0.2892999947071075,vgg16,cifar,vgg16cifar,2,NO,NO,0.8614043042109513,1.0,0.8360106386071918,0.8358925143953936,0.9505891087263785,0.0680022476498147,0.11636813151115973,0.0680022476498147,0.11636813151115973,0.889788088998224,0.20020243277619534,0.8281126231701382,0.7477744807121661,0.2857142857142857
5852,ReFAM_new_sta1_j5_k1,0.91430002450943,resnet34,cifar,resnet34cifar,0,NO,NO,0.029464533544438978,0.002674158663032125,0.02398402985366731,0.023992322456813823,0.0031133804446807213,0.001279209058534655,0.0001264260240946931,0.001279209058534655,0.0001264260240946931,0.040873859613605415,0.006431271385320937,0.23067407333497592,0.04747774480712166,0.04664728571428572
5853,ReFAM_new1_sta4_j4_k5,0.1000000014901161,resnet34,cifar,resnet34cifar,2,NO,YES,1.0,1.0,1.0,1.0,1.0,1.0,1.0,1.0,1.0,1.0,1.0,1.0,1.0,1.0
5854,ReFAM_sta2_j4_k2_const1,0.1333999931812286,resnet18,cifar,resnet18cifar,2,NO,YES,0.06586189851109889,0.009626652739917968,0.08740333956288375,0.08733205374280231,0.004775286064351547,1.0,1.0,1.0,1.0,0.0787341967400899,1.0,0.8988319836119318,0.04154302670623145,1.0
5855,ReFAM_new2_sta4_j3_k3,0.0089999996125698,resnet34,cifar100,resnet34cifar100,2,NO,NO,1.0,1.0,1.0,1.0,1.0,1.0,1.0,1.0,1.0,1.0,1.0,1.0,1.0,0.2857142857142857
5856,mul8_370,0.1000000014901161,vgg16,cifar,vgg16cifar,2,NO,NO,1.0,0.5429154598884162,0.8506797288071873,0.85052783109405,0.611419280304165,0.04777068912871047,0.03251958286435717,0.04777068912871047,0.03251958286435717,0.8104092513442293,0.10898078978640058,0.9942831136514969,1.0,0.14732142857142858
5857,ReFAM_sta3_j2_k3_const0,0.1145000010728836,resnet34,cifar,resnet34cifar,2,YES,NO,0.13692342058886348,0.0020945851272514203,0.07287455224768144,0.07293666026871402,0.0027561587987735454,0.008443141144819834,0.0045249981123892235,0.008443141144819834,0.0045249981123892235,0.06374248683079663,0.03853164579638487,0.9047972974348846,0.04747774480712166,0.14285714285714285
5858,mul8_142,0.7002000212669373,resnet34,cifar100,resnet34cifar100,0,NO,NO,0.0,0.0,0.0,0.0,0.0,0.0,0.0,0.0,0.0,0.0,0.0,0.0,0.0,0.0
5859,mul8_464,0.100500002503395,resnet34,cifar,resnet34cifar,2,NO,NO,1.0,0.858193392759789,1.0,1.0,0.9842105560074308,0.05507826121521247,0.03834747139172226,0.05507826121521247,0.03834747139172226,1.0,0.11932710509187104,0.9988963304003958,1.0,0.14285714285714285
5860,mul8_160,0.0109999999403953,resnet34,cifar100,resnet34cifar100,2,NO,NO,0.30591118650549876,0.06765705009808168,0.21680350502759876,0.21689059500959693,0.06379536229376997,0.016201507948983406,0.010456485742831909,0.016201507948983406,0.010456485742831909,0.23062249310352867,0.059136197249541694,0.9520260075057678,0.3353115727002967,1.0
5861,ReFAM_sta3_j8_k2_const0,0.1134999990463256,resnet18,mnist,resnet18mnist,2,YES,NO,1.0,1.0,1.0,1.0,1.0,0.15618004325461138,0.09700914657165985,0.15618004325461138,0.09700914657165985,1.0,0.21779288559263835,0.991734695747614,1.0,0.14285714285714285
5862,ReFAM_sta4_j1_k5_const0,0.1134999990463256,resnet34,mnist,resnet34mnist,2,YES,NO,0.24784872334439845,0.005530628232237027,0.1319121641951702,0.13195777351247603,0.00727747441090073,0.015068649079348904,0.010112326010574133,0.015068649079348904,0.010112326010574133,0.11201129353797264,0.05799564679959155,0.9545113003956514,0.07195845697329377,0.14285714285714285
5863,mul8_415,0.0104999998584389,resnet34,cifar100,resnet34cifar100,2,NO,NO,0.28814580598605766,1.0,1.0,1.0,1.0,0.07394298124368752,0.036883036612625396,0.07394298124368752,0.036883036612625396,1.0,0.12424087708926748,1.0,1.0,0.4330357142857143
5864,mul8_485,0.1000000014901161,resnet18,cifar,resnet18cifar,2,NO,NO,1.0,0.43084286551346396,0.7489696608368895,0.7490403071017275,0.5251768937835817,0.037363564584699714,0.021394092744024176,0.037363564584699714,0.021394092744024176,0.7290376746114405,0.08798510715799908,0.9926978612837999,0.9465875370919882,0.14285714285714285
5865,mul8_055,0.8743000030517578,resnet34,cifar,resnet34cifar,1,YES,NO,0.031956019836799625,0.0008845331821771585,0.0170079057856535,0.017034548944337813,0.0011639125481922262,0.001479763021101529,0.0003107973092327872,0.001479763021101529,0.0003107973092327872,0.02577815999494062,0.010015645247009786,0.43052481322122876,0.02967359050445104,0.14285714285714285
5866,ReFAM_new_sta1_j4_k1,0.986299991607666,resnet34,mnist,resnet34mnist,0,NO,NO,0.014732266772219489,0.0006685396657580313,0.011992014926833655,0.011996161228406911,0.0007783451111701803,0.0007904716993063723,6.84807630512921e-05,0.0007904716993063723,6.84807630512921e-05,0.020436928453333975,0.004688349068152368,0.23067407333497592,0.02373887240356083,0.04664728571428572
5867,ReFAM_sta1_j1_k4_const0,0.1064999997615814,resnet34,cifar,resnet34cifar,2,YES,NO,0.1542554991444158,0.004396956920490153,0.08209917911447656,0.08205374280230326,0.00578573357872531,0.008070038502747227,0.0037102526237789792,0.008070038502747227,0.0037102526237789792,0.0784661747415996,0.03495697557072308,0.8431516486828253,0.06602373887240356,0.14285714285714285
5868,mul8_304,0.1134999990463256,resnet34,mnist,resnet34mnist,2,NO,NO,1.0,0.47547480494484495,0.7190157476630922,0.7190499040307102,0.46094612985231526,0.042805623460838674,0.02913944263682544,0.042805623460838674,0.02913944263682544,0.6926402910061713,0.10245472134143063,0.9959294547424195,0.836053412462908,0.30357142857142855
5869,ReFAM_sta3_j4_k2_const0,0.8374000191688538,vgg16,mnist,vgg16mnist,2,YES,NO,0.307644394361054,0.009016627709983951,0.16373712688561337,0.16362763915547027,0.011864525091299689,0.0161509177602278,0.00911145331982448,0.0161509177602278,0.00911145331982448,0.14005622130441583,0.05539955094558201,0.9386027787223904,0.10089020771513353,0.14285714285714285
5870,mul8_176,0.1032000035047531,resnet34,cifar,resnet34cifar,2,NO,NO,0.9641239492921341,0.25038409539398265,0.5654502589079713,0.5654990403071017,0.260001467200187,0.03418632005160199,0.022756684337044756,0.03418632005160199,0.022756684337044756,0.5345507176390317,0.08954589969127509,0.9929462887582495,0.6461424332344213,0.14285714285714285
5871,mul8_427,0.1517000049352646,vgg16,mnist,vgg16mnist,2,NO,NO,0.6603521929665441,0.4890661223345986,0.6181097941066236,0.618042226487524,0.32525830982699544,0.04243071402631051,0.029624075729188435,0.04243071402631051,0.029624075729188435,0.5897595354098399,0.10309665418629786,1.0,0.8115727002967359,0.2857142857142857
5872,ReFAM_sta4_j1_k2_const0,0.9081000089645386,resnet34,cifar,resnet34cifar,0,YES,NO,0.019065286411107572,7.244669197258808e-05,0.01014708955347463,0.010076775431861805,9.532894362918763e-05,0.0015402905683627025,0.0006110591164576833,0.0015402905683627025,0.0006110591164576833,0.009853401227258852,0.01399115028394332,0.6999749536234776,0.0051928783382789315,0.14285714285714285
5873,ReFAM_new1_sta1_j4_k5,0.1000000014901161,vgg16,cifar,vgg16cifar,2,NO,YES,1.0,1.0,1.0,1.0,1.0,1.0,1.0,1.0,1.0,1.0,1.0,0.8869003378206395,0.7477744807121661,1.0
5874,mul8_234,0.1018999963998794,resnet34,mnist,resnet34mnist,2,NO,NO,0.3788684081416926,1.0,1.0,1.0,1.0,0.07312269746886445,0.03766266376120934,0.07312269746886445,0.03766266376120934,1.0,0.12490445650681047,1.0,1.0,0.7142857142857143
5875,ReFAM_sta4_j6_k3_const1,0.1000000014901161,vgg16,cifar,vgg16cifar,2,NO,YES,0.7814600918734661,0.42896700122283643,0.6470643333447769,0.6470729366602688,0.26197180793666647,1.0,1.0,1.0,1.0,0.5829790631191468,1.0,0.9564529036488294,0.47477744807121663,1.0
5876,mul8_400,0.9233999848365784,resnet18,cifar,resnet18cifar,0,YES,NO,0.001733207855555234,0.0008144281965709627,0.000922462686679512,0.0009596928982725527,0.001071664937721527,5.691396235005881e-05,3.1606506023673276e-05,5.691396235005881e-05,3.1606506023673276e-05,0.021655499660876227,0.0031544281423359186,0.0009947280431856548,0.18991097922848665,0.07128928571428571
5877,mul8_200,0.101000003516674,vgg16,mnist,vgg16mnist,2,NO,NO,1.0,1.0,1.0,1.0,1.0,0.07928837672345415,0.04395235845992032,0.07928837672345415,0.04395235845992032,1.0,0.13504923475633424,1.0,1.0,0.36160714285714285
5878,ReFAM_sta2_j3_k5_const1,0.0992999970912933,vgg16,mnist,vgg16mnist,2,NO,YES,0.19585248767774144,0.24491042085955214,0.42289328857180314,0.42298464491362764,0.11547715356544218,1.0,1.0,1.0,1.0,0.38305795356302386,1.0,1.0,0.3264094955489614,1.0
5879,mul8_099,0.1134999990463256,resnet18,mnist,resnet18mnist,2,NO,NO,0.9770974121951874,0.5338846641148447,0.715238853337259,0.71521113243762,0.4056669129418313,0.053278695929477274,0.04351162329259021,0.053278695929477274,0.04351162329259021,0.6728065061155172,0.12547547816532606,1.0,0.8019287833827893,0.21428571428571427
5880,mul8_114,0.2750000059604645,resnet18,cifar,resnet18cifar,2,YES,NO,0.07821100448192993,0.002011577433571956,0.04162612873641298,0.04150671785028791,0.0026469331662967365,0.003847564534109531,0.0012168504819114211,0.003847564534109531,0.0012168504819114211,0.045713392780693626,0.01991036826045156,0.6920212018595407,0.04896142433234421,0.14285714285714285
5881,mul8_461,0.0099999997764825,resnet34,cifar100,resnet34cifar100,2,NO,NO,1.0,1.0,1.0,1.0,1.0,0.07353735633741487,0.0565686221143699,0.07353735633741487,0.0565686221143699,1.0,0.14710936147089207,1.0,1.0,1.0
5882,mul8_004,0.1000000014901161,vgg16,cifar,vgg16cifar,2,NO,NO,1.0,1.0,1.0,1.0,1.0,0.08819496013312446,0.04488826222162131,0.08819496013312446,0.04488826222162131,1.0,0.13983462018475723,1.0,1.0,0.36160714285714285
5883,mul8_051,0.6924999952316284,vgg16,mnist,vgg16mnist,2,NO,NO,0.5511600980665644,0.1516778972307849,0.3793346300256026,0.3793186180422265,0.12837408007065937,0.0262165585301382,0.015675071070740627,0.0262165585301382,0.015675071070740627,0.365465380247335,0.07377823758083875,0.9855514988118244,0.4072700296735905,0.2380952857142857
5884,ReFAM_new_sta1_j7_k2,0.1032999977469444,resnet18,cifar,resnet18cifar,2,NO,NO,0.3119774139999421,0.22611010623391842,0.2398402985366731,0.23992322456813822,0.26065237843999944,0.005212596234283164,0.0008551315796404937,0.005212596234283164,0.0008551315796404937,0.38066894590981054,0.017020177591467966,0.30425034973294046,0.47477744807121663,0.05442171428571429
5885,mul8_473,0.9837999939918518,resnet34,mnist,resnet34mnist,0,NO,NO,0.025537736229904504,0.0007687694188979186,0.015393596083964355,0.015355086372360844,0.0009472945489156869,0.0014364000021681509,0.00031430914323541753,0.0014364000021681509,0.00031430914323541753,0.023273660855098424,0.010061924126523472,0.45488394160732576,0.026706231454005934,0.14285714285714285
5886,ReFAM_sta3_j2_k2_const1,0.1688999980688095,resnet34,mnist,resnet34mnist,2,NO,YES,0.043330196388880846,0.00041318497949201336,0.026059570898696212,0.026151631477927068,0.0003623940309674491,1.0,1.0,1.0,1.0,0.02288923242511855,1.0,0.9226942570491296,0.010385756676557863,1.0
5887,ReFAM_sta3_j1_k1_const1,0.8671000003814697,resnet18,mnist,resnet18mnist,2,YES,YES,0.013865662844441871,1.592234988408529e-05,0.007379701493436096,0.007437619961612285,2.0951416182239038e-05,1.0,1.0,1.0,1.0,0.006202373313371222,1.0,0.8908772137026079,0.002225519287833828,1.0
5888,ReFAM_new1_sta1_j3_k3,0.1032000035047531,resnet34,mnist,resnet34mnist,2,NO,YES,0.3379755318332706,0.030334464881665097,0.19348654853102762,0.1933781190019194,0.033661527340209066,1.0,1.0,1.0,1.0,0.18671982763391665,1.0,0.7894607698400902,0.08902077151335312,1.0
5889,ReFAM_new1_sta3_j1_k4,0.1000000014901161,resnet34,cifar,resnet34cifar,2,NO,YES,0.19238607196663096,0.004635792168751433,0.10279693564684811,0.10268714011516315,0.005998059001571034,1.0,1.0,1.0,1.0,0.09115589150225444,1.0,0.9982599895334655,0.04599406528189911,1.0
5890,mul8_337,0.1000000014901161,vgg16,cifar,vgg16cifar,2,NO,NO,1.0,1.0,1.0,1.0,1.0,0.0876836378682017,0.061139274068793326,0.0876836378682017,0.061139274068793326,1.0,0.1569996058830906,1.0,1.0,1.0
5891,mul8_482,0.0099999997764825,resnet34,cifar100,resnet34cifar100,2,NO,NO,1.0,0.6160269472779151,0.8559939108902226,0.8560460652591171,0.6114401439925774,0.048927939696495,0.03614379555507171,0.048927939696495,0.03614379555507171,0.8134208410780055,0.11446931561001535,0.9957899688243882,0.9673590504451038,0.6190475714285714
5892,ReFAM_sta2_j3_k2_const1,0.9797000288963318,vgg16,mnist,vgg16mnist,0,NO,YES,0.05372944352221225,0.0023047601457213463,0.04704559702065511,0.04702495201535509,0.0013147013654354997,1.0,1.0,1.0,1.0,0.0420229708059854,1.0,0.9067857353758687,0.020771513353115726,1.0
5893,mul8_140,0.0098999999463558,resnet34,cifar100,resnet34cifar100,2,NO,NO,1.0,0.2928668967212697,0.6056245679000284,0.6055662188099808,0.3201268077511912,0.03867529590743441,0.024358080642244203,0.03867529590743441,0.024358080642244203,0.5808184803832939,0.09354081200026275,0.9937852405572106,0.6379821958456974,0.14285714285714285
5894,ReFAM_new_sta3_j2_k3,0.9915000200271606,resnet18,mnist,resnet18mnist,0,NO,NO,0.0028164627652772552,0.00043417013986192136,0.009166972948877649,0.009117082533589253,0.00047061709627710564,0.0007651766049285684,0.00012115827309074755,0.0007651766049285684,0.00012115827309074755,0.015841945430041124,0.006243170133104029,0.21078765763435955,0.01483679525222552,0.063492
5895,mul8_277,0.0099999997764825,resnet34,cifar100,resnet34cifar100,2,NO,NO,0.4618051078342652,0.09749355976613253,0.2945718841815479,0.2946257197696737,0.09583327440349455,0.020148446068148595,0.00893586161969296,0.020148446068148595,0.00893586161969296,0.2976511099719897,0.05578844282020506,0.8699349812355806,0.4035608308605341,0.5079365714285714
5896,ReFAM_sta1_j8_k1_const0,0.1097000017762184,vgg16,mnist,vgg16mnist,2,YES,NO,1.0,0.795658930527603,1.0,1.0,1.0,0.03694167854632706,0.01820007971863186,0.03694167854632706,0.01820007971863186,1.0,0.08189570233424696,0.7675859161984895,0.8545994065281899,0.14285714285714285
5897,mul8_441,0.1000000014901161,vgg16,cifar,vgg16cifar,2,NO,NO,0.9142671438053859,0.46781794544366034,0.6658943058784135,0.6657869481765836,0.3611921511176692,0.04494486572821866,0.03382774103033698,0.04494486572821866,0.03382774103033698,0.6297195979042555,0.11005863981894508,0.9946862992247841,0.7796735905044511,0.14732142857142858
5898,mul8_247,0.0099999997764825,resnet34,cifar100,resnet34cifar100,2,NO,NO,1.0,0.9170608331465112,0.9698419347640882,0.9697696737044146,0.9290451713424414,1.0,1.0,1.0,1.0,0.9551831882162659,1.0,1.0,1.0,1.0
5899,mul8_287,0.1076000034809112,resnet34,cifar,resnet34cifar,2,NO,NO,0.5209643657248552,0.5224626865844648,0.617017860264998,0.6170825335892515,0.3134421630976848,0.04430616459517911,0.03182775156583899,0.04430616459517911,0.03182775156583899,0.5847433312626434,0.1069549691573661,1.0,0.8100890207715133,0.2857142857142857
5900,ReFAM_sta4_j2_k4_const1,0.0996999964118003,resnet34,mnist,resnet34mnist,2,NO,YES,0.18372003268885478,0.005480472830102158,0.10400766792311497,0.10388675623800385,0.005664673681287594,1.0,1.0,1.0,1.0,0.09109558364263634,1.0,0.9942831136514969,0.04599406528189911,1.0
5901,mul8_164,0.1035000011324882,resnet34,cifar,resnet34cifar,2,NO,NO,0.28294618241939196,1.0,1.0,1.0,1.0,0.07380024463969848,0.036756610588530705,0.07380024463969848,0.036756610588530705,1.0,0.12402291849542883,1.0,1.0,0.4330357142857143
5902,ReFAM_new2_sta1_j5_k3,0.193800002336502,resnet18,cifar,resnet18cifar,2,NO,NO,0.3119774139999421,0.2738007286067307,0.32562932839786773,0.32557581573896355,0.26368509593237854,0.017755349460762793,0.024591617603419123,0.017755349460762793,0.024591617603419123,0.4151421977661491,0.08954589969127509,0.49714104775305495,0.3560830860534125,0.2857142857142857
5903,mul8_255,0.1000000014901161,resnet18,cifar,resnet18cifar,2,NO,NO,0.7685422788082388,0.2262242820421369,0.4716799896353569,0.4716890595009597,0.22976074296523172,0.030305329857064647,0.020071887242033844,0.030305329857064647,0.020071887242033844,0.46923727048246117,0.08364235681911826,0.9844641195384136,0.5756676557863502,0.36153842857142854
5904,mul8_451,0.1149000003933906,vgg16,mnist,vgg16mnist,2,NO,NO,0.39013425920280165,1.0,1.0,1.0,1.0,0.07579855709554499,0.039393997924506104,0.07579855709554499,0.039393997924506104,1.0,0.12814994954109266,1.0,1.0,0.42857142857142855
5905,mul8_114,0.9890000224113464,vgg16,mnist,vgg16mnist,0,YES,NO,0.07821100448192993,0.002011577433571956,0.04162612873641298,0.04150671785028791,0.0026469331662967365,0.003847564534109531,0.0012168504819114211,0.003847564534109531,0.0012168504819114211,0.045713392780693626,0.01991036826045156,0.6920212018595407,0.04896142433234421,0.14285714285714285
5906,mul8_332,0.1000000014901161,vgg16,cifar,vgg16cifar,2,NO,NO,1.0,0.3139761699997452,0.6260998153628206,0.6259596928982726,0.32695755144018157,1.0,1.0,1.0,1.0,0.5949029331342947,1.0,0.9963020959540939,0.7655786350148368,1.0
5907,ReFAM_sta3_j3_k6_const1,0.1027999967336654,resnet18,mnist,resnet18mnist,2,NO,YES,0.2448156095971768,0.7973406789799506,0.7534691423243031,0.753358925143954,0.37117831492159414,1.0,1.0,1.0,1.0,0.6839665541743765,1.0,1.0,0.6706231454005934,1.0
5908,mul8_295,0.1000000014901161,resnet18,cifar,resnet18cifar,2,NO,NO,0.7751772133970783,0.13492554510483276,0.4318307712534887,0.43186180422264875,0.15752114090049688,0.02867108608101296,0.016823440789600755,0.02867108608101296,0.016823440789600755,0.4113698936402857,0.0768072648883634,0.981232526079794,0.5222551928783383,0.14285714285714285
5909,ReFAM_new_sta2_j3_k5,0.1184000000357627,resnet34,mnist,resnet34mnist,2,NO,NO,0.28511269223883595,0.08703454990701348,0.23268400643639853,0.23272552783109407,0.07621903001406873,0.008627433975286692,0.0008112336546076141,0.008627433975286692,0.0008112336546076141,0.24991938401884056,0.017562088341902392,0.653352040057912,0.2314540059347181,0.046083
5910,mul8_124,0.1024999991059303,resnet34,cifar,resnet34cifar,2,NO,NO,0.8246819627713747,0.3560250091075841,0.5707351620253314,0.5707773512476008,0.30463293658314167,0.03870601137917888,0.028379130575255967,0.03870601137917888,0.028379130575255967,0.5554167687667081,0.10013704519804374,0.996488416559931,0.8167655786350149,0.15178571428571427
5911,ReFAM_sta2_j8_k2_const0,0.0996999964118003,resnet34,cifar,resnet34cifar,2,YES,NO,1.0,1.0,1.0,1.0,1.0,0.14160735870431299,0.0781400624755269,0.14160735870431299,0.0781400624755269,1.0,0.19617318452434268,0.9865146643480103,1.0,0.14285714285714285
5912,mul8_290,0.1180000007152557,vgg16,mnist,vgg16mnist,2,NO,NO,1.0,0.5467002024558633,0.8585186359159032,0.8584452975047985,0.6172612925043266,0.04791161894024395,0.03250729144534797,0.04791161894024395,0.03250729144534797,0.816411646945982,0.10900318279261688,0.9946557548631715,1.0,0.14732142857142858
5913,mul8_073,0.1000000014901161,vgg16,cifar,vgg16cifar,2,NO,NO,0.3459374588861432,1.0,1.0,1.0,1.0,0.08505475484536566,0.04964152954418151,0.08505475484536566,0.04964152954418151,1.0,0.14384072899685302,1.0,1.0,0.42857142857142855
5914,ReFAM_new2_sta1_j2_k4,0.3364999890327453,resnet18,cifar,resnet18cifar,2,NO,NO,0.08319397706665123,0.017552798512215625,0.08377114273408318,0.08373320537428024,0.016871221994509477,0.007799019634413614,0.008458252195335232,0.007799019634413614,0.008458252195335232,0.10560525837110325,0.05220705469267838,0.5448666127728374,0.09198813056379822,0.2857142857142857
5915,ReFAM_new2_sta1_j6_k2,0.7042999863624573,vgg16,cifar,vgg16cifar,0,NO,NO,0.2911789197332793,0.25633709525386594,0.30625761197759793,0.30614203454894434,0.2514002330539227,0.015768781155877404,0.02073035611752704,0.015768781155877404,0.02073035611752704,0.40048039585950196,0.08214202540262626,0.4295300851780431,0.3323442136498516,0.2857142857142857
5916,mul8_074,0.1134999990463256,resnet18,mnist,resnet18mnist,2,NO,NO,1.0,0.7749833653733473,1.0,1.0,0.8819180904636108,0.05361475932621095,0.03803140633148552,0.05361475932621095,0.03803140633148552,0.97302942593417,0.1184485528146516,0.9988810582195896,1.0,0.14285714285714285
5917,ReFAM_sta3_j7_k3_const0,0.1134999990463256,resnet18,mnist,resnet18mnist,2,YES,NO,1.0,1.0,1.0,1.0,1.0,0.17343310441272922,0.11803274082840653,0.17343310441272922,0.11803274082840653,1.0,0.24080617808112836,1.0,1.0,0.14285714285714285
5918,ReFAM_sta3_j5_k2_const0,0.1000000014901161,vgg16,cifar,vgg16cifar,2,YES,NO,0.6950163500776488,0.03859498000152854,0.3699075373584843,0.3699616122840691,0.05078518525493832,0.031132840801709947,0.019594277817676115,0.031132840801709947,0.019594277817676115,0.30958655755864384,0.08294070929100757,0.9674366560847423,0.21364985163204747,0.14285714285714285
5919,ReFAM_new1_sta3_j4_k2,0.1264999955892563,vgg16,cifar,vgg16cifar,2,NO,YES,0.27991306867217025,0.01622626773749777,0.15070734143626527,0.15067178502879078,0.020713208402270887,1.0,1.0,1.0,1.0,0.14587354088525445,1.0,0.7949292287141434,0.0830860534124629,1.0
5920,ReFAM_new2_sta2_j4_k1,0.0133999995887279,resnet34,cifar100,resnet34cifar100,2,YES,NO,0.09705963991109309,0.0035156548544060325,0.051657910454052665,0.051583493282149714,0.0046260726930383795,0.006838709444284844,0.00627213552869783,0.006838709444284844,0.00627213552869783,0.05880973485848072,0.04496590291586799,0.5050958176623789,0.03560830860534125,0.2857142857142857
5921,ReFAM_new2_sta1_j1_k3,0.4120000004768371,resnet34,cifar100,resnet34cifar100,2,NO,NO,0.024264909977773273,0.0010031080426973734,0.02064010261445408,0.020633397312859885,0.0010008065945090094,0.002732773589030601,0.0022739125167031606,0.002732773589030601,0.0022739125167031606,0.025822537527620672,0.026951475848396363,0.5249812152176082,0.02225519287833828,0.2857142857142857
5922,mul8_083,0.9890000224113464,vgg16,mnist,vgg16mnist,0,NO,NO,0.06759510636665413,0.002183750286602298,0.043701669781441875,0.043666026871401156,0.0021156838281064043,0.004583832459749181,0.0018542483533888323,0.004583832459749181,0.0018542483533888323,0.044190288402232845,0.024554677749711876,0.7556552885525841,0.037091988130563795,0.14285714285714285
5923,mul8_050,0.4260999858379364,resnet34,cifar100,resnet34cifar100,2,NO,NO,0.03249764729166064,0.0009031455430158204,0.017411483211075787,0.01751439539347409,0.0011834767459673395,0.0015547449080071621,0.0003213328112406783,0.0015547449080071621,0.0003213328112406783,0.026087211044475905,0.010179114192388766,0.4474270447922881,0.02967359050445104,0.14285714285714285
5924,ReFAM_new1_sta1_j6_k2,0.0979999974370002,vgg16,mnist,vgg16mnist,2,NO,YES,1.0,0.4503604820013757,0.7232107463567373,0.7231285988483686,0.5039067008822675,1.0,1.0,1.0,1.0,0.7083698985317217,1.0,0.7198603511787068,0.3323442136498516,1.0
5925,mul8_312,0.098700001835823,resnet34,cifar,resnet34cifar,2,NO,NO,0.24226996402574574,1.0,1.0,1.0,1.0,0.04514180610587442,0.02566799472522533,0.04514180610587442,0.02566799472522533,1.0,0.09764992864095352,0.8665486296781235,1.0,0.14285714285714285
5926,mul8_007,0.1103999987244606,resnet34,mnist,resnet34mnist,2,NO,NO,0.18783640134579846,0.18186417230530152,0.25994710333285326,0.2598368522072937,0.16842269530835408,0.010930190959894627,0.004112357617080156,0.010930190959894627,0.004112357617080156,0.33165784010607147,0.03723434430292064,0.6367919053369144,0.4807121661721068,0.14285714285714285
5927,ReFAM_new1_sta1_j7_k2,0.1000000014901161,vgg16,cifar,vgg16cifar,2,NO,YES,1.0,1.0,1.0,1.0,1.0,1.0,1.0,1.0,1.0,1.0,1.0,0.7357688728519678,0.6646884272997032,1.0
5928,mul8_210,0.1014999970793724,resnet34,cifar,resnet34cifar,2,NO,NO,0.7478791896720834,0.17545454328331592,0.42786729224494624,0.4277831094049904,0.2005472696994567,1.0,1.0,1.0,1.0,0.43151036913101204,1.0,0.9761061640558024,0.4495548961424332,1.0
5929,mul8_419,0.0111999996006488,resnet34,cifar100,resnet34cifar100,2,NO,NO,0.5892906708887795,0.11558193004356355,0.34617957207708694,0.34620921305182345,0.12565479026671494,0.02447029362184195,0.014505630347864716,0.02447029362184195,0.014505630347864716,0.3455867116266962,0.07079324985220616,0.9694250940257265,0.4992581602373887,0.14285714285714285
5930,ReFAM_new2_sta1_j1_k4,0.9879999756813048,vgg16,mnist,vgg16mnist,0,NO,NO,0.045063404244436084,0.004314956818587115,0.0421450139976702,0.04222648752399232,0.004199347171072037,0.004788000007227169,0.004596990709443146,0.004788000007227169,0.004596990709443146,0.05283731046825852,0.03839430202492491,0.5567982585641299,0.04599406528189911,0.2857142857142857
5931,ReFAM_sta2_j4_k1_const1,0.4417999982833862,resnet18,cifar,resnet18cifar,2,NO,YES,0.038130572822215145,0.002136779354444246,0.04151082090057804,0.04150671785028791,0.001197373434814961,1.0,1.0,1.0,1.0,0.03808998557957571,1.0,0.779517561989782,0.017804154302670624,1.0
5932,ReFAM_sta2_j1_k3_const1,0.9858999848365784,vgg16,mnist,vgg16mnist,0,NO,YES,0.046796612099991315,0.000499165668866074,0.028942266794569686,0.029030710172744723,0.0003892871346899076,1.0,1.0,1.0,1.0,0.024920001268254336,1.0,0.986328343742173,0.01112759643916914,1.0
5933,mul8_465,0.0094999996945261,resnet34,cifar100,resnet34cifar100,2,NO,NO,1.0,0.5183351829796449,0.577167066316861,0.5772552783109406,0.6397082353893617,0.03287549212509508,0.02133790339998209,0.03287549212509508,0.02133790339998209,0.6774563939512627,0.08665197685458877,0.978498805715461,0.973293768545994,0.42857142857142855
5934,mul8_267,0.101000003516674,vgg16,mnist,vgg16mnist,2,NO,NO,1.0,1.0,1.0,1.0,1.0,0.09031794126840442,0.05873015594298889,0.09031794126840442,0.05873015594298889,1.0,0.1555769035548151,1.0,1.0,1.0
5935,mul8_175,0.101000003516674,vgg16,mnist,vgg16mnist,2,NO,NO,1.0,0.7083547739026317,0.966057044531687,0.9659309021113245,0.7868625690004595,0.05090637743533037,0.03518682078935493,0.05090637743533037,0.03518682078935493,0.9199310475897496,0.11372959997133696,1.0,1.0,0.15178571428571427
5936,ReFAM_new2_sta4_j3_k1,0.1000000014901161,vgg16,cifar,vgg16cifar,2,NO,NO,1.0,1.0,1.0,1.0,1.0,1.0,1.0,1.0,1.0,1.0,1.0,1.0,1.0,0.2857142857142857
5937,mul8_056,0.9700999855995178,vgg16,mnist,vgg16mnist,0,NO,NO,0.4913644270499088,0.08701942367462359,0.294738089818583,0.2946257197696737,0.09175562675145459,0.02048179927619894,0.011225577389407958,0.02048179927619894,0.011225577389407958,0.2947308306525336,0.062034598687471264,0.9640187420202855,0.4043026706231454,0.2857142857142857
5938,ReFAM_new2_sta2_j3_k1,0.0405000001192092,resnet34,cifar100,resnet34cifar100,2,YES,NO,0.06066227494443319,0.0009609138155045474,0.03228619403378292,0.03238963531669866,0.001264417966598126,0.004587446044660296,0.003641771860727687,0.004587446044660296,0.003641771860727687,0.033373366321625166,0.03420606342893654,0.6204323452571734,0.017804154302670624,0.2857142857142857
5939,mul8_032,0.1362999975681305,resnet18,cifar,resnet18cifar,2,NO,NO,0.10399247133331403,0.0052876133671311745,0.0694315340666651,0.06933781190019193,0.004794251470652172,0.006889299633040451,0.0036926934537658274,0.006889299633040451,0.0036926934537658274,0.06848655443456733,0.03469870956569511,0.8935498453437157,0.07566765578635015,0.8571427142857143
5940,ReFAM_sta2_j1_k8_const1,0.1027999967336654,resnet18,mnist,resnet18mnist,2,NO,YES,0.4038374303443695,0.9791823236440527,0.8415388800015965,0.8414107485604607,0.47349345638428175,1.0,1.0,1.0,1.0,0.766903376887966,1.0,1.0,0.7054896142433235,1.0
5941,ReFAM_new2_sta1_j7_k2,0.2930000126361847,vgg16,cifar,vgg16cifar,2,NO,NO,0.5823578394665586,0.9079560797900798,0.6106702985818369,0.6106046065259118,0.8539084887730436,0.026474026455055134,0.02766096052171806,0.026474026455055134,0.02766096052171806,0.7576330608168261,0.09620557974000227,0.463335566465549,0.6646884272997032,0.2857142857142857
5942,ReFAM_sta1_j6_k2_const1,0.1000000014901161,vgg16,cifar,vgg16cifar,2,NO,YES,0.38823855964437237,0.2616870048149186,0.4723008955799101,0.47216890595009603,0.12228922597249282,1.0,1.0,1.0,1.0,0.416551851688824,1.0,0.9107626112578372,0.3323442136498516,1.0
5943,ReFAM_new_sta3_j3_k3,0.101000003516674,vgg16,mnist,vgg16mnist,2,NO,NO,0.01689877659166353,0.002369992026087178,0.02656404360293676,0.02663147792706334,0.002349428939666606,0.0019450120784075652,0.00034240381525646045,0.0019450120784075652,0.00034240381525646045,0.037508424429245416,0.010555316696822583,0.33606739307946215,0.03857566765578635,0.063492
5944,ReFAM_new2_sta1_j5_k4,0.1011999994516372,resnet18,mnist,resnet18mnist,2,NO,NO,0.644753322266547,0.9801925967441979,0.6669405224692871,0.6669865642994242,0.8871573386834478,0.03157640834954929,0.036737295501516234,0.03157640834954929,0.036737295501516234,0.7919816230130547,0.11107528230116503,0.5950784888278907,0.7359050445103857,0.2857142857142857
5945,ReFAM_new_sta2_j5_k3,0.1159000024199485,resnet34,mnist,resnet34mnist,2,NO,NO,0.27904646474439265,0.08626012661452628,0.23014002776952155,0.23008637236084453,0.07545605043687074,0.008428686805175375,0.0007796271485839408,0.008428686805175375,0.0007796271485839408,0.24797674764544964,0.01719782877411727,0.6335134771904889,0.22551928783382788,0.04444442857142857
5946,mul8_474,0.9886999726295472,vgg16,mnist,vgg16mnist,0,NO,NO,0.30861932377980383,0.20076119965352968,0.29942517069766134,0.29942418426103645,0.187013187481013,0.0184636121033413,0.011710210481770946,0.0184636121033413,0.011710210481770946,0.36056772371915696,0.06283776117709583,0.9691766665512769,0.31750741839762614,0.7714285714285715
5947,ReFAM_new2_sta1_j1_k7,0.1119000017642974,resnet18,mnist,resnet18mnist,2,NO,NO,0.33624232397771536,0.29053511833490436,0.3434660078698908,0.3435700575815739,0.27649788175134143,0.020334545691071012,0.030447600802805255,0.020334545691071012,0.030447600802805255,0.42938035583986794,0.09971680311471787,0.6005469477019441,0.37833827893175076,0.2857142857142857
5948,ReFAM_new_sta1_j3_k2,0.8942000269889832,resnet18,cifar,resnet18cifar,1,NO,NO,0.019498588374996382,0.000838660025985275,0.014182863807697496,0.014155470249520154,0.000988497637501944,0.0009874120769621313,9.833135207365019e-05,0.0009874120769621313,9.833135207365019e-05,0.023246588773584872,0.005632587496939622,0.2863533901186954,0.02967359050445104,0.05442171428571429
5949,ReFAM_new2_sta2_j4_k1,0.1149000003933906,resnet18,mnist,resnet18mnist,2,YES,NO,0.09705963991109309,0.0035156548544060325,0.051657910454052665,0.051583493282149714,0.0046260726930383795,0.006838709444284844,0.00627213552869783,0.006838709444284844,0.00627213552869783,0.05880973485848072,0.04496590291586799,0.5050958176623789,0.03560830860534125,0.2857142857142857
5950,mul8_277,0.3183999955654144,vgg16,mnist,vgg16mnist,2,NO,NO,0.4618051078342652,0.09749355976613253,0.2945718841815479,0.2946257197696737,0.09583327440349455,0.020148446068148595,0.00893586161969296,0.020148446068148595,0.00893586161969296,0.2976511099719897,0.05578844282020506,0.8699349812355806,0.4035608308605341,0.5079365714285714
5951,mul8_152,0.1134999990463256,resnet18,mnist,resnet18mnist,2,NO,NO,0.32064345327771826,0.2427959327949456,0.2967703895027112,0.29678502879078694,0.24691164893419584,0.01580853058989967,0.008187840977132693,0.01580853058989967,0.008187840977132693,0.39413604367647914,0.05261983244059882,0.7480731598549346,0.39317507418397624,0.2857142857142857
5952,mul8_133,0.1008000001311302,vgg16,cifar,vgg16cifar,2,NO,NO,0.49451940610787026,0.5217689426413268,0.541556202374912,0.5415067178502879,0.4107951513568729,1.0,1.0,1.0,1.0,0.5808886766854446,1.0,0.9942831136514969,0.7307121661721068,1.0
5953,ReFAM_new1_sta3_j2_k2,0.1204999983310699,resnet18,mnist,resnet18mnist,2,YES,YES,0.09705963991109309,0.0011209334318396046,0.051657910454052665,0.051583493282149714,0.0014749796992296284,1.0,1.0,1.0,1.0,0.04561812211687306,1.0,0.9226942570491296,0.020771513353115726,1.0
5954,ReFAM_sta4_j6_k3_const1,0.1009000018239021,resnet34,mnist,resnet34mnist,2,NO,YES,0.7814600918734661,0.42896700122283643,0.6470643333447769,0.6470729366602688,0.26197180793666647,1.0,1.0,1.0,1.0,0.5829790631191468,1.0,0.9564529036488294,0.47477744807121663,1.0
5955,mul8_336,0.0948000028729438,resnet34,mnist,resnet34mnist,2,NO,NO,0.33747452383771237,1.0,1.0,1.0,1.0,0.057151555557964605,0.0334941168000871,0.057151555557964605,0.0334941168000871,1.0,0.11339146557747083,0.9860025372183047,0.9376854599406528,1.0
5956,ReFAM_sta4_j1_k7_const0,0.1000000014901161,resnet18,cifar,resnet18cifar,2,YES,NO,1.0,0.10106472753674878,0.6484912687356968,0.6485124760076776,0.13298597150433497,0.05558868008390744,0.04768719392171771,0.05558868008390744,0.04768719392171771,0.5333577053349642,0.13130363124988803,0.9982599895334655,0.3805637982195846,0.14285714285714285
5957,ReFAM_sta2_j7_k2_const0,0.1000000014901161,vgg16,cifar,vgg16cifar,2,YES,NO,1.0,0.9118283952818893,1.0,1.0,1.0,0.09571121674824334,0.054301733265672,0.09571121674824334,0.054301733265672,1.0,0.15324429874061735,0.9912378407987147,0.9970326409495549,0.14285714285714285
5958,ReFAM_new1_sta1_j1_k3,0.9743000268936156,vgg16,mnist,vgg16mnist,0,NO,YES,0.09359322419998263,0.0018183323567625405,0.05246506530489724,0.05254318618042227,0.0020587221569803756,1.0,1.0,1.0,1.0,0.048800007993044923,1.0,0.8988319836119318,0.02225519287833828,1.0
5959,ReFAM_new1_sta4_j4_k1,0.1000000014901161,resnet18,cifar,resnet18cifar,2,NO,YES,1.0,1.0,1.0,1.0,1.0,1.0,1.0,1.0,1.0,1.0,1.0,1.0,1.0,1.0
5960,mul8_034,0.1027999967336654,resnet34,mnist,resnet34mnist,2,NO,NO,0.7227747554060677,1.0,1.0,1.0,1.0,1.0,1.0,1.0,1.0,1.0,1.0,0.9527244552413107,1.0,1.0
5961,mul8_288,0.1000000014901161,vgg16,cifar,vgg16cifar,2,NO,NO,1.0,0.9780736611851323,0.8575849118047447,0.8574856046065259,0.7568702980896859,0.048634335922466916,0.03654238871437025,0.048634335922466916,0.03654238871437025,0.8524663322691179,0.11493509013931436,0.9999531653121939,1.0,0.21651785714285715
5962,ReFAM_new1_sta2_j4_k5,0.0979999974370002,vgg16,mnist,vgg16mnist,2,NO,YES,1.0,1.0,0.9922311336381584,0.9920825335892515,1.0,1.0,1.0,1.0,1.0,1.0,1.0,0.8910329899468324,0.7477744807121661,1.0
5963,ReFAM_new2_sta4_j1_k3,0.1027999967336654,resnet18,mnist,resnet18mnist,2,NO,NO,1.0,1.0,1.0,1.0,1.0,1.0,1.0,1.0,1.0,1.0,1.0,1.0,1.0,0.2857142857142857
5964,mul8_396,0.1000000014901161,vgg16,cifar,vgg16cifar,2,NO,NO,0.9008347829248328,0.4887488197589993,0.6786707314160889,0.678742802303263,0.3590833812904252,0.04560344157826934,0.034057766157509266,0.04560344157826934,0.034057766157509266,0.6362942454984218,0.11057442539546049,0.9945773576683656,0.7796735905044511,0.14732142857142858
5965,mul8_078,0.0102000003680586,resnet34,cifar100,resnet34cifar100,2,NO,NO,0.6380371418262705,0.15451285918273763,0.38402081058109866,0.3841170825335893,0.16372869250907332,0.02738193966397274,0.019150030816343377,0.02738193966397274,0.019150030816343377,0.38851802507289446,0.08116643676513619,0.9804251367878328,0.4317507418397626,0.7142857142857143
5966,mul8_172,0.1134999990463256,resnet34,mnist,resnet34mnist,2,NO,NO,1.0,1.0,1.0,1.0,1.0,0.06366323556779356,0.04645454018679445,0.06366323556779356,0.04645454018679445,1.0,0.13231579513086472,1.0,1.0,0.14285714285714285
5967,ReFAM_new1_sta3_j2_k7,0.1000000014901161,resnet34,cifar,resnet34cifar,2,NO,YES,1.0,1.0,0.9810210497424647,0.9810460652591171,1.0,1.0,1.0,1.0,1.0,0.9971648132595238,1.0,1.0,0.7566765578635015,1.0
5968,mul8_450,0.1004000008106231,resnet18,cifar,resnet18cifar,2,NO,NO,0.07409463582498625,0.005389989096374799,0.06418637802154867,0.06429942418426104,0.003935006086298992,0.00661015019865683,0.005093915220815343,0.00661015019865683,0.005093915220815343,0.06275012355883698,0.04057164866268967,0.8982720036490331,0.07270029673590504,1.0
5969,ReFAM_sta2_j1_k3_const1,0.5990999937057495,resnet18,cifar,resnet18cifar,2,NO,YES,0.046796612099991315,0.000499165668866074,0.028942266794569686,0.029030710172744723,0.0003892871346899076,1.0,1.0,1.0,1.0,0.024920001268254336,1.0,0.986328343742173,0.01112759643916914,1.0
5970,ReFAM_sta1_j6_k4_const1,0.1027999967336654,resnet18,mnist,resnet18mnist,2,NO,YES,1.0,1.0,1.0,1.0,1.0,1.0,1.0,1.0,1.0,1.0,1.0,0.9975136889647295,1.0,1.0
5971,mul8_186,0.101000003516674,resnet18,cifar,resnet18cifar,2,NO,NO,0.5976994397253085,0.15187035352711895,0.38230853534208414,0.3821976967370442,0.14448415649113777,0.02699528607848345,0.01672862127152974,0.02699528607848345,0.01672862127152974,0.37659908168391937,0.07619295008449628,0.9922936575651257,0.5044510385756676,0.28968257142857146
5972,ReFAM_sta1_j2_k6_const0,0.1134999990463256,resnet18,mnist,resnet18mnist,2,YES,NO,1.0,0.3010788984281456,0.701071641876429,0.7010556621880999,0.39617451887319444,0.03845035024671751,0.02569257756324374,0.03845035024671751,0.02569257756324374,0.6616039780871356,0.09571666577094642,0.8844140267853688,0.5637982195845698,0.14285714285714285
5973,mul8_442,0.0154999997466802,resnet34,cifar100,resnet34cifar100,2,NO,NO,0.13703174607983568,0.029475550505693834,0.08670293578399248,0.08661228406909789,0.036079118108781005,1.0,1.0,1.0,1.0,0.1407786406522903,1.0,0.8823013751071599,0.2344213649851632,1.0
5974,mul8_123,0.0531999990344047,resnet34,cifar100,resnet34cifar100,2,NO,NO,0.07114953437266969,0.0027676195577408095,0.03914520961879739,0.03910748560460653,0.0035206622143733,0.003293782646481181,0.0009710221017272956,0.003293782646481181,0.0009710221017272956,0.04861931450387457,0.017759893230146363,0.6002985202274944,0.05934718100890208,0.14285714285714285
5975,ReFAM_new2_sta2_j6_k1,0.982200026512146,vgg16,mnist,vgg16mnist,0,NO,NO,0.21838418979995947,0.061342445163427,0.16950251867736033,0.16938579654510558,0.06197841388131424,0.01755027851705702,0.02128346997294132,0.01755027851705702,0.02128346997294132,0.20629634248166215,0.08344977696565808,0.43251325116221295,0.142433234421365,0.2857142857142857
5976,ReFAM_new2_sta4_j1_k4,0.1000000014901161,vgg16,cifar,vgg16cifar,2,NO,NO,1.0,1.0,1.0,1.0,1.0,1.0,1.0,1.0,1.0,1.0,1.0,1.0,1.0,0.2857142857142857
5977,mul8_315,0.1680999994277954,vgg16,mnist,vgg16mnist,2,NO,NO,0.787309668385965,0.466251335490281,0.6411325108350991,0.6410748560460653,0.32363960502182443,0.04710940308997645,0.04429827410917941,0.04710940308997645,0.04429827410917941,0.6022553731889685,0.12478502714032352,1.0,0.7047477744807121,1.0
5978,ReFAM_new_sta1_j5_k2,0.0208999998867511,resnet34,cifar100,resnet34cifar100,2,NO,NO,0.07799435349998553,0.01341856036481288,0.056731455230789984,0.05662188099808062,0.01581596218326997,0.0025367366076026214,0.00033538014725119976,0.0025367366076026214,0.00033538014725119976,0.09298635509433949,0.010515009285633245,0.2863533901186954,0.11869436201780416,0.05442171428571429
5979,mul8_319,0.1134999990463256,resnet18,mnist,resnet18mnist,2,NO,NO,0.7114818247054235,0.2360446574147199,0.4052196599144268,0.4052303262955854,0.2849789015993252,0.024581411357858733,0.014040312342516193,0.024581411357858733,0.014040312342516193,0.4614737928025992,0.06976839660104023,0.9653861112751457,0.701780415430267,0.2857142857142857
5980,mul8_351,0.9922999739646912,resnet34,mnist,resnet34mnist,0,NO,NO,0.0,0.0,0.0,0.0,0.0,0.0,0.0,0.0,0.0,0.0,0.0,0.0,0.0,0.0
5981,ReFAM_sta1_j1_k3_const1,0.9861000180244446,vgg16,mnist,vgg16mnist,0,NO,YES,0.032930949255549444,0.0010086808651568033,0.03165200093669075,0.03166986564299425,0.00047209023225171123,1.0,1.0,1.0,1.0,0.027305205674339684,1.0,0.986328343742173,0.019287833827893175,1.0
5982,ReFAM_sta3_j1_k8_const1,0.1000000014901161,resnet18,cifar,resnet18cifar,2,NO,YES,0.23094994675273492,0.799380332000102,0.7538458096682297,0.7538387715930902,0.3708627779954284,1.0,1.0,1.0,1.0,0.6840890755775828,1.0,1.0,0.6698813056379822,1.0
5983,ReFAM_sta1_j2_k5_const1,0.4961999952793121,vgg16,mnist,vgg16mnist,2,NO,YES,0.22185060551106994,0.07444653911802919,0.25716530271579807,0.2571976967370442,0.03370770127799306,1.0,1.0,1.0,1.0,0.2243412694089547,1.0,1.0,0.18545994065281898,1.0
5984,mul8_173,0.1132000014185905,resnet34,mnist,resnet34mnist,2,NO,NO,0.9940217848004619,0.39382555384301837,0.5879504890808609,0.5878119001919386,0.4372159776419858,0.03490361665645828,0.021383557242016283,0.03490361665645828,0.021383557242016283,0.6141538196475145,0.08727524886094241,0.9887515297634442,0.7640949554896143,0.19642857142857142
5985,ReFAM_sta4_j6_k2_const1,0.1000000014901161,resnet34,cifar,resnet34cifar,2,NO,YES,0.4437012110221399,0.09734287825134384,0.32404384750006265,0.32413627639155473,0.06747349463144027,1.0,1.0,1.0,1.0,0.29327515608614185,1.0,0.8929277585122045,0.18991097922848665,1.0
5986,mul8_068,0.1115000024437904,resnet34,cifar,resnet34cifar,2,NO,NO,0.7210144679109773,0.1673550429266553,0.43124984115192533,0.43114203454894434,0.1725508707030275,0.028066714004628998,0.020459944899324498,0.028066714004628998,0.020459944899324498,0.4189581512585165,0.08384538674214602,0.9775356401792751,0.4755192878338279,1.0
5987,ReFAM_new1_sta2_j2_k3,0.1050999984145164,resnet18,mnist,resnet18mnist,2,YES,YES,0.17332078555552338,0.004853132244669198,0.09224626866795119,0.09213051823416507,0.006385991652346459,1.0,1.0,1.0,1.0,0.0858572969325426,1.0,0.9226942570491296,0.04451038575667656,1.0
5988,mul8_377,0.0099999997764825,resnet34,cifar100,resnet34cifar100,2,NO,NO,1.0,0.7331495069548825,0.8117204323182633,0.8116602687140115,0.7647817877306163,0.04490692308665196,0.03152748975861409,0.04490692308665196,0.03152748975861409,0.8300315784015073,0.10668102804798671,0.9966747371657684,1.0,0.15178571428571427
5989,ReFAM_new1_sta3_j2_k7,0.1000000014901161,vgg16,cifar,vgg16cifar,2,NO,YES,1.0,1.0,0.9810210497424647,0.9810460652591171,1.0,1.0,1.0,1.0,1.0,0.9971648132595238,1.0,1.0,0.7566765578635015,1.0
5990,ReFAM_sta1_j1_k2_const1,0.8859000205993652,resnet18,cifar,resnet18cifar,1,NO,YES,0.019065286411107572,0.00020619443099890455,0.015451250001881824,0.015355086372360844,0.00010416782652135297,1.0,1.0,1.0,1.0,0.013191980885101902,1.0,0.9545113003956514,0.00741839762611276,1.0
5991,mul8_416,0.3758000135421753,vgg16,mnist,vgg16mnist,2,NO,NO,0.826352546360693,0.21033863522533308,0.5037624817688164,0.5038387715930902,0.20248430489149358,0.032307255897822275,0.02316405708134988,0.032307255897822275,0.02316405708134988,0.4744488153574112,0.08979147632611383,0.996085230986644,0.7626112759643917,0.5089285714285714
5992,ReFAM_new2_sta4_j4_k4,0.1000000014901161,resnet18,cifar,resnet18cifar,2,NO,NO,1.0,1.0,1.0,1.0,1.0,1.0,1.0,1.0,1.0,1.0,1.0,1.0,1.0,0.2857142857142857
5993,mul8_247,0.0998999997973442,resnet18,cifar,resnet18cifar,2,NO,NO,1.0,0.9170608331465112,0.9698419347640882,0.9697696737044146,0.9290451713424414,1.0,1.0,1.0,1.0,0.9551831882162659,1.0,1.0,1.0,1.0
5994,ReFAM_new_sta3_j1_k4,0.930299997329712,resnet34,cifar,resnet34cifar,0,NO,NO,0.0028164627652772552,0.00043417013986192136,0.009166972948877649,0.009117082533589253,0.00047061709627710564,0.0007651766049285684,0.00012115827309074755,0.0007651766049285684,0.00012115827309074755,0.015841945430041124,0.006243170133104029,0.21078765763435955,0.01483679525222552,0.063492
5995,ReFAM_new2_sta3_j2_k2,0.9873999953269958,vgg16,mnist,vgg16mnist,0,YES,NO,0.07626114564443029,0.0011846228313759457,0.04058835821389852,0.040547024952015356,0.0015587853639585844,0.005991323782628412,0.0057945261043401,0.005991323782628412,0.0057945261043401,0.03959908155669335,0.04316774451669921,0.7477005186432601,0.020771513353115726,0.2857142857142857
5996,ReFAM_new1_sta4_j2_k2,0.1032000035047531,resnet18,mnist,resnet18mnist,2,NO,YES,1.0,1.0,1.0,1.0,1.0,1.0,1.0,1.0,1.0,1.0,1.0,1.0,1.0,1.0
5997,ReFAM_sta4_j4_k5_const0,0.1009000018239021,resnet34,cifar,resnet34cifar,2,YES,NO,1.0,0.4350899408707614,1.0,1.0,0.5725128824734892,0.09594248618255469,0.08115321604978376,0.09594248618255469,0.08115321604978376,1.0,0.17898207365209032,1.0,0.8545994065281899,0.14285714285714285
5998,mul8_278,0.1011999994516372,resnet18,cifar,resnet18cifar,2,NO,NO,0.3121669853423513,1.0,1.0,1.0,1.0,0.07445249671615471,0.03750463123109097,0.07445249671615471,0.03750463123109097,1.0,0.12523885873297383,1.0,1.0,0.4330357142857143
5999,ReFAM_new2_sta1_j6_k2,0.1190000027418136,resnet18,mnist,resnet18mnist,2,NO,NO,0.2911789197332793,0.25633709525386594,0.30625761197759793,0.30614203454894434,0.2514002330539227,0.015768781155877404,0.02073035611752704,0.015768781155877404,0.02073035611752704,0.40048039585950196,0.08214202540262626,0.4295300851780431,0.3323442136498516,0.2857142857142857
6000,mul8_294,0.1009000018239021,vgg16,cifar,vgg16cifar,2,NO,NO,0.7210144679109773,0.1673550429266553,0.43124984115192533,0.43114203454894434,0.1725508707030275,0.028066714004628998,0.020459944899324498,0.028066714004628998,0.020459944899324498,0.4189581512585165,0.08384538674214602,0.9775356401792751,0.4755192878338279,1.0
6001,ReFAM_sta4_j3_k6_const0,0.1000000014901161,vgg16,cifar,vgg16cifar,2,YES,NO,1.0,0.4362357529742949,1.0,1.0,0.5740205987605036,0.09688382505190012,0.08315847326528569,0.09688382505190012,0.08315847326528569,1.0,0.18109298770474672,1.0,0.8545994065281899,0.14285714285714285
6002,ReFAM_new_sta1_j4_k1,0.7073000073432922,vgg16,cifar,vgg16cifar,0,NO,NO,0.014732266772219489,0.0006685396657580313,0.011992014926833655,0.011996161228406911,0.0007783451111701803,0.0007904716993063723,6.84807630512921e-05,0.0007904716993063723,6.84807630512921e-05,0.020436928453333975,0.004688349068152368,0.23067407333497592,0.02373887240356083,0.04664728571428572
6003,mul8_408,0.1132000014185905,resnet18,mnist,resnet18mnist,2,NO,NO,0.39100086313057925,1.0,1.0,1.0,1.0,0.0733919095447425,0.037053360561752964,0.0733919095447425,0.037053360561752964,1.0,0.12423639848802423,1.0,1.0,0.42857142857142855
6004,mul8_148,0.100100003182888,vgg16,cifar,vgg16cifar,2,NO,NO,0.5045801369485174,0.22877041991694902,0.39539158378696115,0.39539347408829173,0.19735295690078453,1.0,1.0,1.0,1.0,0.4128142721566668,1.0,0.9865767712166227,0.7225519287833828,1.0
6005,ReFAM_sta4_j4_k1_const0,0.3190999925136566,resnet34,mnist,resnet34mnist,2,YES,NO,0.09012680848887217,0.0012100985911904821,0.04796805970733462,0.047984644913627646,0.0015923076298501669,0.005883819631522746,0.002726939103042477,0.005883819631522746,0.002726939103042477,0.04398252824542385,0.02981180917575823,0.7755406861078135,0.02967359050445104,0.14285714285714285
6006,ReFAM_new_sta3_j1_k6,0.7771999835968018,resnet34,cifar,resnet34cifar,2,NO,NO,0.04798819250068554,0.011692897944106183,0.06816854981397397,0.06813819577735125,0.010468397019017629,0.004348046044298936,0.0008639111646470695,0.004348046044298936,0.0008639111646470695,0.08412763698444146,0.01693732346846766,0.463335566465549,0.08605341246290801,0.06762471428571429
6007,ReFAM_new2_sta4_j5_k3,0.100100003182888,resnet34,cifar,resnet34cifar,2,NO,NO,1.0,1.0,1.0,1.0,1.0,1.0,1.0,1.0,1.0,1.0,1.0,1.0,1.0,0.2857142857142857
6008,mul8_357,0.989199995994568,vgg16,mnist,vgg16mnist,0,NO,NO,0.0,0.0,0.0,0.0,0.0,0.0,0.0,0.0,0.0,0.0,0.0,0.0,0.0,0.0
6009,ReFAM_new1_sta2_j5_k3,0.1027999967336654,resnet18,mnist,resnet18mnist,2,NO,YES,0.6100891651554423,0.32710875601864825,0.4742034748711866,0.4740882917466411,0.283392779581783,1.0,1.0,1.0,1.0,0.49488858068120073,1.0,0.7560279297642587,0.3560830860534125,1.0
6010,ReFAM_new_sta2_j1_k5,0.9347000122070312,resnet18,mnist,resnet18mnist,1,NO,NO,0.018198682483329957,0.002408852508088554,0.029057574630404627,0.029030710172744723,0.002245729922033747,0.0016252098137739014,0.00010535502007891092,0.0016252098137739014,0.00010535502007891092,0.0378971244065334,0.005919964410048787,0.3827992482014462,0.02373887240356083,0.040816285714285715
6011,ReFAM_new2_sta2_j3_k5,0.9865000247955322,vgg16,mnist,vgg16mnist,0,NO,NO,0.4489008345888056,0.300963461391486,0.430040573746405,0.42994241842610365,0.23862533210529563,0.04312632912170012,0.0726686250994288,0.04312632912170012,0.0726686250994288,0.4514989908442415,0.15597475263192467,0.8608622876912332,0.37388724035608306,0.2857142857142857
6012,mul8_202,0.1000000014901161,vgg16,cifar,vgg16cifar,2,NO,NO,0.8767865239290039,0.35858981667643236,0.5890226047341258,0.5890115163147793,0.3128137805972316,0.039414274021757394,0.028672368714475604,0.039414274021757394,0.028672368714475604,0.5687519547641299,0.10078942811247858,0.9957736784981948,0.7574183976261127,0.15178571428571427
6013,ReFAM_new1_sta3_j2_k2,0.2338999956846237,resnet18,cifar,resnet18cifar,2,YES,YES,0.09705963991109309,0.0011209334318396046,0.051657910454052665,0.051583493282149714,0.0014749796992296284,1.0,1.0,1.0,1.0,0.04561812211687306,1.0,0.9226942570491296,0.020771513353115726,1.0
6014,ReFAM_sta3_j1_k4_const1,0.6072999835014343,vgg16,cifar,vgg16cifar,2,NO,YES,0.07626114564443029,0.0021431482943978803,0.05237858627294641,0.052303262955854135,0.0014706738144592535,1.0,1.0,1.0,1.0,0.04603783547661287,1.0,1.0,0.025222551928783383,1.0
6015,ReFAM_new_sta2_j3_k4,0.6353999972343445,vgg16,cifar,vgg16cifar,2,NO,NO,0.05762916119721153,0.01669811662802843,0.08601964553286448,0.08613243761996162,0.014021146025573633,0.003941517741798517,0.0003230887282419935,0.003941517741798517,0.0003230887282419935,0.10055826281032638,0.010635931519201256,0.5241117190570345,0.08902077151335312,0.04444442857142857
6016,mul8_425,0.1009000018239021,vgg16,cifar,vgg16cifar,2,NO,NO,0.8101392673415644,0.35306719452016405,0.5653617504581098,0.5652591170825336,0.2999654679311602,0.03779629137780572,0.026256226920665912,0.03779629137780572,0.026256226920665912,0.5506012840319933,0.09647056364689513,0.9965505234285436,0.706973293768546,0.15178571428571427
6017,ReFAM_new2_sta1_j3_k2,0.8597000241279602,resnet34,cifar,resnet34cifar,1,NO,NO,0.03639736496665991,0.004005267113341655,0.03828220149719974,0.038387715930902115,0.003928128641467542,0.004094191704293119,0.0034907629986145818,0.004094191704293119,0.0034907629986145818,0.050060049482437745,0.03345216555298783,0.4295300851780431,0.04154302670623145,0.2857142857142857
6018,ReFAM_new1_sta1_j3_k6,0.1134999990463256,resnet34,mnist,resnet34mnist,2,NO,YES,1.0,1.0,1.0,1.0,1.0,1.0,1.0,1.0,1.0,1.0,1.0,0.9132489222931078,0.7537091988130564,1.0
6019,mul8_035,0.1238999962806701,resnet18,cifar,resnet18cifar,2,NO,NO,0.10399247133331403,0.03960206863169694,0.1056652189857049,0.10556621880998081,0.042136454717500584,0.00989128529794911,0.006351151793757013,0.00989128529794911,0.006351151793757013,0.15630073435234026,0.045630228766951504,0.744841566396315,0.20771513353115728,0.2857142857142857
6020,mul8_032,0.1617999970912933,resnet34,cifar,resnet34cifar,2,NO,NO,0.10399247133331403,0.0052876133671311745,0.0694315340666651,0.06933781190019193,0.004794251470652172,0.006889299633040451,0.0036926934537658274,0.006889299633040451,0.0036926934537658274,0.06848655443456733,0.03469870956569511,0.8935498453437157,0.07566765578635015,0.8571427142857143
6021,ReFAM_sta2_j1_k1_const1,0.8694999814033508,resnet18,mnist,resnet18mnist,2,YES,YES,0.013865662844441871,1.592234988408529e-05,0.007379701493436096,0.007437619961612285,2.0951416182239038e-05,1.0,1.0,1.0,1.0,0.006202373313371222,1.0,0.8908772137026079,0.002225519287833828,1.0
6022,ReFAM_new2_sta4_j6_k3,0.0998999997973442,resnet34,cifar,resnet34cifar,2,NO,NO,1.0,1.0,1.0,1.0,1.0,1.0,1.0,1.0,1.0,1.0,1.0,1.0,1.0,0.2857142857142857
6023,ReFAM_sta4_j3_k6_const1,0.0979999974370002,vgg16,mnist,vgg16mnist,2,NO,YES,0.8733201082178935,0.4362357529742949,0.6742945499812275,0.6741842610364683,0.28025000802117006,1.0,1.0,1.0,1.0,0.6059868106800343,1.0,1.0,0.47774480712166173,1.0
6024,ReFAM_sta2_j3_k1_const0,0.678600013256073,vgg16,cifar,vgg16cifar,1,YES,NO,0.050263027811101785,0.0004386607393065498,0.026751417913705847,0.02663147792706334,0.0005772115158206855,0.0032856520804311726,0.001215094564910106,0.0032856520804311726,0.001215094564910106,0.025248631596420507,0.019822289102667454,0.7477005186432601,0.01483679525222552,0.14285714285714285
6025,ReFAM_new1_sta4_j4_k5,0.101000003516674,vgg16,mnist,vgg16mnist,2,NO,YES,1.0,1.0,1.0,1.0,1.0,1.0,1.0,1.0,1.0,1.0,1.0,1.0,1.0,1.0
6026,ReFAM_sta4_j4_k3_const1,0.5170999765396118,vgg16,mnist,vgg16mnist,2,NO,YES,0.2981117511555002,0.02314472779150638,0.1836853824850578,0.18378119001919385,0.01990932874424804,1.0,1.0,1.0,1.0,0.16389830112848786,1.0,0.9584881762776197,0.08902077151335312,1.0
6027,mul8_335,0.101000003516674,vgg16,mnist,vgg16mnist,2,NO,NO,1.0,1.0,1.0,1.0,1.0,0.0649984551924505,0.04460731550141088,0.0649984551924505,0.04460731550141088,1.0,0.13053107253542573,1.0,1.0,0.42857142857142855
6028,ReFAM_new1_sta4_j1_k1,0.101000003516674,vgg16,mnist,vgg16mnist,2,NO,YES,1.0,1.0,1.0,1.0,1.0,1.0,1.0,1.0,1.0,1.0,1.0,1.0,1.0,1.0
6029,ReFAM_sta2_j3_k2_const0,0.1155000030994415,resnet18,mnist,resnet18mnist,2,YES,NO,0.14038983629997395,0.0023047601457213463,0.07471947762104046,0.07461612284069098,0.003032717492379101,0.008017641521536062,0.0036751342837526755,0.008017641521536062,0.0036751342837526755,0.06580698140771678,0.034789028024100846,0.8869003378206395,0.03857566765578635,0.14285714285714285
6030,ReFAM_new2_sta1_j3_k2,0.7074999809265137,vgg16,cifar,vgg16cifar,0,NO,NO,0.03639736496665991,0.004005267113341655,0.03828220149719974,0.038387715930902115,0.003928128641467542,0.004094191704293119,0.0034907629986145818,0.004094191704293119,0.0034907629986145818,0.050060049482437745,0.03345216555298783,0.4295300851780431,0.04154302670623145,0.2857142857142857
6031,mul8_405,0.1134999990463256,resnet34,mnist,resnet34mnist,2,NO,NO,0.6543401316840026,0.12678621321937178,0.3780705203684337,0.3781190019193858,0.14017460974843687,0.026076532114832497,0.015239603654414463,0.026076532114832497,0.015239603654414463,0.3717640718093228,0.07279817034210542,0.9767272327419265,0.4992581602373887,0.2380952857142857
6032,ReFAM_new1_sta1_j2_k4,0.1032000035047531,resnet34,mnist,resnet34mnist,2,NO,YES,0.3535744025332677,0.031195067892899907,0.20161575095739082,0.2015355086372361,0.0346017180516706,1.0,1.0,1.0,1.0,0.19236404939209098,1.0,0.8650254841790388,0.09198813056379822,1.0
6033,ReFAM_new1_sta1_j1_k3,0.1009000018239021,resnet34,mnist,resnet34mnist,2,NO,YES,0.09359322419998263,0.0018183323567625405,0.05246506530489724,0.05254318618042227,0.0020587221569803756,1.0,1.0,1.0,1.0,0.048800007993044923,1.0,0.8988319836119318,0.02225519287833828,1.0
6034,mul8_265,0.9365000128746032,vgg16,mnist,vgg16mnist,1,NO,NO,0.3012531903936941,0.022189159783965556,0.16933496255495187,0.16938579654510558,0.025545179109743132,0.014450726059548264,0.007176432784375149,0.014450726059548264,0.007176432784375149,0.1630950878183161,0.04919071675534297,0.9301511538641671,0.19881305637982197,0.14285714285714285
6035,ReFAM_new1_sta4_j1_k4,0.1000000014901161,resnet34,cifar,resnet34cifar,2,NO,YES,1.0,1.0,1.0,1.0,1.0,1.0,1.0,1.0,1.0,1.0,1.0,1.0,1.0,1.0
6036,ReFAM_new_sta3_j1_k6,0.989400029182434,vgg16,mnist,vgg16mnist,0,NO,NO,0.04798819250068554,0.011692897944106183,0.06816854981397397,0.06813819577735125,0.010468397019017629,0.004348046044298936,0.0008639111646470695,0.004348046044298936,0.0008639111646470695,0.08412763698444146,0.01693732346846766,0.463335566465549,0.08605341246290801,0.06762471428571429
6037,ReFAM_sta2_j6_k4_const0,0.1000000014901161,vgg16,cifar,vgg16cifar,2,YES,NO,1.0,1.0,1.0,1.0,1.0,0.16784650214014565,0.1080380612569205,0.16784650214014565,0.1080380612569205,1.0,0.23133169715101248,1.0,1.0,0.14285714285714285
6038,ReFAM_new1_sta3_j1_k4,0.8851000070571899,vgg16,mnist,vgg16mnist,2,NO,YES,0.19238607196663096,0.004635792168751433,0.10279693564684811,0.10268714011516315,0.005998059001571034,1.0,1.0,1.0,1.0,0.09115589150225444,1.0,0.9982599895334655,0.04599406528189911,1.0
6039,ReFAM_new1_sta4_j5_k1,0.1032000035047531,resnet18,mnist,resnet18mnist,2,NO,YES,1.0,1.0,1.0,1.0,1.0,1.0,1.0,1.0,1.0,1.0,1.0,1.0,1.0,1.0
6040,mul8_224,0.101000003516674,vgg16,mnist,vgg16mnist,2,NO,NO,1.0,1.0,1.0,1.0,1.0,0.08940912466325905,0.06573450886123515,0.08940912466325905,0.06573450886123515,1.0,0.16222016206565032,1.0,1.0,0.8660714285714286
6041,ReFAM_sta3_j1_k7_const1,0.1009000018239021,resnet34,mnist,resnet34mnist,2,NO,YES,0.06239548279998842,0.18642205691284744,0.3640619687998619,0.3639635316698656,0.08349249196059244,1.0,1.0,1.0,1.0,0.3283800772120885,1.0,1.0,0.3219584569732938,1.0
6042,mul8_096,0.1013000011444091,resnet18,cifar,resnet18cifar,2,NO,NO,1.0,1.0,1.0,1.0,1.0,0.09031794126840442,0.05873015594298889,0.09031794126840442,0.05873015594298889,1.0,0.1555769035548151,1.0,1.0,1.0
6043,mul8_004,0.0089999996125698,resnet34,cifar100,resnet34cifar100,2,NO,NO,1.0,1.0,1.0,1.0,1.0,0.08819496013312446,0.04488826222162131,0.08819496013312446,0.04488826222162131,1.0,0.13983462018475723,1.0,1.0,0.36160714285714285
6044,mul8_276,0.0524000003933906,resnet34,cifar100,resnet34cifar100,2,YES,NO,0.07387798484304184,0.002972192711385117,0.0393199720197142,0.03934740882917467,0.003910958302222012,0.003006502646047551,0.0006479333734853022,0.003006502646047551,0.0006479333734853022,0.05041671014797747,0.014560679075377845,0.5846384260286832,0.057863501483679525,0.14285714285714285
6045,mul8_002,0.1134999990463256,resnet18,mnist,resnet18mnist,2,NO,NO,1.0,1.0,1.0,1.0,1.0,0.060498638581884735,0.04153797258311194,0.060498638581884735,0.04153797258311194,1.0,0.12521646572675757,1.0,1.0,1.0
6046,mul8_432,0.989300012588501,vgg16,mnist,vgg16mnist,0,NO,NO,0.04316771161883825,0.0009236385626576312,0.0240272712145681,0.023992322456813823,0.001154486204351444,0.0025665486831193186,0.0008235250736168203,0.0025665486831193186,0.0008235250736168203,0.028555464291760712,0.016299122791303154,0.6768579626096288,0.03115727002967359,0.14285714285714285
6047,mul8_468,0.0078999996185302,resnet34,cifar100,resnet34cifar100,2,NO,NO,0.45756687386658174,0.07032424273303951,0.25904085385035486,0.2591170825335893,0.08293957813734096,0.017655072479479353,0.009910395555422885,0.017655072479479353,0.009910395555422885,0.2690221252588803,0.05794265001821298,0.9599797592697047,0.3590504451038576,1.0
6048,ReFAM_sta2_j8_k2_const0,0.101000003516674,vgg16,mnist,vgg16mnist,2,YES,NO,1.0,1.0,1.0,1.0,1.0,0.14160735870431299,0.0781400624755269,0.14160735870431299,0.0781400624755269,1.0,0.19617318452434268,0.9865146643480103,1.0,0.14285714285714285
6049,ReFAM_sta3_j2_k4_const0,0.7907000184059143,vgg16,mnist,vgg16mnist,2,YES,NO,0.32670968077216156,0.009562764311008077,0.173884216439088,0.1739443378119002,0.01258315866635049,0.01762977738510155,0.011118466452327731,0.01762977738510155,0.011118466452327731,0.1475591318915457,0.06115753927733291,0.954014445446752,0.10682492581602374,0.14285714285714285
6050,ReFAM_sta3_j6_k1_const0,0.1134999990463256,resnet18,mnist,resnet18mnist,2,YES,NO,0.6118223730109975,0.03464623723027539,0.32562932839786773,0.32557581573896355,0.04558923404174304,0.026439697398399544,0.014567087442910747,0.026439697398399544,0.014567087442910747,0.27748419582311484,0.07141055039023546,0.9285353571348575,0.18991097922848665,0.14285714285714285
6051,ReFAM_new2_sta1_j2_k1,0.9100000262260436,resnet18,cifar,resnet18cifar,0,NO,NO,0.010399247133331404,0.0002006216085394747,0.008302164180115607,0.008397312859884836,0.00021684715748617405,0.001195193209351235,0.0007673357295747345,0.001195193209351235,0.0007673357295747345,0.011484563842089948,0.015635543373760174,0.33407895513847796,0.008902077151335312,0.2857142857142857
6052,mul8_194,0.2585000097751617,vgg16,mnist,vgg16mnist,2,NO,NO,1.0,0.2588650337553818,0.6562630611491806,0.656190019193858,0.30039177400577455,1.0,1.0,1.0,1.0,0.6025886919328112,1.0,0.9991610482010389,0.6706231454005934,1.0
6053,ReFAM_sta2_j2_k8_const1,0.1027999967336654,resnet18,mnist,resnet18mnist,2,NO,YES,0.034664157111104675,1.0,1.0,1.0,1.0,1.0,1.0,1.0,1.0,1.0,1.0,1.0,1.0,1.0
6054,mul8_381,0.1010999977588653,vgg16,mnist,vgg16mnist,2,NO,NO,1.0,0.25694102538659463,0.5824002856948117,0.5822936660268714,0.3034038662871408,0.03778635401930016,0.026537173640876342,0.03778635401930016,0.026537173640876342,0.5614178190205446,0.0969303667078698,0.9925115406779627,0.5593471810089021,1.0
6055,ReFAM_new_sta2_j6_k2,0.1106999963521957,vgg16,cifar,vgg16cifar,2,NO,NO,0.2608477822610627,0.08466052753929636,0.22299094194775532,0.2228886756238004,0.07391292134549644,0.007966147936552676,0.0007146582195352791,0.007966147936552676,0.0007146582195352791,0.24305223559075467,0.016440198730465833,0.5887395156478764,0.21364985163204747,0.040816285714285715
6056,ReFAM_new1_sta4_j2_k5,0.1032000035047531,resnet18,mnist,resnet18mnist,2,NO,YES,1.0,1.0,1.0,1.0,1.0,1.0,1.0,1.0,1.0,1.0,1.0,1.0,1.0,1.0
6057,ReFAM_new_sta1_j7_k1,0.2337999939918518,resnet34,cifar,resnet34cifar,2,NO,NO,0.11785813417775591,0.042786538608514,0.09593611941466924,0.09596928982725529,0.04981408711489154,0.002922486796864131,0.0004073727443051222,0.002922486796864131,0.0004073727443051222,0.16349543574748418,0.011633166729367084,0.23067407333497592,0.18991097922848665,0.04664728571428572
6058,ReFAM_sta1_j1_k9_const1,0.1000000014901161,resnet34,cifar,resnet34cifar,2,NO,YES,1.0,1.0,1.0,1.0,1.0,1.0,1.0,1.0,1.0,1.0,1.0,1.0,1.0,1.0
6059,ReFAM_new1_sta2_j3_k2,0.1013000011444091,resnet34,mnist,resnet34mnist,2,YES,YES,0.15598870699997106,0.004607928056454284,0.08302164180115608,0.08301343570057582,0.006063339843139978,1.0,1.0,1.0,1.0,0.0797513582660987,1.0,0.8113346053363036,0.04154302670623145,1.0
6060,ReFAM_new2_sta4_j3_k6,0.1022000014781951,resnet34,mnist,resnet34mnist,2,NO,NO,1.0,1.0,1.0,1.0,1.0,1.0,1.0,1.0,1.0,1.0,1.0,1.0,1.0,0.2857142857142857
6061,ReFAM_sta2_j2_k6_const1,0.1000000014901161,vgg16,cifar,vgg16cifar,2,NO,YES,0.18718644839996526,0.2457455481109724,0.42314912806317756,0.42322456813819576,0.11515202157787144,1.0,1.0,1.0,1.0,0.38302447686748564,1.0,1.0,0.3264094955489614,1.0
6062,ReFAM_sta1_j1_k4_const1,0.1023999974131584,resnet34,mnist,resnet34mnist,2,NO,YES,0.06066227494443319,0.004396956920490153,0.06408233161019271,0.0640595009596929,0.0020135282761619914,1.0,1.0,1.0,1.0,0.05559116456588334,1.0,1.0,0.04302670623145401,1.0
6063,ReFAM_sta1_j2_k2_const0,0.6517000198364258,vgg16,cifar,vgg16cifar,1,YES,NO,0.06932831422220935,0.0009744478129060199,0.03689850746718048,0.03694817658349329,0.0012822266703530292,0.004141168308137612,0.001582081218184979,0.004141168308137612,0.001582081218184979,0.0359625574137036,0.02266620089213737,0.7874723318991058,0.02967359050445104,0.14285714285714285
6064,mul8_250,0.0115000000223517,resnet34,cifar100,resnet34cifar100,2,NO,NO,0.3394920887068814,1.0,1.0,1.0,1.0,0.07523574124563884,0.03901647576922334,0.07523574124563884,0.03901647576922334,1.0,0.12745501991484684,1.0,1.0,0.4330357142857143
6065,mul8_139,0.7228000164031982,vgg16,mnist,vgg16mnist,2,NO,NO,0.41694481475200595,0.03335189635187119,0.22746182340203117,0.227447216890595,0.040814703250803164,0.01921162417994207,0.010012238741499166,0.01921162417994207,0.010012238741499166,0.2137489879471417,0.05855621838853956,0.9460596755374281,0.24629080118694363,0.14285714285714285
6066,ReFAM_new_sta2_j4_k5,0.6836000084877014,vgg16,mnist,vgg16mnist,2,NO,NO,0.5884240669610019,0.3612874732504522,0.4859783863597848,0.4858445297504798,0.30539324319542427,0.015570033985766087,0.0017260664122928236,0.015570033985766087,0.0017260664122928236,0.5105071631669272,0.02670963138126034,0.7302230349284956,0.516320474777448,0.04686314285714286
6067,mul8_338,0.1076000034809112,resnet34,cifar,resnet34cifar,2,NO,NO,0.6993493697165368,0.23688018272488726,0.4105936360288126,0.4105086372360845,0.2747120221732128,0.027505704947178418,0.018256269062673944,0.027505704947178418,0.018256269062673944,0.45916139960024865,0.07943097878337303,0.9774419708036629,0.7670623145400594,0.42857142857142855
6068,mul8_269,0.1000000014901161,vgg16,cifar,vgg16cifar,2,NO,NO,1.0,0.5860835308001936,0.8040382737591187,0.8039827255278311,0.6092581138009195,0.047379518562082286,0.03264776480545317,0.047379518562082286,0.03264776480545317,0.783761041046351,0.10904946167213056,0.9971726102600547,1.0,0.14285714285714285
6069,ReFAM_new1_sta4_j1_k5,0.1032000035047531,resnet18,mnist,resnet18mnist,2,NO,YES,1.0,1.0,1.0,1.0,1.0,1.0,1.0,1.0,1.0,1.0,1.0,1.0,1.0,1.0
6070,mul8_438,0.1027999967336654,resnet34,cifar,resnet34cifar,2,NO,NO,0.6370622124075207,0.15419506836420147,0.38351048208372307,0.3833973128598849,0.1633592212405697,0.027374712494150508,0.019150030816343377,0.027374712494150508,0.019150030816343377,0.3880385641895903,0.08116569033159564,0.9804251367878328,0.4317507418397626,0.7142857142857143
6071,mul8_303,0.7562999725341797,resnet34,cifar,resnet34cifar,2,YES,NO,0.045171729735408284,0.0013229451379512395,0.02404168377158478,0.023992322456813823,0.0017407967023253474,0.0021762815127189155,0.0005355546854011304,0.0021762815127189155,0.0005355546854011304,0.032743034279121126,0.013152158984372667,0.5249812152176082,0.04154302670623145,0.14285714285714285
6072,ReFAM_new1_sta4_j3_k4,0.1000000014901161,vgg16,cifar,vgg16cifar,2,NO,YES,1.0,1.0,1.0,1.0,1.0,1.0,1.0,1.0,1.0,1.0,1.0,1.0,1.0,1.0
6073,mul8_377,0.1000000014901161,resnet18,cifar,resnet18cifar,2,NO,NO,1.0,0.7331495069548825,0.8117204323182633,0.8116602687140115,0.7647817877306163,0.04490692308665196,0.03152748975861409,0.04490692308665196,0.03152748975861409,0.8300315784015073,0.10668102804798671,0.9966747371657684,1.0,0.15178571428571427
6074,ReFAM_sta4_j4_k5_const1,0.0979999974370002,resnet18,mnist,resnet18mnist,2,NO,YES,0.8577212375178964,0.4350899408707614,0.6696925976487268,0.6696257197696738,0.2769401195845212,1.0,1.0,1.0,1.0,0.6020334801116932,1.0,1.0,0.4807121661721068,1.0
6075,mul8_476,0.1000000014901161,vgg16,cifar,vgg16cifar,2,NO,NO,0.6443200203026582,0.16065247998879068,0.3871287165172981,0.38699616122840697,0.17166666594685984,0.027172351739128076,0.01913247164633022,0.027172351739128076,0.01913247164633022,0.39459649103108113,0.08108656837629805,0.9803783021000267,0.4406528189910979,0.7142857142857143
6076,ReFAM_new1_sta4_j3_k6,0.1032000035047531,resnet18,mnist,resnet18mnist,2,NO,YES,1.0,1.0,1.0,1.0,1.0,1.0,1.0,1.0,1.0,1.0,1.0,1.0,1.0,1.0
6077,mul8_340,0.8903999924659729,resnet18,cifar,resnet18cifar,1,NO,NO,0.018036197713287364,0.0010247703742389115,0.01814657158698621,0.018234165067178506,0.0010564933132963838,0.001783304153635176,0.00044249108433142584,0.001783304153635176,0.00044249108433142584,0.02528035419648623,0.011941443781611459,0.5244843602687089,0.03560830860534125,0.14285714285714285
6078,ReFAM_new1_sta2_j5_k2,0.1049000024795532,vgg16,cifar,vgg16cifar,2,NO,YES,0.3865053517888172,0.07494888925687208,0.24376076495506102,0.2437619961612284,0.07756626752090008,1.0,1.0,1.0,1.0,0.25668847634446196,1.0,0.6686547652258552,0.1661721068249258,1.0
6079,mul8_378,0.8108999729156494,resnet18,mnist,resnet18mnist,2,NO,NO,0.0656994137410563,0.002239969085165465,0.035269785208474645,0.035268714011516315,0.002921290083956267,0.003021860381919789,0.0008955176706707429,0.003021860381919789,0.0008955176706707429,0.04412027887876668,0.01703958486352209,0.5973153542433246,0.04747774480712166,0.14285714285714285
6080,mul8_139,0.1334999948740005,resnet18,cifar,resnet18cifar,2,NO,NO,0.41694481475200595,0.03335189635187119,0.22746182340203117,0.227447216890595,0.040814703250803164,0.01921162417994207,0.010012238741499166,0.01921162417994207,0.010012238741499166,0.2137489879471417,0.05855621838853956,0.9460596755374281,0.24629080118694363,0.14285714285714285
6081,ReFAM_new1_sta3_j3_k3,0.5138999819755554,vgg16,mnist,vgg16mnist,2,NO,YES,0.30937760221660926,0.016949142422235244,0.16627389927398203,0.16626679462571978,0.021644842588885865,1.0,1.0,1.0,1.0,0.15601919661512412,1.0,0.9192142361160603,0.08902077151335312,1.0
6082,mul8_107,0.1134999990463256,resnet34,mnist,resnet34mnist,2,NO,NO,0.4285356422860316,0.18980232203907982,0.35697369171840154,0.35700575815738966,0.1569153701572944,0.02626714871889381,0.01827734006668973,0.02626714871889381,0.01827734006668973,0.37037993889299825,0.07918689501561539,0.9834693914952279,0.45845697329376855,0.2770562857142857
6083,ReFAM_new2_sta3_j3_k4,0.1032000035047531,resnet18,mnist,resnet18mnist,2,NO,NO,0.5199623566665702,0.07654192036277482,0.2840320284653388,0.2840690978886756,0.09568275146810319,0.03945312005955188,0.06985915789732451,0.03945312005955188,0.06985915789732451,0.2919730406678454,0.15241127890937103,0.8554559356857923,0.18397626112759644,0.2857142857142857
6084,mul8_314,0.9914000034332277,resnet18,mnist,resnet18mnist,0,NO,NO,0.0,0.0,0.0,0.0,0.0,0.0,0.0,0.0,0.0,0.0,0.0,0.0,0.0,0.0
6085,ReFAM_new_sta3_j3_k3,0.7049999833106995,vgg16,cifar,vgg16cifar,0,NO,NO,0.01689877659166353,0.002369992026087178,0.02656404360293676,0.02663147792706334,0.002349428939666606,0.0019450120784075652,0.00034240381525646045,0.0019450120784075652,0.00034240381525646045,0.037508424429245416,0.010555316696822583,0.33606739307946215,0.03857566765578635,0.063492
6086,ReFAM_sta4_j3_k5_const1,0.1000000014901161,resnet18,cifar,resnet18cifar,2,NO,YES,0.5355612273665673,0.100469231651084,0.35635706600071454,0.35628598848368526,0.07589038874809315,1.0,1.0,1.0,1.0,0.31862620195433355,1.0,1.0,0.19287833827893175,1.0
6087,mul8_267,0.1137000024318695,resnet18,mnist,resnet18mnist,2,NO,NO,1.0,1.0,1.0,1.0,1.0,0.09031794126840442,0.05873015594298889,0.09031794126840442,0.05873015594298889,1.0,0.1555769035548151,1.0,1.0,1.0
6088,mul8_019,0.1134999990463256,resnet34,mnist,resnet34mnist,2,NO,NO,1.0,1.0,1.0,1.0,1.0,0.0793371601197542,0.058824975461059914,0.0793371601197542,0.058824975461059914,1.0,0.15153421949923265,1.0,1.0,1.0
6089,ReFAM_sta2_j3_k1_const1,0.2251999974250793,resnet34,mnist,resnet34mnist,2,NO,YES,0.032930949255549444,0.0004386607393065498,0.02260033582364804,0.02255278310940499,0.00032658019974065103,1.0,1.0,1.0,1.0,0.020436928453333975,1.0,0.7954260836630428,0.008902077151335312,1.0
6090,ReFAM_sta4_j2_k7_const0,0.1134999990463256,resnet34,mnist,resnet34mnist,2,YES,NO,1.0,0.43703684620283795,1.0,1.0,0.5750747168871725,0.09732377901482833,0.08417514920904719,0.09732377901482833,0.08417514920904719,1.0,0.18214172682921004,1.0,0.8545994065281899,0.14285714285714285
6091,mul8_493,0.1000000014901161,vgg16,cifar,vgg16cifar,2,NO,NO,1.0,0.364189764845999,0.6526431404538144,0.652591170825336,0.39527512395478853,0.03815222949155053,0.024612688607434905,0.03815222949155053,0.024612688607434905,0.634069007561394,0.09382744247983137,0.9857072750560489,0.7344213649851632,0.14285714285714285
6092,ReFAM_new2_sta4_j1_k4,0.1000000014901161,resnet18,cifar,resnet18cifar,2,NO,NO,1.0,1.0,1.0,1.0,1.0,1.0,1.0,1.0,1.0,1.0,1.0,1.0,1.0,0.2857142857142857
6093,ReFAM_new_sta1_j2_k2,0.7085000276565552,vgg16,cifar,vgg16cifar,0,NO,NO,0.008232737313887361,0.00018265921076096093,0.006341930970921644,0.006238003838771593,0.00021447374753878412,0.0005140324536060866,4.389792503287955e-05,0.0005140324536060866,4.389792503287955e-05,0.01074282508158053,0.003750828541230003,0.2465825950082368,0.013353115727002967,0.052478142857142855
6094,ReFAM_new2_sta3_j1_k7,0.1026000007987022,resnet18,mnist,resnet18mnist,2,NO,NO,0.9047345005998321,0.31366710824650346,0.5280292611953541,0.5280710172744721,0.3549419412189441,0.0712318891641236,0.15026084147054536,0.0712318891641236,0.15026084147054536,0.5524739325374177,0.22614771621193935,0.9982599895334655,0.37833827893175076,0.2857142857142857
6095,ReFAM_new1_sta4_j2_k1,0.1000000014901161,resnet18,cifar,resnet18cifar,2,NO,YES,1.0,1.0,1.0,1.0,1.0,1.0,1.0,1.0,1.0,1.0,1.0,1.0,1.0,1.0
6096,ReFAM_new1_sta3_j1_k7,0.0979999974370002,vgg16,mnist,vgg16mnist,2,NO,YES,0.9601971519775996,0.26814192545792676,0.5531235818981118,0.5530230326295587,0.2977074716924416,1.0,1.0,1.0,1.0,0.542961992521874,1.0,1.0,0.37833827893175076,1.0
6097,ReFAM_new2_sta3_j1_k6,0.0099999997764825,resnet34,cifar100,resnet34cifar100,2,NO,NO,0.533828019511012,0.075790385448246,0.29118471558143383,0.2912667946257198,0.0947241451322628,0.040644699683992,0.07396098001239677,0.040644699683992,0.07396098001239677,0.29503134672826503,0.15683165833646834,0.9823514678602046,0.1884272997032641,0.2857142857142857
6098,mul8_068,0.7649999856948853,vgg16,mnist,vgg16mnist,2,NO,NO,0.7210144679109773,0.1673550429266553,0.43124984115192533,0.43114203454894434,0.1725508707030275,0.028066714004628998,0.020459944899324498,0.028066714004628998,0.020459944899324498,0.4189581512585165,0.08384538674214602,0.9775356401792751,0.4755192878338279,1.0
6099,ReFAM_new_sta1_j5_k3,0.989300012588501,vgg16,mnist,vgg16mnist,0,NO,NO,0.17505399341107863,0.05775912032201361,0.1215344589700257,0.12164107485604606,0.0685047800220817,0.00435346642166561,0.0007111463855326486,0.00435346642166561,0.0007111463855326486,0.19467378708879565,0.015442217086759464,0.3281136413155253,0.26112759643916916,0.05793285714285714
6100,mul8_494,0.2951000034809112,vgg16,mnist,vgg16mnist,2,NO,NO,0.8942269279755285,0.13433029489465773,0.4797832929993288,0.47984644913627644,0.17222845207470258,0.0312873215566601,0.0174871774160979,0.0312873215566601,0.0174871774160979,0.4462975915708826,0.07884950705528983,0.9894357234635678,0.4992581602373887,0.14285714285714285
6101,mul8_449,0.1018000021576881,resnet18,cifar,resnet18cifar,2,NO,NO,1.0,0.633027501477594,0.6958351569805674,0.6957773512476008,0.6656470634001824,1.0,1.0,1.0,1.0,0.742690414148952,1.0,0.9915331029609704,1.0,1.0
6102,ReFAM_new2_sta4_j5_k3,0.101000003516674,vgg16,mnist,vgg16mnist,2,NO,NO,1.0,1.0,1.0,1.0,1.0,1.0,1.0,1.0,1.0,1.0,1.0,1.0,1.0,0.2857142857142857
6103,mul8_063,0.009800000116229,resnet34,cifar100,resnet34cifar100,2,NO,NO,0.8234903823706805,0.21463440841464346,0.5082670294213053,0.5081573896353168,0.2008780145546615,0.03209947476543317,0.02183482791135429,0.03209947476543317,0.02183482791135429,0.4762908132100031,0.08735810298394273,0.9898236368560486,0.5356083086053413,0.14285714285714285
6104,ReFAM_sta4_j4_k3_const1,0.1000000014901161,resnet34,cifar,resnet34cifar,2,NO,YES,0.2981117511555002,0.02314472779150638,0.1836853824850578,0.18378119001919385,0.01990932874424804,1.0,1.0,1.0,1.0,0.16389830112848786,1.0,0.9584881762776197,0.08902077151335312,1.0
6105,mul8_251,0.0098999999463558,resnet34,cifar100,resnet34cifar100,2,NO,NO,0.3442584103096583,1.0,1.0,1.0,1.0,1.0,1.0,1.0,1.0,1.0,1.0,1.0,1.0,1.0
6106,ReFAM_new2_sta2_j5_k4,0.1023000031709671,resnet18,mnist,resnet18mnist,2,NO,NO,0.8250069392442914,1.0,0.8221592820601317,0.8222168905950096,0.9529852067444573,0.06552784538192882,0.10930583333187008,0.06552784538192882,0.10930583333187008,0.8834077020637656,0.19394508040582098,0.7595232228781341,0.7359050445103857,0.2857142857142857
6107,mul8_365,0.6870999932289124,vgg16,cifar,vgg16cifar,0,NO,NO,0.046904937590963515,0.0011512822968945049,0.025153325106048525,0.025191938579654512,0.0015032423048416887,0.0024951803811248006,0.0006935872155194968,0.0024951803811248006,0.0006935872155194968,0.031586173124800006,0.014973456823298282,0.6246576486135914,0.040059347181008904,0.14285714285714285
6108,ReFAM_sta2_j2_k8_const0,0.1000000014901161,vgg16,cifar,vgg16cifar,2,YES,NO,1.0,1.0,1.0,1.0,1.0,0.17630319422838217,0.12217846086851168,0.17630319422838217,0.12217846086851168,1.0,0.24492425192430564,1.0,1.0,0.14285714285714285
6109,ReFAM_new2_sta3_j7_k2,0.100100003182888,vgg16,cifar,vgg16cifar,2,NO,NO,1.0,1.0,0.8060738389611577,0.8061420345489444,1.0,0.09221055636560083,0.176933220720523,0.09221055636560083,0.176933220720523,0.9534877412506916,0.2488915461922932,0.5330439085379636,0.6646884272997032,0.2857142857142857
6110,mul8_275,0.1134999990463256,resnet34,mnist,resnet34mnist,2,NO,NO,0.7470125857443058,0.35312507961174944,0.5741478939114187,0.5741362763915547,0.253437377481466,0.04193926647839889,0.03214030479207309,0.04193926647839889,0.03214030479207309,0.5368512842316299,0.1067668679051492,0.9956810272679698,0.6461424332344213,0.14285714285714285
6111,ReFAM_new2_sta1_j2_k1,0.9854000210762024,resnet18,mnist,resnet18mnist,0,NO,NO,0.010399247133331404,0.0002006216085394747,0.008302164180115607,0.008397312859884836,0.00021684715748617405,0.001195193209351235,0.0007673357295747345,0.001195193209351235,0.0007673357295747345,0.011484563842089948,0.015635543373760174,0.33407895513847796,0.008902077151335312,0.2857142857142857
6112,ReFAM_sta1_j3_k3_const1,0.1013000011444091,resnet18,cifar,resnet18cifar,2,NO,YES,0.10399247133331403,0.01774386671082465,0.12430184703006424,0.1242802303262956,0.008098180670854658,1.0,1.0,1.0,1.0,0.10888485656868244,1.0,0.9644545082459596,0.08902077151335312,1.0
6113,mul8_209,0.1010999977588653,resnet34,cifar,resnet34cifar,2,NO,NO,0.8960684613220559,0.22120681858711436,0.4949159834268435,0.49496161228406915,0.2695363981916089,0.029642237025875075,0.01617023966511151,0.029642237025875075,0.01617023966511151,0.49966007226835446,0.07570403611544042,0.9762303777930273,0.5615727002967359,0.14285714285714285
6114,ReFAM_new1_sta4_j2_k2,0.101000003516674,vgg16,mnist,vgg16mnist,2,NO,YES,1.0,1.0,1.0,1.0,1.0,1.0,1.0,1.0,1.0,1.0,1.0,1.0,1.0,1.0
6115,ReFAM_new1_sta4_j1_k7,0.1032000035047531,resnet18,mnist,resnet18mnist,2,NO,YES,1.0,1.0,1.0,1.0,1.0,1.0,1.0,1.0,1.0,1.0,1.0,1.0,1.0,1.0
